2455414.85728 14.176 0.003 3.89 204.0
2455421.83295 14.192 0.003 9.04 224.0
2455425.92319 14.172 0.003 8.72 289.0
2455426.87770 14.163 0.003 8.73 227.0
2455427.91059 14.166 0.003 4.32 407.0
2455428.81337 14.183 0.003 4.64 420.0
2455430.79454 14.197 0.003 8.95 558.0
2455432.86643 14.187 0.003 6.19 704.0
2455433.84297 14.180 0.003 5.34 677.0
2455434.81377 14.173 0.003 3.93 514.0
2455435.81023 14.165 0.003 3.83 401.0
2455436.81968 14.166 0.003 3.99 403.0
2455437.86190 14.172 0.003 3.65 388.0
2455438.79701 14.185 0.003 4.51 291.0
2455439.78422 14.193 0.003 9.20 408.0
2455443.77651 14.176 0.003 8.86 212.0
2455444.78501 14.174 0.003 5.24 292.0
2455445.74304 14.168 0.003 4.02 256.0
2455447.72940 14.177 0.003 4.34 270.0
2455448.78669 14.189 0.003 4.70 283.0
2455449.68938 14.188 0.003 8.51 227.0
2455450.73386 14.194 0.003 9.17 268.0
2455451.72560 14.180 0.003 4.51 282.0
2455453.76127 14.170 0.003 4.03 285.0
2455454.77227 14.171 0.003 4.18 362.0
2455455.73817 14.171 0.003 4.16 446.0
2455456.80501 14.183 0.003 3.68 243.0
2455457.66183 14.188 0.003 4.02 342.0
2455458.69815 14.190 0.003 4.56 423.0
2455459.69689 14.189 0.003 3.59 508.0
2455462.71139 14.177 0.003 5.64 599.0
2455463.71176 14.175 0.003 8.64 576.0
2455464.71485 14.170 0.003 9.24 424.0
2455465.81214 14.171 0.003 6.01 509.0
2455467.74923 14.191 0.003 5.20 352.0
2455468.65223 14.199 0.003 8.34 241.0
2455469.75581 14.180 0.003 3.96 349.0
2455470.72135 14.174 0.003 4.09 230.0
2455471.70436 14.170 0.003 4.45 220.0
2455472.71441 14.172 0.003 8.03 266.0
2455473.64672 14.168 0.003 8.95 237.0
2455475.83934 14.180 0.003 5.32 285.0
2455476.72980 14.188 0.003 4.43 352.0
2455477.69795 14.191 0.003 4.12 237.0
2455478.65677 14.194 0.003 4.83 279.0
2455480.66393 14.177 0.003 8.31 296.0
2455481.64075 14.169 0.003 8.68 278.0
2455482.65599 14.170 0.003 6.92 310.0
2455483.63149 14.175 0.003 8.31 349.0
2455484.65848 14.181 0.003 5.09 437.0
2455485.65843 14.190 0.003 5.09 298.0
2455486.62145 14.200 0.003 5.54 509.0
2455488.62104 14.204 0.003 4.34 678.0
2455489.64361 14.181 0.003 4.96 502.0
2455490.64055 14.171 0.003 5.07 630.0
2455491.62199 14.162 0.003 8.15 773.0
2455492.64024 14.163 0.003 4.51 688.0
2455493.63012 14.160 0.003 9.25 561.0
2455494.58439 14.175 0.003 8.72 674.0
2455496.67260 14.161 0.003 7.20 566.0
2455497.61318 14.130 0.003 9.07 386.0
2455498.62101 13.858 0.003 7.58 341.0
2455499.63155 13.621 0.003 5.27 277.0
2455502.56825 13.925 0.003 4.59 280.0
2455503.61399 13.973 0.003 5.26 282.0
2455505.61412 14.010 0.003 8.18 462.0
2455506.55541 13.988 0.003 4.76 455.0
2455507.60076 13.968 0.003 5.07 331.0
2455508.58359 13.991 0.003 7.31 306.0
2455509.57713 14.007 0.003 4.71 377.0
2455510.62094 13.998 0.003 5.47 316.0
2455511.60566 14.020 0.003 5.44 321.0
2455512.60957 14.017 0.003 8.90 319.0
2455513.59396 14.038 0.003 5.19 401.0
2455514.65453 14.051 0.003 4.85 459.0
2455515.59621 14.053 0.003 7.98 440.0
2455516.60247 14.046 0.003 3.95 364.0
2455517.58462 14.032 0.003 8.01 451.0
2455518.59357 14.031 0.003 8.17 455.0
2455519.59097 14.028 0.003 7.25 554.0
2455521.59577 14.037 0.003 8.29 652.0
2455522.63645 14.046 0.003 4.42 1174.0
2455524.57157 14.054 0.003 8.68 499.0
2455526.53706 14.050 0.003 4.41 370.0
2455528.58061 14.061 0.003 4.20 373.0
2455529.56800 14.081 0.003 8.94 296.0
2455531.54234 14.094 0.003 8.20 359.0
2455532.58171 14.102 0.003 4.69 323.0
2455533.57562 14.103 0.003 4.67 256.0
2455535.55940 14.088 0.003 7.96 353.0
2455536.57865 14.076 0.003 3.90 313.0
2455539.60324 14.106 0.003 7.78 252.0
2455541.58429 14.124 0.003 8.00 263.0
2455542.58010 14.124 0.003 8.93 335.0
2455544.57461 14.098 0.003 7.87 372.0
2455545.57728 14.103 0.003 8.61 449.0
2455546.57793 14.103 0.003 7.10 481.0
2455547.61665 14.113 0.003 8.30 455.0
2455550.63253 14.137 0.003 8.16 671.0
2455553.56422 14.119 0.003 7.78 438.0
2455556.62377 14.103 0.003 5.23 314.0
2455558.60735 14.138 0.003 6.82 265.0
2455560.60435 14.139 0.003 7.90 244.0
2455566.56477 14.144 0.003 7.08 606.0
2455569.55534 14.148 0.003 5.18 331.0
2455572.56089 14.117 0.003 5.07 275.0
2455577.55639 14.145 0.003 7.77 364.0
2455580.55628 14.128 0.003 7.99 577.0
2455591.54679 14.112 0.003 7.71 308.0
2455699.91761 14.130 0.003 8.50 967.0
2455724.89887 14.122 0.003 8.52 480.0
2455725.88232 14.131 0.003 8.37 620.0
2455726.88736 14.135 0.003 7.93 813.0
2455729.86648 14.121 0.003 8.10 945.0
2455735.93366 14.140 0.003 8.00 473.0
2455739.93517 14.121 0.003 8.89 263.0
2455741.92993 14.122 0.003 8.04 302.0
2455743.93407 14.136 0.003 8.05 443.0
2455745.88620 14.139 0.003 8.14 341.0
2455746.92510 14.134 0.003 8.16 400.0
2455756.92241 14.126 0.003 6.57 741.0
2455759.89899 14.117 0.003 4.76 668.0
2455762.86650 14.127 0.003 4.75 482.0
2455763.87595 14.130 0.003 5.63 506.0
2455764.89123 14.135 0.003 4.46 340.0
2455765.87291 14.133 0.003 7.85 404.0
2455766.88705 14.130 0.003 8.04 384.0
2455769.84363 14.137 0.003 5.73 244.0
2455770.85795 14.134 0.003 8.47 197.0
2455776.91292 14.123 0.003 8.82 321.0
2455782.90571 14.147 0.003 7.76 222.0
2455783.74986 14.137 0.003 7.47 527.0
2455784.76123 14.140 0.003 7.60 402.0
2455785.78692 14.131 0.003 7.79 475.0
2455786.83432 14.121 0.003 7.94 605.0
2455787.77010 14.122 0.003 8.17 598.0
2455791.91377 14.147 0.003 7.72 398.0
2455793.87984 14.140 0.003 8.21 329.0
2455794.85054 14.132 0.003 7.57 329.0
2455795.86647 14.129 0.003 7.99 187.0
2455796.80046 14.138 0.003 6.75 434.0
2455798.86959 14.132 0.003 8.87 217.0
2455801.81503 14.151 0.003 7.38 190.0
2455802.80194 14.146 0.003 8.06 317.0
2455803.82131 14.138 0.003 8.78 292.0
2455804.80479 14.140 0.003 8.64 367.0
2455805.79727 14.134 0.003 7.87 352.0
2455806.85292 14.133 0.003 7.62 315.0
2455807.81907 14.137 0.003 7.89 274.0
2455809.79414 14.147 0.003 8.25 221.0
2455810.71347 14.153 0.003 8.45 320.0
2455811.69622 14.152 0.003 7.80 367.0
2455812.76105 14.150 0.003 7.92 382.0
2455813.76780 14.139 0.003 3.92 422.0
2455814.76774 14.136 0.003 7.70 527.0
2455816.68542 14.129 0.003 7.77 571.0
2455817.76063 14.140 0.003 7.48 544.0
2455818.74788 14.140 0.003 7.66 512.0
2455819.75943 14.146 0.003 7.74 472.0
2455820.76027 14.155 0.003 7.61 401.0
2455822.74052 14.149 0.003 8.31 297.0
2455823.71474 14.138 0.003 8.45 233.0
2455824.73959 14.136 0.003 7.72 221.0
2455826.65997 14.138 0.003 7.64 272.0
2455827.74169 14.141 0.003 4.45 270.0
2455828.74239 14.150 0.003 4.51 260.0
2455830.71872 14.149 0.003 5.17 285.0
2455831.72422 14.127 0.003 4.31 279.0
2455832.68290 14.135 0.003 7.79 343.0
2455833.71978 14.134 0.003 7.86 250.0
2455834.72947 14.137 0.003 3.97 264.0
2455835.68866 14.135 0.003 7.49 212.0
2455836.68221 14.142 0.003 4.32 300.0
2455837.67387 14.143 0.003 7.63 250.0
2455839.69102 14.145 0.003 8.73 282.0
2455841.66856 14.144 0.003 7.79 507.0
2455843.65770 14.137 0.003 7.78 447.0
2455844.71060 14.139 0.003 7.57 483.0
2455846.70163 14.148 0.003 7.84 735.0
2455850.70123 14.148 0.003 4.93 360.0
2455851.65398 14.145 0.003 7.81 318.0
2455852.67903 14.139 0.003 7.84 307.0
2455853.73215 14.141 0.003 7.81 355.0
2455854.61165 14.157 0.003 7.57 391.0
2455856.65350 14.153 0.003 7.43 305.0
2455857.64567 14.170 0.003 8.86 252.0
2455858.69478 14.156 0.003 7.83 310.0
2455859.66055 14.138 0.003 7.66 301.0
2455860.68511 14.147 0.003 7.36 319.0
2455861.64966 14.145 0.003 7.37 296.0
2455862.63728 14.131 0.003 4.83 235.0
2455863.67454 14.144 0.003 7.54 306.0
2455864.59064 14.151 0.003 8.37 318.0
2455866.67253 14.150 0.003 4.25 331.0
2455867.61255 14.154 0.003 4.34 386.0
2455868.65346 14.154 0.003 4.68 341.0
2455869.65796 14.152 0.003 4.40 506.0
2455870.67467 14.144 0.003 4.22 403.0
2455872.58081 14.151 0.003 4.83 513.0
2455873.56450 14.153 0.003 6.73 1145.0
2455874.68312 14.158 0.003 7.71 558.0
2455875.55639 14.164 0.003 7.65 701.0
2455879.59509 14.145 0.003 7.76 499.0
2455882.58890 14.158 0.003 5.91 353.0
2455887.65033 14.145 0.003 4.55 492.0
2455888.68840 14.142 0.003 4.99 491.0
2455889.67424 14.137 0.003 5.06 454.0
2455890.67087 14.149 0.003 4.61 557.0
2455891.66319 14.152 0.003 5.35 512.0
2455893.59876 14.154 0.003 7.45 350.0
2455894.59917 14.167 0.003 7.62 319.0
2455895.57088 14.157 0.003 4.27 336.0
2455896.53997 14.157 0.003 7.21 428.0
2455897.60900 14.153 0.003 5.03 312.0
2455898.60656 14.156 0.003 6.83 458.0
2455899.60570 14.154 0.003 4.78 400.0
2455900.60769 14.155 0.003 7.55 461.0
2455901.61812 14.157 0.003 5.56 584.0
2455902.60784 14.162 0.003 6.16 620.0
2455903.64323 14.153 0.003 4.83 733.0
2455904.62355 14.150 0.003 4.50 599.0
2455905.60572 14.151 0.003 4.11 669.0
2455906.60794 14.155 0.003 7.35 752.0
2455907.61976 14.158 0.003 7.88 557.0
2455909.60361 14.156 0.003 4.69 485.0
2455910.63590 14.150 0.003 4.35 440.0
2455912.58899 14.168 0.003 5.80 429.0
2455913.61516 14.163 0.003 4.97 469.0
2455914.64667 14.161 0.003 3.77 387.0
2455915.64046 14.157 0.003 6.09 253.0
2455916.64221 14.150 0.003 7.52 320.0
2455917.65486 14.152 0.003 8.24 316.0
2455918.64278 14.150 0.003 6.35 307.0
2455924.61632 14.147 0.003 7.09 363.0
2455925.64581 14.152 0.003 7.40 412.0
2455926.65886 14.155 0.003 5.89 310.0
2455927.64313 14.156 0.003 7.04 409.0
2455929.61284 14.169 0.003 6.96 360.0
2455933.63493 14.165 0.003 7.08 780.0
2455934.65910 14.157 0.003 7.09 728.0
2455935.62800 14.166 0.003 5.15 3721.0
2455938.62121 14.160 0.003 5.04 399.0
2455941.61112 14.149 0.003 6.95 472.0
2455942.62986 14.154 0.003 4.98 367.0
2455943.64888 14.154 0.003 7.50 544.0
2455945.62100 14.139 0.003 5.92 452.0
2455946.61018 14.149 0.003 5.62 267.0
2455948.58642 14.152 0.003 7.39 262.0
2455950.58418 14.152 0.003 4.10 248.0
2455951.59266 14.150 0.003 5.84 491.0
2455954.57959 14.153 0.003 6.82 236.0
2455956.58202 14.160 0.003 5.39 274.0
2455958.58995 14.158 0.003 5.88 365.0
2455959.57986 14.155 0.003 6.75 332.0
2455961.56312 14.155 0.003 7.41 446.0
2455972.54271 14.168 0.003 6.69 297.0
2455983.51863 14.155 0.003 7.16 375.0
2455986.53215 14.160 0.003 5.67 401.0
2455993.52426 14.158 0.003 6.62 830.0
2456084.91714 14.169 0.003 7.51 679.0
2456092.94558 14.165 0.003 7.38 641.0
2456096.93607 14.182 0.003 7.44 380.0
2456109.92907 14.170 0.003 7.07 349.0
2456113.87136 14.178 0.003 7.84 994.0
2456119.90674 14.159 0.003 7.47 329.0
2456126.88869 14.167 0.003 7.54 281.0
2456133.88506 14.180 0.003 7.60 327.0
2456139.81408 14.175 0.003 7.44 502.0
2456150.84369 14.176 0.003 7.20 389.0
2456164.89538 14.027 0.003 4.93 385.0
2456172.76513 14.027 0.003 4.87 463.0
2456181.73974 14.077 0.003 4.29 281.0
2456184.68851 14.097 0.003 5.17 157.0
2456186.69878 14.127 0.003 4.00 235.0
2456191.71209 14.113 0.003 6.19 198.0
2456198.77426 14.140 0.003 7.11 462.0
2456203.73251 14.139 0.003 7.34 448.0
2456207.79937 14.162 0.003 7.48 367.0
2456211.81405 14.147 0.003 5.74 492.0
2456214.75560 14.162 0.003 6.25 298.0
2456216.76812 14.154 0.003 4.06 269.0
2456218.76226 14.135 0.003 6.33 256.0
2456220.66977 14.145 0.003 5.87 244.0
2456223.72891 14.157 0.003 6.49 431.0
2456233.71384 14.168 0.003 7.00 356.0
2456235.67031 14.155 0.003 4.63 373.0
2456237.70143 14.144 0.003 3.56 463.0
2456242.72138 14.169 0.003 5.14 336.0
2456246.52799 14.142 0.003 5.19 336.0
2456249.53397 14.161 0.003 5.34 283.0
2456252.53487 14.157 0.003 5.12 431.0
2456255.62190 14.152 0.003 4.57 392.0
2456258.62920 14.162 0.003 4.53 578.0
2456263.54263 14.154 0.003 4.71 342.0
2456268.55989 14.175 0.003 5.98 311.0
2456272.61887 14.164 0.003 4.12 262.0
2456277.56577 14.175 0.003 4.92 369.0
2456284.61682 14.161 0.003 4.71 387.0
2456287.56077 14.170 0.003 5.41 470.0
2456291.65407 14.150 0.003 6.52 561.0
2456294.59075 14.168 0.003 4.63 167.0
2456297.59841 14.172 0.003 7.75 244.0
2456306.58652 14.171 0.003 6.50 319.0
2456458.93943 14.178 0.003 4.03 466.0
2456465.94007 14.170 0.003 4.42 439.0
2456476.94303 14.167 0.003 5.26 588.0
2456483.91043 14.157 0.003 6.51 286.0
2456491.94026 14.150 0.003 4.37 403.0
2456496.87229 14.172 0.003 6.93 632.0
2456500.87063 14.146 0.003 1.43 425.0
2456509.84882 14.149 0.003 6.73 293.0
2456514.83159 14.175 0.003 6.98 287.0
2456519.85540 14.165 0.003 4.59 269.0
2456522.73620 14.184 0.003 6.77 376.0
2456525.83052 14.163 0.003 4.58 744.0
2456530.77366 14.161 0.003 6.14 192.0
2456532.76726 14.176 0.003 6.50 229.0
2456534.78886 14.164 0.003 4.34 224.0
2456538.73404 14.154 0.003 5.03 217.0
2456543.77270 14.168 0.003 4.39 242.0
2456546.80264 14.147 0.003 4.51 155.0
2456548.70727 14.161 0.003 4.56 232.0
2456553.85684 14.154 0.003 4.26 2442.0
2456555.76727 14.153 0.003 6.92 485.0
2456559.70969 14.183 0.003 5.39 213.0
2456562.68813 14.171 0.003 4.59 153.0
2456565.66421 14.163 0.003 5.15 177.0
2456570.67618 14.162 0.003 4.93 211.0
2456575.68648 14.159 0.003 3.73 215.0
2456579.65818 14.165 0.003 4.34 455.0
2456584.63728 14.147 0.003 3.97 625.0
2456592.62427 14.156 0.003 5.80 259.0
2456605.57209 14.169 0.003 6.69 297.0
2456610.56224 14.141 0.003 5.45 431.0
2456613.63525 14.158 0.003 4.78 492.0
2456616.57145 14.161 0.003 4.25 408.0
2456622.59971 14.157 0.003 5.01 212.0
2456631.60476 14.162 0.003 5.95 270.0
2456638.58018 14.147 0.003 4.38 313.0
2456645.58923 14.148 0.003 6.56 373.0
2456651.60274 14.170 0.003 6.73 228.0
2456657.58529 14.153 0.003 6.59 298.0
2456664.59960 14.161 0.003 6.61 314.0
2456669.58353 14.166 0.003 5.42 497.0
2456795.93659 14.134 0.003 4.12 1882.0
2456830.90638 14.055 0.003 8.57 384.0
2456834.93931 14.051 0.003 5.81 608.0
2456841.88961 14.086 0.003 5.75 391.0
2456851.87741 14.104 0.003 8.72 782.0
2456857.89301 14.131 0.003 3.75 406.0
2456864.92023 14.128 0.003 4.48 339.0
2456870.88279 14.117 0.003 4.56 396.0
2456872.83989 14.124 0.003 6.64 274.0
2456878.80680 14.132 0.003 7.63 608.0
2456882.81993 14.130 0.003 4.83 625.0
2456885.84530 14.139 0.003 4.43 257.0
2456888.81094 14.130 0.003 4.89 236.0
2456891.80391 14.125 0.003 8.05 399.0
2456904.72605 14.142 0.003 7.33 320.0
2456912.75220 14.133 0.003 8.23 439.0
2456920.69024 14.125 0.003 8.06 211.0
2456924.70211 14.125 0.003 8.12 183.0
2456929.71499 14.133 0.003 5.60 377.0
2456929.72267 14.139 0.003 7.78 460.0
2456932.66354 14.136 0.003 8.02 248.0
2456939.61560 14.131 0.003 7.95 633.0
2456942.65944 14.134 0.003 5.10 387.0
2456948.65119 14.122 0.003 5.17 365.0
2456951.68008 14.138 0.003 4.50 431.0
2456954.66149 14.133 0.003 4.39 369.0
2456958.67535 14.131 0.003 3.99 376.0
2456963.59333 14.126 0.003 8.37 490.0
2456966.59360 14.139 0.003 7.23 655.0
2456969.55107 14.146 0.003 8.72 465.0
2456972.59126 14.145 0.003 4.82 369.0
2456973.62306 14.141 0.003 7.71 243.0
2456976.61491 14.143 0.003 5.84 337.0
2456981.59414 14.142 0.003 4.38 371.0
2456982.60241 14.125 0.003 7.58 553.0
2456984.62713 14.142 0.003 4.59 414.0
2456987.59697 14.149 0.003 5.07 339.0
2456992.61239 14.136 0.003 5.87 362.0
2456996.56829 14.144 0.003 4.80 572.0
2456999.59428 14.134 0.003 4.68 470.0
2457003.57324 14.130 0.003 5.04 317.0
2457009.58157 14.136 0.003 4.53 283.0
2457015.61493 14.140 0.003 7.81 382.0
2457019.57165 14.127 0.003 8.53 244.0
2457026.61872 14.137 0.003 5.22 629.0
2457031.57474 14.140 0.003 5.64 589.0
2457035.56197 14.135 0.003 7.39 309.0
2457040.55525 14.149 0.003 7.69 276.0
2457043.54927 14.140 0.003 8.40 459.0
2457046.55428 14.134 0.003 4.78 202.0
2457048.55537 14.144 0.003 7.60 249.0
2457051.55269 14.144 0.003 5.50 493.0
2457192.93065 14.132 0.003 5.05 397.0
2457202.90040 14.138 0.003 7.82 454.0
2457205.90317 14.142 0.003 8.28 937.0
2457210.93664 14.130 0.003 7.85 499.0
2457221.88133 14.137 0.003 5.17 322.0
2457228.88253 14.142 0.003 7.76 356.0
2457233.85535 14.128 0.003 7.07 718.0
2457249.83245 14.127 0.003 7.94 267.0
2457255.79196 14.126 0.003 7.82 246.0
2457258.82955 14.121 0.003 4.55 245.0
2457261.83497 14.149 0.003 7.80 512.0
2457264.84014 14.135 0.003 4.72 710.0
2457267.80090 14.131 0.003 8.04 320.0
2457270.78848 14.136 0.003 8.14 277.0
2457274.80989 14.128 0.003 5.45 222.0
2457278.75882 14.139 0.003 7.84 233.0
2457286.73130 14.143 0.003 7.60 216.0
2457291.69246 14.137 0.003 7.71 576.0
2457295.69644 14.121 0.003 7.61 491.0
2457303.66399 14.142 0.003 8.59 255.0
2457307.67054 14.141 0.003 8.19 232.0
2457313.65801 14.144 0.003 7.38 266.0
2457319.66437 14.131 0.003 7.65 484.0
2457324.64289 14.140 0.003 7.81 485.0
2457333.60589 14.125 0.003 7.78 315.0
2457339.62844 14.140 0.003 4.17 256.0
2457344.64324 14.131 0.003 5.45 366.0
2457348.62937 14.137 0.003 7.57 495.0
2457354.66032 14.133 0.003 5.18 516.0
2457357.61941 14.145 0.003 5.45 326.0
2457361.60046 14.128 0.003 7.53 270.0
2457363.61566 14.133 0.003 4.51 322.0
2457366.57706 14.138 0.003 4.58 353.0
2457372.57353 14.115 0.003 7.53 239.0
2457375.58977 14.133 0.003 7.60 366.0
2457378.60976 14.128 0.003 4.34 557.0
2457383.60881 14.144 0.003 5.06 532.0
2457388.57393 14.135 0.003 6.51 264.0
2457394.56919 14.132 0.003 7.59 286.0
2457399.55336 14.124 0.003 7.64 339.0
2457403.57750 14.128 0.003 4.98 396.0
2457406.55250 14.125 0.003 7.37 367.0
2457411.54668 14.145 0.003 7.41 738.0
2457435.52650 14.128 0.003 5.80 487.0
2457441.52279 14.131 0.003 5.47 818.0
2457560.93708 14.130 0.003 5.41 640.0
2457568.89760 14.115 0.003 6.32 375.0
2457581.89417 14.117 0.003 5.37 236.0
2457584.94061 14.115 0.003 5.16 308.0
2457589.94665 14.124 0.003 5.56 1771.0
2457593.90297 14.113 0.003 4.95 340.0
2457599.90887 14.126 0.003 4.83 327.0
2457603.86003 14.123 0.003 4.77 225.0
2457607.86015 14.129 0.003 5.09 192.0
2457610.90133 14.130 0.003 3.92 373.0
2457616.84365 14.122 0.003 4.20 490.0
2457621.82716 14.116 0.003 5.26 404.0
2457624.81940 14.118 0.003 5.99 235.0
2457626.84225 14.121 0.003 4.85 362.0
2457630.79788 14.116 0.003 4.96 203.0
2457633.80086 14.113 0.003 5.41 246.0
2457637.79838 14.117 0.003 5.46 319.0
2457643.72708 14.106 0.003 1.72 351.0
2457647.74432 14.115 0.003 4.54 630.0
2457650.75190 14.117 0.003 6.76 378.0
2457653.75827 14.103 0.003 5.03 327.0
2457657.71027 14.116 0.003 4.91 233.0
2457660.70266 14.099 0.003 6.20 212.0
2457663.69457 14.123 0.003 4.43 250.0
2457667.68076 14.119 0.003 4.24 260.0
2457675.66023 14.114 0.003 6.13 1646.0
2457682.71208 14.120 0.003 4.23 355.0
2457686.69332 14.122 0.003 1.64 416.0
2457691.65120 14.115 0.003 4.17 231.0
2457697.67874 14.124 0.003 4.33 239.0
2457700.63337 14.124 0.003 6.69 438.0
2457703.60409 14.116 0.003 3.81 408.0
2457707.60359 14.119 0.003 4.51 774.0
2457710.62419 14.111 0.003 4.76 325.0
2457713.58795 14.121 0.003 4.49 217.0
2457717.62211 14.110 0.003 6.10 233.0
2457734.65271 14.120 0.003 5.09 650.0
2457738.57854 14.130 0.003 8.67 486.0
2457743.57135 14.107 0.003 8.91 355.0
2457750.57780 14.120 0.003 8.93 222.0
2457755.57786 14.111 0.003 5.06 202.0
2457760.56863 14.117 0.003 4.74 378.0
2457764.58396 14.133 0.003 5.49 616.0
2457773.55667 14.134 0.003 4.64 218.0
2457924.92863 14.121 0.003 4.20 504.0
2457934.93783 14.106 0.003 8.77 215.0
2457944.92385 14.124 0.003 4.94 520.0
2457948.90930 14.108 0.003 8.82 470.0
2457955.89357 14.124 0.003 4.22 238.0
2457959.83952 14.120 0.003 8.31 225.0
2457962.84431 14.118 0.003 8.52 351.0
2457971.80218 14.115 0.003 5.51 522.0
2457974.81923 14.121 0.003 9.25 593.0
2457979.86421 14.129 0.003 4.27 440.0
2457981.80287 14.124 0.003 9.13 423.0
2457984.86832 14.141 0.003 5.02 243.0
2457987.80620 14.128 0.003 4.76 333.0
2457992.78764 14.119 0.003 5.56 313.0
2458000.76117 14.118 0.003 9.25 515.0
2458003.78098 14.129 0.003 8.37 545.0
2458013.75442 14.125 0.003 4.97 234.0
2458018.72161 14.116 0.003 8.77 293.0
2458022.76237 14.114 0.003 4.59 250.0
2458027.71089 14.122 0.003 7.79 466.0
2458032.68084 14.128 0.003 4.60 749.0
2458035.65445 14.122 0.003 9.09 355.0
2458039.61025 14.111 0.003 8.90 293.0
2458046.65265 14.126 0.003 5.14 227.0
2458054.67537 14.120 0.003 3.95 569.0
2458062.62074 14.133 0.003 8.57 618.0
2458064.62089 14.120 0.003 7.88 482.0
2458065.65178 14.125 0.003 7.97 590.0
2458068.62809 14.121 0.003 5.26 360.0
2458072.55744 14.112 0.003 8.03 416.0
2458077.58019 14.125 0.003 7.69 347.0
2458081.56285 14.121 0.003 4.75 388.0
2458086.56049 14.114 0.003 8.18 423.0
2458091.56555 14.118 0.003 8.07 795.0
2458096.60080 14.115 0.003 5.11 328.0
2458108.63989 14.114 0.003 5.65 283.0
2458113.61225 14.117 0.003 5.07 315.0
2458118.60310 14.100 0.003 7.51 670.0
2458124.55600 13.816 0.003 8.85 183.0
2458132.64001 13.945 0.003 7.59 309.0
2458136.58943 13.953 0.003 8.08 352.0
2458141.58107 14.018 0.003 7.85 253.0
2458144.54484 14.026 0.003 5.82 461.0
2458149.54440 14.044 0.003 5.15 714.0
2458150.53495 14.055 0.003 6.66 902.0
2458286.93530 14.114 0.003 8.57 303.0
2458292.91542 14.104 0.003 8.00 408.0
2458306.93717 14.116 0.003 8.52 364.0
2458310.90054 14.117 0.003 5.12 243.0
2458314.89815 14.113 0.003 5.19 347.0
2458321.85302 14.125 0.003 7.16 442.0
2458328.85671 14.118 0.003 8.05 649.0
2458332.86548 14.100 0.003 6.11 363.0
2458340.85479 14.135 0.003 4.39 167.0
2458344.86444 14.130 0.003 5.18 203.0
2458347.83065 14.120 0.003 4.04 156.0
2458355.83482 14.128 0.003 4.44 496.0
2458358.76511 14.108 0.003 7.89 484.0
2458362.85020 14.111 0.003 7.96 290.0
2458366.82594 14.120 0.003 7.49 245.0
2458371.73344 14.102 0.003 5.32 208.0
2458375.75073 14.125 0.003 8.38 194.0
2458382.71250 14.115 0.003 4.25 557.0
2458385.75778 14.131 0.003 4.29 510.0
2458393.74478 14.116 0.003 4.77 222.0
2458401.68880 14.106 0.003 7.71 200.0
2458409.65303 14.115 0.003 7.95 331.0
2458414.65815 14.119 0.003 7.90 618.0
2458419.58742 14.115 0.003 4.99 324.0
2458426.60636 14.121 0.003 7.84 314.0
2458430.59882 14.114 0.003 7.96 235.0
2458433.60270 14.099 0.003 7.84 240.0
2458437.59294 14.107 0.003 8.46 398.0
2458441.58929 14.108 0.003 8.00 507.0
2458450.58733 14.131 0.003 3.95 230.0
2458453.59185 14.106 0.003 4.23 333.0
2458456.63552 14.108 0.003 6.11 254.0
2458461.60180 14.119 0.003 7.93 214.0
2458464.59590 14.125 0.003 4.89 290.0
2458467.60430 14.114 0.003 4.38 266.0
2458473.57921 14.115 0.003 4.38 510.0
2458478.55545 14.121 0.003 4.69 192.0
2458484.58253 14.121 0.003 4.05 180.0
2458491.58622 14.101 0.003 7.73 227.0
2458497.55705 14.105 0.003 6.63 392.0
2458504.60942 14.110 0.003 4.02 876.0
2458510.52920 14.117 0.003 8.17 795.0
2458516.60190 14.099 0.003 6.66 239.0
2458525.56681 14.112 0.003 5.35 324.0
2458666.92948 14.101 0.003 7.91 260.0
2458668.94106 14.104 0.003 5.27 431.0
2458675.87497 14.097 0.003 7.97 360.0
2458683.90561 14.093 0.003 6.89 397.0
2458692.81648 14.085 0.003 7.68 296.0
2458699.80627 14.089 0.003 5.05 223.0
2458704.85364 14.091 0.003 7.79 283.0
2458708.78881 14.082 0.003 4.82 518.0
2458713.84024 14.082 0.003 7.65 466.0
2458718.81930 14.075 0.003 7.60 341.0
2458722.75715 14.094 0.003 5.06 179.0
2458726.75477 14.101 0.003 7.51 181.0
2458730.75836 14.097 0.003 5.27 233.0
2458736.74443 14.099 0.003 6.60 384.0
2458739.78647 14.092 0.003 7.73 493.0
2458742.73023 14.097 0.003 8.03 405.0
2458748.73584 14.092 0.003 7.63 284.0
2458754.73822 14.089 0.003 4.67 284.0
2458757.71556 14.096 0.003 7.00 160.0
2458760.75986 14.101 0.003 7.06 271.0
2458763.69648 14.088 0.003 4.85 266.0
2458772.67516 14.067 0.003 6.30 397.0
2458777.65231 13.977 0.003 6.97 312.0
2458781.63479 13.888 0.003 7.18 257.0
2458784.74611 13.949 0.003 5.15 213.0
2458791.67121 13.958 0.003 7.40 381.0
2458794.59924 13.951 0.003 5.05 344.0
2458797.61417 13.947 0.003 4.68 575.0
2458800.59720 13.960 0.003 7.72 737.0
2458803.64301 13.938 0.003 7.39 394.0
2458806.63597 14.020 0.003 7.24 241.0
2458811.61301 14.058 0.003 7.46 282.0
2458815.54089 14.060 0.003 7.15 273.0
2458819.54291 14.074 0.003 6.74 246.0
2458824.60037 14.074 0.003 7.29 407.0
2458827.60206 14.083 0.003 5.86 471.0
2458831.60171 14.074 0.003 4.69 370.0
2458836.59908 14.079 0.003 4.78 295.0
2458840.60391 14.080 0.003 4.39 241.0
2458847.58066 14.096 0.003 5.04 140.0
2458853.55358 14.091 0.003 6.08 298.0
2458860.54778 14.084 0.003 7.45 324.0
2458866.64244 14.082 0.003 5.05 328.0
2458875.55260 14.085 0.003 6.94 261.0
