2455346.92112 14.691 0.003 5.39 1027.0
2455353.93132 14.694 0.003 3.97 628.0
2455362.93963 14.701 0.003 5.93 622.0
2455365.92238 14.696 0.003 6.04 580.0
2455376.92693 14.681 0.003 5.00 847.0
2455378.92811 14.683 0.003 5.07 503.0
2455380.90150 14.688 0.003 6.70 465.0
2455381.91038 14.696 0.003 6.28 684.0
2455384.93147 14.702 0.003 7.03 619.0
2455385.92333 14.705 0.003 3.95 274.0
2455386.89369 14.711 0.003 4.01 313.0
2455387.90534 14.704 0.003 3.70 354.0
2455389.87659 14.697 0.003 4.83 322.0
2455390.87906 14.700 0.003 5.47 231.0
2455391.93114 14.703 0.003 4.69 267.0
2455393.89246 14.698 0.003 7.54 355.0
2455395.87838 14.713 0.003 7.03 431.0
2455399.81719 14.707 0.003 5.01 485.0
2455400.87168 14.710 0.003 4.44 661.0
2455401.86129 14.711 0.003 6.83 718.0
2455403.85792 14.696 0.003 4.65 859.0
2455404.83949 14.696 0.003 4.34 661.0
2455405.84511 14.691 0.003 3.90 518.0
2455407.87860 14.683 0.003 6.42 470.0
2455408.83578 14.670 0.003 4.37 529.0
2455409.83729 14.645 0.003 4.25 337.0
2455410.83884 14.648 0.003 4.82 413.0
2455411.82602 14.657 0.003 5.45 400.0
2455412.81996 14.662 0.003 5.77 335.0
2455414.81944 14.668 0.003 4.00 213.0
2455421.79484 14.693 0.003 5.22 256.0
2455422.88560 14.702 0.003 4.75 378.0
2455425.87034 14.709 0.003 6.25 248.0
2455426.83649 14.709 0.003 3.89 286.0
2455427.87205 14.705 0.003 3.53 494.0
2455428.77533 14.699 0.003 5.67 449.0
2455430.75661 14.703 0.003 5.27 594.0
2455432.81173 14.705 0.003 7.28 799.0
2455433.80511 14.690 0.003 4.84 698.0
2455434.77586 14.695 0.003 3.91 536.0
2455435.77242 14.693 0.003 4.42 464.0
2455436.78179 14.705 0.003 3.53 368.0
2455437.82412 14.700 0.003 3.51 439.0
2455438.75915 14.689 0.003 4.13 318.0
2455439.73847 14.689 0.003 5.46 345.0
2455443.73863 14.672 0.003 5.34 253.0
2455444.74710 14.676 0.003 5.96 336.0
2455445.76454 14.666 0.003 4.81 306.0
2455447.75223 14.639 0.003 4.67 346.0
2455448.71584 14.631 0.003 4.57 241.0
2455449.71072 14.649 0.003 4.70 233.0
2455450.75522 14.665 0.003 5.14 282.0
2455451.68777 14.679 0.003 4.36 290.0
2455453.78271 14.684 0.003 3.52 359.0
2455454.73275 14.682 0.003 3.72 388.0
2455457.68420 14.683 0.003 3.76 357.0
2455458.71945 14.682 0.003 4.19 454.0
2455459.71932 14.690 0.003 3.71 536.0
2455462.67283 14.689 0.003 5.86 648.0
2455463.73395 14.694 0.003 5.26 623.0
2455464.76581 14.701 0.003 6.81 482.0
2455465.77324 14.694 0.003 6.27 506.0
2455467.69373 14.702 0.003 4.46 381.0
2455468.67360 14.688 0.003 5.96 303.0
2455469.71781 14.697 0.003 3.95 400.0
2455470.66816 14.694 0.003 4.78 264.0
2455471.66585 14.696 0.003 5.47 249.0
2455472.67353 14.691 0.003 5.75 311.0
2455473.69552 14.688 0.003 4.77 225.0
2455475.78922 14.698 0.003 4.73 321.0
2455476.69043 14.696 0.003 4.78 357.0
2455477.65644 14.685 0.003 3.92 313.0
2455478.61626 14.678 0.003 4.66 327.0
2455479.78757 14.683 0.003 5.64 258.0
2455480.62615 14.677 0.003 5.14 369.0
2455481.60297 14.666 0.003 6.68 353.0
2455482.61786 14.657 0.003 6.82 401.0
2455483.59368 14.633 0.003 5.56 404.0
2455484.61899 14.632 0.003 5.15 530.0
2455485.58969 14.641 0.003 5.54 488.0
2455487.63698 14.661 0.003 3.47 402.0
2455488.58302 14.669 0.003 3.72 675.0
2455489.60484 14.674 0.003 4.97 600.0
2455490.60186 14.669 0.003 4.76 641.0
2455491.58362 14.682 0.003 5.56 889.0
2455492.59478 14.668 0.003 4.86 686.0
2455493.56497 14.679 0.003 6.44 696.0
2455494.60579 14.684 0.003 5.48 637.0
2455495.59550 14.686 0.003 4.90 460.0
2455497.57494 14.693 0.003 5.43 472.0
2455498.58287 14.683 0.003 6.12 435.0
2455499.59337 14.690 0.003 5.63 368.0
2455502.59381 14.695 0.003 3.91 324.0
2455503.56435 14.694 0.003 5.33 363.0
2455504.57480 14.694 0.003 5.11 476.0
2455505.57602 14.699 0.003 5.71 492.0
2455506.57802 14.687 0.003 4.01 388.0
2455507.56260 14.691 0.003 4.93 415.0
2455508.54529 14.695 0.003 5.92 422.0
2455509.53849 14.692 0.003 4.71 474.0
2455510.58157 14.693 0.003 5.74 404.0
2455511.56738 14.694 0.003 5.09 410.0
2455512.55510 14.688 0.003 5.26 410.0
2455513.55559 14.674 0.003 5.54 414.0
2455514.61607 14.678 0.003 4.02 484.0
2455515.55768 14.690 0.003 7.01 461.0
2455516.54683 14.679 0.003 4.85 426.0
2455517.54364 14.668 0.003 5.06 463.0
2455518.55531 14.658 0.003 5.98 479.0
2455519.55276 14.655 0.003 6.51 554.0
2455521.55741 14.647 0.003 6.30 740.0
2455522.56463 14.654 0.003 3.85 1153.0
2455523.58879 14.666 0.003 5.70 555.0
2455525.52899 14.679 0.003 5.42 453.0
2455526.55814 14.685 0.003 4.80 388.0
2455527.56078 14.680 0.003 4.03 323.0
2455529.52940 14.695 0.003 5.91 385.0
2455530.57299 14.695 0.003 4.13 493.0
2455533.53699 14.692 0.003 5.19 333.0
2455534.57726 14.697 0.003 5.18 379.0
2455535.58055 14.700 0.003 5.08 410.0
2455539.56467 14.699 0.003 4.51 299.0
2455540.56991 14.703 0.003 5.13 394.0
2455542.53999 14.694 0.003 4.94 419.0
2455544.59652 14.694 0.003 4.92 415.0
2455546.53959 14.694 0.003 6.60 631.0
2455547.57803 14.692 0.003 5.08 461.0
2455550.58845 14.689 0.003 7.22 750.0
2455551.58170 14.692 0.003 5.71 917.0
2455554.57587 14.665 0.003 6.84 430.0
2455556.58525 14.639 0.003 5.52 317.0
2455558.56494 14.650 0.003 5.89 316.0
2455561.55188 14.668 0.003 6.35 391.0
2455563.55711 14.682 0.003 6.29 463.0
2455567.56045 14.688 0.003 5.16 251.0
2455570.61792 14.707 0.003 7.36 437.0
2455573.54832 14.709 0.003 5.60 339.0
2455578.54784 14.705 0.003 6.10 603.0
2455581.55078 14.700 0.003 6.33 828.0
2455583.54652 14.709 0.003 4.96 473.0
2455592.54023 14.660 0.003 5.07 288.0
2455699.87963 14.657 0.003 5.79 1054.0
2455700.93103 14.655 0.003 6.49 1610.0
2455724.85921 14.695 0.003 4.98 463.0
2455725.90398 14.685 0.003 4.57 531.0
2455727.94337 14.695 0.003 6.36 1865.0
2455729.91571 14.703 0.003 7.07 901.0
2455734.94037 14.686 0.003 5.06 585.0
2455737.91760 14.668 0.003 5.30 390.0
2455740.90720 14.641 0.003 4.87 436.0
2455740.93708 14.645 0.003 6.26 497.0
2455743.89599 14.683 0.003 5.93 467.0
2455744.91833 14.673 0.003 6.50 577.0
2455746.88726 14.680 0.003 6.63 422.0
2455753.94395 14.686 0.003 7.24 643.0
2455756.87822 14.688 0.003 7.29 907.0
2455757.84059 14.711 0.003 6.72 949.0
2455759.90805 14.706 0.003 5.12 701.0
2455761.83415 14.710 0.003 4.43 2572.0
2455762.82574 14.700 0.003 6.12 534.0
2455763.92913 14.688 0.003 6.49 460.0
2455764.84877 14.701 0.003 5.02 289.0
2455765.83397 14.691 0.003 5.49 456.0
2455766.84805 14.693 0.003 5.82 364.0
2455767.88064 14.693 0.003 6.38 392.0
2455768.87894 14.690 0.003 4.48 432.0
2455770.87982 14.671 0.003 5.00 235.0
2455776.87509 14.641 0.003 6.49 356.0
2455777.90552 14.659 0.003 5.69 330.0
2455782.86752 14.684 0.003 5.88 257.0
2455783.68363 14.688 0.003 5.78 1051.0
2455785.74884 14.681 0.003 5.52 531.0
2455786.79653 14.679 0.003 5.12 659.0
2455787.79178 14.691 0.003 4.55 620.0
2455788.80767 14.698 0.003 6.96 510.0
2455790.91010 14.682 0.003 4.86 390.0
2455793.82047 14.706 0.003 6.45 312.0
2455794.81250 14.693 0.003 5.72 318.0
2455795.82726 14.688 0.003 5.37 180.0
2455796.76134 14.690 0.003 6.65 421.0
2455798.83432 14.696 0.003 6.64 242.0
2455801.77482 14.700 0.003 6.89 200.0
2455802.76312 14.694 0.003 6.17 326.0
2455803.74849 14.688 0.003 5.10 328.0
2455804.82674 14.682 0.003 4.90 443.0
2455805.75727 14.672 0.003 4.70 398.0
2455806.76743 14.670 0.003 5.67 383.0
2455807.77942 14.676 0.003 6.57 336.0
2455809.75628 14.666 0.003 4.38 318.0
2455810.67435 14.668 0.003 4.64 358.0
2455811.65805 14.659 0.003 5.43 576.0
2455812.72296 14.648 0.003 5.74 450.0
2455813.72985 14.645 0.003 3.42 461.0
2455814.72979 14.651 0.003 6.00 514.0
2455815.77625 14.657 0.003 4.11 602.0
2455816.70701 14.672 0.003 5.25 578.0
2455817.72273 14.678 0.003 4.88 572.0
2455818.67539 14.681 0.003 5.19 669.0
2455819.72162 14.674 0.003 5.53 479.0
2455820.72219 14.668 0.003 5.39 447.0
2455822.70233 14.685 0.003 5.71 317.0
2455823.67648 14.696 0.003 5.20 281.0
2455824.70161 14.684 0.003 6.54 210.0
2455825.76426 14.689 0.003 4.59 249.0
2455826.68149 14.693 0.003 5.14 268.0
2455827.69636 14.695 0.003 4.93 297.0
2455828.69741 14.694 0.003 4.43 301.0
2455829.67814 14.689 0.003 3.84 329.0
2455830.67357 14.696 0.003 4.59 339.0
2455831.68615 14.695 0.003 4.49 309.0
2455832.64496 14.699 0.003 4.99 426.0
2455833.68176 14.699 0.003 4.23 304.0
2455835.65076 14.691 0.003 5.43 293.0
2455836.64405 14.689 0.003 4.35 326.0
2455837.63563 14.694 0.003 4.67 319.0
2455839.65281 14.682 0.003 5.08 322.0
2455840.69168 14.679 0.003 4.89 464.0
2455841.68992 14.682 0.003 5.70 517.0
2455842.71863 14.668 0.003 5.84 481.0
2455843.71281 14.673 0.003 5.29 497.0
2455844.67212 14.663 0.003 7.12 569.0
2455845.71164 14.660 0.003 7.55 655.0
2455846.66062 14.677 0.003 5.54 889.0
2455850.66294 14.645 0.003 4.93 405.0
2455851.67525 14.667 0.003 6.05 356.0
2455852.61308 14.679 0.003 5.94 403.0
2455853.69356 14.674 0.003 6.31 385.0
2455854.63316 14.667 0.003 4.58 411.0
2455855.73538 14.672 0.003 4.11 287.0
2455856.61480 14.684 0.003 5.63 357.0
2455857.60712 14.689 0.003 6.12 319.0
2455858.62601 14.679 0.003 7.13 262.0
2455860.61418 14.688 0.003 6.53 383.0
2455861.61128 14.695 0.003 4.47 352.0
2455862.59676 14.686 0.003 4.18 303.0
2455863.63565 14.685 0.003 5.43 367.0
2455864.55222 14.692 0.003 5.11 414.0
2455865.60560 14.691 0.003 4.59 482.0
2455866.58458 14.689 0.003 4.69 387.0
2455867.57306 14.696 0.003 4.31 420.0
2455868.61446 14.683 0.003 4.08 409.0
2455870.61583 14.700 0.003 3.75 457.0
2455871.55222 14.698 0.003 4.33 499.0
2455872.63136 14.681 0.003 4.01 516.0
2455873.58558 14.690 0.003 4.55 715.0
2455874.64503 14.685 0.003 6.77 608.0
2455875.63343 14.680 0.003 4.55 597.0
2455878.60180 14.666 0.003 7.44 705.0
2455881.60338 14.661 0.003 5.79 391.0
2455882.66750 14.662 0.003 4.70 442.0
2455885.65883 14.648 0.003 6.41 381.0
2455888.65592 14.671 0.003 5.08 579.0
2455889.60507 14.682 0.003 5.49 465.0
2455890.63256 14.673 0.003 4.65 514.0
2455891.59383 14.675 0.003 5.65 479.0
2455893.56012 14.672 0.003 5.61 358.0
2455894.56075 14.676 0.003 4.46 331.0
2455895.53237 14.692 0.003 4.93 349.0
2455896.56099 14.690 0.003 5.22 407.0
2455897.57039 14.676 0.003 4.46 369.0
2455898.56804 14.691 0.003 5.73 538.0
2455899.56697 14.691 0.003 5.62 511.0
2455900.56933 14.701 0.003 5.23 470.0
2455901.54337 14.694 0.003 7.31 614.0
2455902.56933 14.701 0.003 6.57 584.0
2455903.60444 14.684 0.003 4.99 795.0
2455904.58504 14.695 0.003 4.96 591.0
2455905.53846 14.701 0.003 5.40 690.0
2455906.56951 14.691 0.003 5.30 1099.0
2455907.58121 14.691 0.003 5.71 556.0
2455909.56502 14.692 0.003 5.49 405.0
2455911.54278 14.695 0.003 6.26 393.0
2455913.57641 14.682 0.003 5.38 541.0
2455914.60812 14.679 0.003 4.03 370.0
2455915.57264 14.650 0.003 4.91 275.0
2455916.57564 14.677 0.003 4.45 345.0
2455917.57548 14.660 0.003 4.60 327.0
2455918.57176 14.665 0.003 5.01 334.0
2455922.59721 14.640 0.003 4.36 330.0
2455923.57820 14.643 0.003 4.13 315.0
2455924.54597 14.675 0.003 4.37 366.0
2455925.60685 14.672 0.003 5.06 447.0
2455926.62024 14.685 0.003 7.84 384.0
2455929.57439 14.675 0.003 6.70 419.0
2455931.60220 14.673 0.003 6.33 651.0
2455932.57321 14.678 0.003 4.95 687.0
2455933.64418 14.690 0.003 5.20 928.0
2455934.62092 14.684 0.003 3.70 819.0
2455935.58943 14.684 0.003 5.48 1127.0
2455936.60296 14.679 0.003 5.14 2370.0
2455936.62642 14.682 0.003 5.05 964.0
2455937.59455 14.689 0.003 5.64 686.0
2455938.55464 14.684 0.003 6.11 429.0
2455939.61654 14.687 0.003 4.58 627.0
2455940.61592 14.686 0.003 5.08 339.0
2455941.57223 14.685 0.003 4.98 486.0
2455942.57500 14.680 0.003 4.68 348.0
2455943.61011 14.700 0.003 6.08 683.0
2455944.60369 14.685 0.003 5.28 329.0
2455945.59059 14.673 0.003 4.72 625.0
2455946.56923 14.688 0.003 5.94 333.0
2455947.59984 14.683 0.003 7.67 508.0
2455948.54777 14.679 0.003 5.63 337.0
2455950.54525 14.675 0.003 6.44 285.0
2455953.54379 14.660 0.003 4.44 495.0
2455955.57632 14.671 0.003 4.78 392.0
2455958.54838 14.632 0.003 5.44 378.0
2455964.53879 14.661 0.003 6.96 874.0
2455973.55059 14.689 0.003 5.44 297.0
2455981.52729 14.678 0.003 8.09 480.0
2455984.51922 14.682 0.003 5.14 449.0
2456083.90585 14.672 0.003 4.93 750.0
2456084.87922 14.670 0.003 6.07 768.0
2456089.94742 14.674 0.003 6.39 1597.0
2456094.93532 14.670 0.003 5.51 427.0
2456097.94762 14.626 0.003 5.60 856.0
2456110.75495 14.651 0.003 5.57 752.0
2456115.92348 14.676 0.003 5.28 520.0
2456116.86394 14.674 0.003 4.08 413.0
2456125.91348 14.679 0.003 4.12 256.0
2456131.83842 14.664 0.003 5.57 335.0
2456135.88702 14.660 0.003 5.44 344.0
2456140.79972 14.612 0.003 5.62 625.0
2456151.81780 14.711 0.003 5.46 335.0
2456159.83579 14.699 0.003 5.62 263.0
2456169.73794 14.662 0.003 4.92 771.0
2456181.70161 14.700 0.003 5.13 371.0
2456183.70664 14.716 0.003 4.52 159.0
2456187.70617 14.718 0.003 7.61 267.0
2456189.76226 14.713 0.003 7.72 252.0
2456195.78900 14.730 0.003 4.52 421.0
2456202.63243 14.725 0.003 6.34 533.0
2456207.76072 14.703 0.003 6.99 381.0
2456211.74543 14.697 0.003 4.94 347.0
2456211.77588 14.696 0.003 5.61 429.0
2456214.71601 14.749 0.003 6.67 274.0
2456216.72159 14.752 0.003 3.91 296.0
2456218.72416 14.760 0.003 6.09 291.0
2456219.73623 14.744 0.003 5.31 256.0
2456221.69540 14.738 0.003 7.23 291.0
2456232.73059 14.754 0.003 5.54 554.0
2456234.74515 14.774 0.003 5.40 460.0
2456236.70013 14.750 0.003 4.33 431.0
2456239.64826 14.766 0.003 5.85 272.0
2456245.63467 14.781 0.003 4.49 394.0
2456248.52406 14.746 0.003 5.58 310.0
2456251.52468 14.764 0.003 3.85 359.0
2456254.52894 14.774 0.003 5.92 389.0
2456257.52912 14.766 0.003 4.84 538.0
2456262.53856 14.781 0.003 6.82 354.0
2456265.61926 14.785 0.003 4.45 268.0
2456270.58499 14.784 0.003 4.10 302.0
2456275.54033 14.776 0.003 5.00 330.0
2456283.54496 14.766 0.003 4.50 427.0
2456286.54586 14.773 0.003 5.90 517.0
2456290.58163 14.790 0.003 4.29 516.0
2456293.60333 14.783 0.003 4.95 376.0
2456296.59720 14.778 0.003 5.83 365.0
2456305.54714 14.794 0.003 7.02 296.0
2456438.86217 14.729 0.003 6.52 848.0
2456452.94791 14.733 0.003 4.08 1270.0
2456463.95253 14.741 0.003 4.50 1951.0
2456464.94102 14.718 0.003 4.70 452.0
2456467.86968 14.703 0.003 7.09 674.0
2456476.90492 14.732 0.003 5.25 410.0
2456483.86653 14.746 0.003 6.41 355.0
2456491.90171 14.733 0.003 4.81 385.0
2456497.88094 14.734 0.003 5.19 556.0
2456505.87163 14.737 0.003 5.72 354.0
2456511.82643 14.727 0.003 5.27 212.0
2456518.81440 14.747 0.003 5.14 208.0
2456522.69799 14.747 0.003 4.99 463.0
2456525.79270 14.748 0.003 5.11 761.0
2456531.76432 14.760 0.003 5.99 272.0
2456532.72332 14.749 0.003 5.44 291.0
2456533.74964 14.736 0.003 4.03 224.0
2456534.75082 14.748 0.003 5.11 227.0
2456537.74842 14.759 0.003 7.13 221.0
2456539.81243 14.701 0.003 4.30 269.0
2456543.73460 14.752 0.003 4.65 233.0
2456545.70501 14.742 0.003 5.06 196.0
2456548.66891 14.746 0.003 4.72 270.0
2456555.72857 14.743 0.003 4.86 520.0
2456558.74767 14.750 0.003 3.88 391.0
2456561.71109 14.746 0.003 5.79 187.0
2456564.62402 14.749 0.003 4.34 280.0
2456569.67447 14.741 0.003 4.24 207.0
2456573.66043 14.755 0.003 4.40 250.0
2456577.70209 14.713 0.003 4.30 282.0
2456582.64072 14.735 0.003 3.62 530.0
2456586.59628 14.757 0.003 6.45 361.0
2456593.58880 14.768 0.003 6.04 325.0
2456603.52002 14.762 0.003 6.62 378.0
2456608.60887 14.740 0.003 3.94 440.0
2456611.58836 14.729 0.003 4.49 431.0
2456614.55598 14.724 0.003 5.21 542.0
2456618.53464 14.747 0.003 6.44 306.0
2456624.52894 14.768 0.003 5.88 308.0
2456633.56484 14.759 0.003 4.25 492.0
2456639.57122 14.749 0.003 5.33 402.0
2456646.58459 14.748 0.003 4.82 415.0
2456653.56916 14.750 0.003 5.17 256.0
2456658.57470 14.759 0.003 5.25 358.0
2456666.60064 14.749 0.003 5.94 308.0
2456671.55986 14.741 0.003 7.09 564.0
2456683.53982 14.722 0.003 5.95 332.0
2456083.90585 14.672 0.003 4.93 750.0
2456084.87922 14.670 0.003 6.07 768.0
2456089.94742 14.674 0.003 6.39 1597.0
2456094.93532 14.670 0.003 5.51 427.0
2456097.94762 14.626 0.003 5.60 856.0
2456110.75495 14.651 0.003 5.57 752.0
2456115.92348 14.676 0.003 5.28 520.0
2456116.86394 14.674 0.003 4.08 413.0
2456125.91348 14.679 0.003 4.12 256.0
2456131.83842 14.664 0.003 5.57 335.0
2456135.88702 14.660 0.003 5.44 344.0
2456140.79972 14.612 0.003 5.62 625.0
2456151.81780 14.711 0.003 5.46 335.0
2456159.83579 14.699 0.003 5.62 263.0
2456169.73794 14.662 0.003 4.92 771.0
2456181.70161 14.700 0.003 5.13 371.0
2456183.70664 14.716 0.003 4.52 159.0
2456187.70617 14.718 0.003 7.61 267.0
2456189.76226 14.713 0.003 7.72 252.0
2456195.78900 14.730 0.003 4.52 421.0
2456202.63243 14.725 0.003 6.34 533.0
2456207.76072 14.703 0.003 6.99 381.0
2456211.74543 14.697 0.003 4.94 347.0
2456211.77588 14.696 0.003 5.61 429.0
2456214.71601 14.749 0.003 6.67 274.0
2456216.72159 14.752 0.003 3.91 296.0
2456218.72416 14.760 0.003 6.09 291.0
2456219.73623 14.744 0.003 5.31 256.0
2456221.69540 14.738 0.003 7.23 291.0
2456232.73059 14.754 0.003 5.54 554.0
2456234.74515 14.774 0.003 5.40 460.0
2456236.70013 14.750 0.003 4.33 431.0
2456239.64826 14.766 0.003 5.85 272.0
2456245.63467 14.781 0.003 4.49 394.0
2456248.52406 14.746 0.003 5.58 310.0
2456251.52468 14.764 0.003 3.85 359.0
2456254.52894 14.774 0.003 5.92 389.0
2456257.52912 14.766 0.003 4.84 538.0
2456262.53856 14.781 0.003 6.82 354.0
2456265.61926 14.785 0.003 4.45 268.0
2456270.58499 14.784 0.003 4.10 302.0
2456275.54033 14.776 0.003 5.00 330.0
2456283.54496 14.766 0.003 4.50 427.0
2456286.54586 14.773 0.003 5.90 517.0
2456290.58163 14.790 0.003 4.29 516.0
2456293.60333 14.783 0.003 4.95 376.0
2456296.59720 14.778 0.003 5.83 365.0
2456305.54714 14.794 0.003 7.02 296.0
2456438.86217 14.729 0.003 6.52 848.0
2456452.94791 14.733 0.003 4.08 1270.0
2456463.95253 14.741 0.003 4.50 1951.0
2456464.94102 14.718 0.003 4.70 452.0
2456467.86968 14.703 0.003 7.09 674.0
2456476.90492 14.732 0.003 5.25 410.0
2456483.86653 14.746 0.003 6.41 355.0
2456491.90171 14.733 0.003 4.81 385.0
2456497.88094 14.734 0.003 5.19 556.0
2456505.87163 14.737 0.003 5.72 354.0
2456511.82643 14.727 0.003 5.27 212.0
2456518.81440 14.747 0.003 5.14 208.0
2456522.69799 14.747 0.003 4.99 463.0
2456525.79270 14.748 0.003 5.11 761.0
2456531.76432 14.760 0.003 5.99 272.0
2456532.72332 14.749 0.003 5.44 291.0
2456533.74964 14.736 0.003 4.03 224.0
2456534.75082 14.748 0.003 5.11 227.0
2456537.74842 14.759 0.003 7.13 221.0
2456539.81243 14.701 0.003 4.30 269.0
2456543.73460 14.752 0.003 4.65 233.0
2456545.70501 14.742 0.003 5.06 196.0
2456548.66891 14.746 0.003 4.72 270.0
2456555.72857 14.743 0.003 4.86 520.0
2456558.74767 14.750 0.003 3.88 391.0
2456561.71109 14.746 0.003 5.79 187.0
2456564.62402 14.749 0.003 4.34 280.0
2456569.67447 14.741 0.003 4.24 207.0
2456573.66043 14.755 0.003 4.40 250.0
2456577.70209 14.713 0.003 4.30 282.0
2456582.64072 14.735 0.003 3.62 530.0
2456586.59628 14.757 0.003 6.45 361.0
2456593.58880 14.768 0.003 6.04 325.0
2456603.52002 14.762 0.003 6.62 378.0
2456608.60887 14.740 0.003 3.94 440.0
2456611.58836 14.729 0.003 4.49 431.0
2456614.55598 14.724 0.003 5.21 542.0
2456618.53464 14.747 0.003 6.44 306.0
2456624.52894 14.768 0.003 5.88 308.0
2456633.56484 14.759 0.003 4.25 492.0
2456639.57122 14.749 0.003 5.33 402.0
2456646.58459 14.748 0.003 4.82 415.0
2456653.56916 14.750 0.003 5.17 256.0
2456658.57470 14.759 0.003 5.25 358.0
2456666.60064 14.749 0.003 5.94 308.0
2456671.55986 14.741 0.003 7.09 564.0
2456683.53982 14.722 0.003 5.95 332.0
2456793.92024 14.690 0.003 3.69 892.0
2456795.87292 14.674 0.003 5.11 963.0
2456828.94238 14.703 0.003 5.38 559.0
2456834.90155 14.700 0.003 5.24 731.0
2456840.89458 14.707 0.003 5.57 432.0
2456847.88283 14.723 0.003 3.72 376.0
2456855.92663 14.727 0.003 4.34 491.0
2456864.84338 14.709 0.003 4.96 387.0
2456870.84253 14.693 0.003 4.97 333.0
2456874.81392 14.713 0.003 6.40 269.0
2456879.81578 14.722 0.003 4.92 813.0
2456883.77605 14.723 0.003 4.51 586.0
2456887.78127 14.714 0.003 5.18 327.0
2456890.81070 14.717 0.003 5.61 402.0
2456896.77762 14.719 0.003 7.95 381.0
2456906.77314 14.675 0.003 6.73 499.0
2456910.73565 14.693 0.003 7.09 637.0
2456919.70021 14.724 0.003 5.92 239.0
2456923.69878 14.726 0.003 6.23 281.0
2456927.71151 14.725 0.003 6.67 346.0
2456931.68404 14.726 0.003 4.32 385.0
2456937.66811 14.696 0.003 4.18 699.0
2456941.63403 14.648 0.003 6.48 613.0
2456944.65542 14.701 0.003 4.14 337.0
2456950.65152 14.710 0.003 6.21 411.0
2456953.65865 14.714 0.003 4.40 318.0
2456956.62359 14.713 0.003 4.66 344.0
2456961.70087 14.714 0.003 5.45 417.0
2456965.56571 14.717 0.003 5.41 630.0
2456969.60249 14.715 0.003 5.74 572.0
2456973.55800 14.689 0.003 6.16 340.0
2456977.57751 14.645 0.003 6.25 328.0
2456980.55535 14.687 0.003 5.15 465.0
2456984.58784 14.696 0.003 4.45 419.0
2456988.61116 14.707 0.003 5.02 408.0
2456994.56843 14.703 0.003 4.78 486.0
2456998.57201 14.705 0.003 5.56 790.0
2457001.63938 14.712 0.003 5.97 481.0
2457006.54113 14.697 0.003 5.70 531.0
2457011.57022 14.685 0.003 5.36 378.0
2457013.54927 14.647 0.003 7.01 379.0
2457017.54026 14.676 0.003 5.81 394.0
2457025.54616 14.694 0.003 5.14 724.0
2457029.54315 14.691 0.003 4.29 631.0
2457033.55206 14.700 0.003 6.32 508.0
2457039.54860 14.684 0.003 4.97 540.0
2457044.53912 14.675 0.003 5.64 344.0
2457190.93738 14.646 0.003 5.01 703.0
2457197.94393 14.594 0.003 8.14 590.0
2457204.87967 14.643 0.003 4.87 961.0
2457205.86538 14.635 0.003 5.07 1017.0
2457210.89854 14.656 0.003 5.03 566.0
2457217.92038 14.653 0.003 6.94 359.0
2457223.91497 14.641 0.003 6.63 333.0
2457229.88435 14.621 0.003 4.78 407.0
2457235.84709 14.619 0.003 4.69 777.0
2457249.79367 14.639 0.003 5.56 282.0
2457253.82900 14.642 0.003 5.18 246.0
2457258.79139 14.630 0.003 4.73 257.0
2457262.79276 14.626 0.003 4.91 573.0
2457265.79055 14.606 0.003 5.04 523.0
2457268.80931 14.565 0.003 4.36 368.0
2457274.77189 14.608 0.003 7.31 234.0
2457277.78454 14.610 0.003 7.70 248.0
2457287.70473 14.629 0.003 7.82 279.0
2457293.72508 14.634 0.003 4.21 926.0
2457298.71212 14.622 0.003 6.42 431.0
2457306.70614 14.537 0.003 6.00 321.0
2457312.64066 14.612 0.003 6.18 400.0
2457313.62727 14.613 0.003 5.65 360.0
2457316.60448 14.634 0.003 7.87 613.0
2457317.62773 14.622 0.003 5.69 529.0
2457318.63744 14.630 0.003 5.97 485.0
2457321.62598 14.622 0.003 5.44 746.0
2457324.60434 14.633 0.003 6.40 555.0
2457325.62198 14.629 0.003 4.91 478.0
2457327.66284 14.619 0.003 6.02 349.0
2457331.64417 14.619 0.003 4.68 409.0
2457332.62213 14.613 0.003 5.49 294.0
2457333.61239 14.619 0.003 5.07 345.0
2457334.55674 14.610 0.003 5.03 395.0
2457339.58943 14.625 0.003 4.90 349.0
2457344.60480 14.595 0.003 5.72 392.0
2457345.60568 14.602 0.003 5.47 450.0
2457348.59105 14.595 0.003 7.22 547.0
2457353.64580 14.620 0.003 5.85 712.0
2457354.61915 14.620 0.003 4.75 522.0
2457357.58034 14.613 0.003 5.20 407.0
2457361.56199 14.612 0.003 5.26 311.0
2457364.56107 14.624 0.003 6.14 432.0
2457367.59364 14.599 0.003 5.09 310.0
2457374.59359 14.596 0.003 5.10 380.0
2457378.54358 14.518 0.003 4.60 589.0
2457383.56982 14.572 0.003 5.17 518.0
2457387.59518 14.616 0.003 5.09 293.0
2457390.54909 14.616 0.003 5.65 417.0
2457396.54516 14.617 0.003 6.33 390.0
2457401.53517 14.607 0.003 9.05 660.0
2457404.54178 14.609 0.003 4.44 476.0
2457407.55219 14.602 0.003 3.76 456.0
2457415.52959 14.502 0.003 6.03 587.0
2457433.52107 14.628 0.003 3.99 1040.0
2457557.94803 14.698 0.003 5.08 1766.0
2457560.89890 14.677 0.003 6.10 681.0
2457567.94022 14.729 0.003 5.59 521.0
2457576.93159 14.752 0.003 6.62 360.0
2457583.88131 14.752 0.003 6.33 255.0
2457587.91271 14.746 0.003 5.69 476.0
2457593.86501 14.749 0.003 6.36 359.0
2457601.84608 14.787 0.003 5.63 344.0
2457604.81148 14.785 0.003 5.37 233.0
2457611.80827 14.786 0.003 5.08 288.0
2457617.81151 14.786 0.003 5.08 564.0
2457621.76715 14.791 0.003 6.79 385.0
2457624.78128 14.775 0.003 6.37 315.0
2457629.79915 14.762 0.003 5.96 213.0
2457632.76785 14.763 0.003 4.82 306.0
2457636.77177 14.777 0.003 7.11 249.0
2457639.74813 14.791 0.003 4.77 219.0
2457646.72308 14.775 0.003 5.67 595.0
2457649.74790 14.775 0.003 4.14 537.0
2457652.70658 14.784 0.003 4.21 305.0
2457656.69267 14.791 0.003 4.55 303.0
2457659.69702 14.791 0.003 4.37 338.0
2457662.71548 14.780 0.003 5.78 248.0
2457666.66769 14.732 0.003 5.27 274.0
2457671.69228 14.767 0.003 4.35 332.0
2457681.71227 14.766 0.003 4.97 447.0
2457686.64359 14.763 0.003 6.51 472.0
2457690.68043 14.761 0.003 5.08 396.0
2457697.63911 14.748 0.003 4.04 341.0
2457700.59521 14.759 0.003 5.75 482.0
2457704.54954 14.687 0.003 4.79 711.0
2457708.57136 14.734 0.003 4.82 630.0
2457712.57842 14.739 0.003 7.45 311.0
2457714.61523 14.743 0.003 7.25 290.0
2457716.59502 14.739 0.003 6.60 372.0
2457724.58158 14.728 0.003 5.39 252.0
2457734.58800 14.739 0.003 5.50 642.0
2457739.55552 14.675 0.003 6.06 343.0
2457744.61109 14.724 0.003 6.24 197.0
2457754.56644 14.736 0.003 5.04 325.0
2457758.56448 14.726 0.003 4.59 424.0
2457763.58026 14.727 0.003 4.45 762.0
2457767.54888 14.725 0.003 5.36 544.0
2457772.56781 14.756 0.003 7.46 423.0
2457923.93347 14.879 0.003 5.64 503.0
2457932.94551 14.864 0.003 6.81 804.0
2457944.86252 14.880 0.003 6.29 587.0
2457948.87154 14.888 0.003 5.80 489.0
2457952.90528 14.865 0.003 7.32 290.0
2457957.93706 14.861 0.003 6.65 319.0
2457960.92458 14.860 0.003 4.96 301.0
2457964.92017 14.868 0.003 4.83 416.0
2457971.85081 14.862 0.003 5.44 585.0
2457973.81467 14.860 0.003 6.51 777.0
2457980.78132 14.851 0.003 5.22 481.0
2457986.76646 14.836 0.003 4.87 294.0
2457991.80417 14.826 0.003 5.23 260.0
2457994.77025 14.809 0.003 5.88 382.0
2458001.74527 14.815 0.003 4.72 575.0
2458004.73610 14.824 0.003 5.67 580.0
2458010.71892 14.809 0.003 7.14 245.0
2458017.77438 14.789 0.003 6.96 324.0
2458020.76608 14.792 0.003 4.00 266.0
2458027.64561 14.771 0.003 6.64 559.0
2458031.79467 14.764 0.003 6.28 847.0
2458034.70833 14.762 0.003 7.12 491.0
2458037.67203 14.754 0.003 6.42 327.0
2458040.77939 14.772 0.003 5.32 298.0
2458284.94089 14.824 0.003 5.38 400.0
2458291.92683 14.833 0.003 4.46 372.0
2458306.88427 14.816 0.003 6.67 402.0
2458311.88029 14.818 0.003 4.32 406.0
2458312.89346 14.810 0.003 4.29 265.0
2458318.90622 14.808 0.003 7.54 315.0
2458328.81908 14.793 0.003 6.50 696.0
2458332.82757 14.792 0.003 4.90 380.0
2458335.84729 14.806 0.003 5.27 460.0
2458336.87688 14.790 0.003 3.68 442.0
2458340.81663 14.797 0.003 4.82 235.0
2458344.77203 14.787 0.003 4.34 231.0
2458347.75908 14.777 0.003 4.62 184.0
2458355.79650 14.779 0.003 3.91 529.0
2458358.79106 14.761 0.003 6.34 579.0
2458362.80007 14.760 0.003 6.99 317.0
2458366.85058 14.768 0.003 5.47 276.0
2458371.75512 14.771 0.003 5.09 243.0
2458376.72904 14.769 0.003 6.43 320.0
2458383.68208 14.767 0.003 4.84 532.0
2458385.71914 14.763 0.003 4.45 538.0
2458393.70664 14.750 0.003 4.55 194.0
2458406.64482 14.740 0.003 7.90 295.0
2458410.64028 14.745 0.003 4.62 397.0
2458415.59519 14.745 0.003 6.44 776.0
2458423.59152 14.745 0.003 5.43 321.0
2458427.57820 14.738 0.003 4.81 298.0
2458432.57488 14.711 0.003 5.20 262.0
2458436.52884 14.734 0.003 6.79 392.0
2458440.58190 14.719 0.003 3.59 468.0
2458444.63418 14.719 0.003 4.62 760.0
2458448.55464 14.715 0.003 3.76 274.0
2458451.56113 14.712 0.003 4.49 473.0
2458454.56612 14.698 0.003 4.60 292.0
2458457.60836 14.696 0.003 6.65 344.0
2458461.55924 14.692 0.003 6.33 268.0
2458465.56581 14.697 0.003 4.39 218.0
2458468.56394 14.683 0.003 5.38 346.0
2458474.56910 14.698 0.003 5.57 582.0
2458479.56876 14.727 0.003 4.71 227.0
2458487.54857 14.708 0.003 5.65 299.0
2458491.54782 14.697 0.003 5.58 287.0
2458496.57067 14.700 0.003 5.50 279.0
2458500.54570 14.702 0.003 6.04 403.0
2458504.57115 14.685 0.003 4.04 921.0
2458510.57653 14.734 0.003 5.44 270.0
2458516.56275 14.717 0.003 5.84 328.0
2458643.92589 15.114 0.003 5.20 364.0
2458648.93713 15.133 0.003 5.40 387.0
2458650.93033 15.142 0.003 6.66 733.0
2458655.93249 15.198 0.003 5.29 568.0
2458663.91107 15.205 0.003 7.84 373.0
2458667.88386 15.257 0.003 5.77 325.0
2458669.88801 15.267 0.003 5.64 264.0
2458676.87489 15.285 0.003 5.26 366.0
2458683.86432 15.243 0.003 7.21 426.0
2458691.89084 15.319 0.003 4.32 316.0
2458695.83727 15.333 0.003 4.39 290.0
2458701.81111 15.327 0.003 5.09 350.0
2458705.79734 15.344 0.003 5.91 273.0
2458711.80470 15.364 0.003 5.79 1193.0
2458715.78165 15.377 0.003 4.53 318.0
2458719.79025 15.362 0.003 4.51 256.0
2458723.75351 15.355 0.003 4.27 242.0
2458727.73681 15.301 0.003 5.35 231.0
2458734.71257 15.312 0.003 7.24 365.0
2458738.72215 15.293 0.003 6.54 608.0
2458741.70254 15.327 0.003 5.60 538.0
2458746.74106 15.325 0.003 6.20 309.0
2458750.69781 15.312 0.003 5.90 209.0
2458755.70242 15.346 0.003 4.77 288.0
2458759.65313 15.232 0.003 7.02 292.0
2458762.63878 15.232 0.003 6.48 319.0
2458764.64126 15.233 0.003 6.87 343.0
2458768.63489 15.206 0.003 6.77 515.0
2458772.69664 15.221 0.003 6.92 479.0
2458774.65228 15.240 0.003 6.12 400.0
2458775.61032 15.229 0.003 7.27 272.0
2458777.62270 15.217 0.003 6.48 329.0
2458780.58355 15.257 0.003 4.83 477.0
2458783.62979 15.249 0.003 4.02 211.0
2458786.58330 15.223 0.003 6.38 287.0
2458791.60538 15.240 0.003 5.39 384.0
2458794.56085 15.259 0.003 4.45 391.0
2458797.57562 15.276 0.003 4.10 644.0
2458800.61929 15.294 0.003 5.59 854.0
2458803.60410 15.248 0.003 7.43 427.0
2458806.59695 15.311 0.003 4.59 293.0
2458810.57539 15.165 0.003 4.04 343.0
2458816.55641 15.137 0.003 5.25 375.0
2458821.55586 15.124 0.003 6.78 355.0
2458824.56080 15.105 0.003 5.04 424.0
2458827.56340 15.101 0.003 6.22 526.0
2458831.56029 15.075 0.003 5.01 370.0
2458836.56043 15.060 0.003 4.77 333.0
2458840.56544 15.034 0.003 5.24 280.0
2458844.56257 15.028 0.003 5.29 214.0
2458848.59528 15.010 0.003 4.79 320.0
2458857.58161 14.994 0.003 6.03 726.0
2458862.59319 14.994 0.003 4.87 419.0
2458869.57546 14.967 0.003 6.70 294.0
