2452086.92886 14.569 0.002 5.85 815.0
2452104.86099 14.557 0.002 5.74 440.0
2452106.92089 14.563 0.002 5.90 620.0
2452113.84132 14.571 0.002 6.83 559.0
2452114.85557 14.576 0.002 6.75 610.0
2452115.91948 14.571 0.002 6.92 673.0
2452116.90195 14.576 0.002 6.83 469.0
2452117.90764 14.571 0.002 6.52 498.0
2452122.84019 14.571 0.002 5.86 1894.0
2452123.85186 14.572 0.002 4.47 1047.0
2452124.90910 14.571 0.002 4.91 1233.0
2452127.92480 14.593 0.003 8.48 1039.0
2452128.85517 14.579 0.002 6.09 1096.0
2452129.88733 14.568 0.002 4.57 1039.0
2452130.83621 14.574 0.002 5.68 942.0
2452131.82971 14.573 0.002 5.90 659.0
2452132.83589 14.574 0.002 5.90 683.0
2452133.92450 14.585 0.002 6.91 856.0
2452134.84083 14.587 0.002 6.20 707.0
2452135.87602 14.584 0.002 5.07 822.0
2452136.87654 14.571 0.002 6.41 789.0
2452137.91916 14.569 0.002 6.81 859.0
2452140.84509 14.571 0.002 7.10 586.0
2452141.87843 14.582 0.002 7.36 832.0
2452142.89135 14.574 0.002 4.97 959.0
2452143.85211 14.570 0.002 5.12 853.0
2452144.81687 14.566 0.002 4.35 460.0
2452155.90853 14.570 0.003 7.23 1106.0
2452156.85506 14.571 0.002 5.35 766.0
2452160.78480 14.589 0.002 7.13 460.0
2452162.79136 14.578 0.002 5.39 411.0
2452165.77517 14.571 0.002 6.57 482.0
2452166.78614 14.577 0.002 5.62 413.0
2452167.75693 14.573 0.002 5.65 495.0
2452168.74346 14.573 0.002 6.32 409.0
2452171.76949 14.552 0.002 5.70 484.0
2452172.77606 14.571 0.002 4.69 579.0
2452173.73818 14.567 0.002 5.30 557.0
2452177.66980 14.564 0.002 6.32 598.0
2452183.72925 14.571 0.003 8.20 824.0
2452184.73120 14.569 0.002 7.35 810.0
2452185.69466 14.562 0.002 6.54 810.0
2452186.71958 14.560 0.002 7.28 775.0
2452187.67723 14.564 0.002 6.50 864.0
2452189.72135 14.567 0.003 8.49 906.0
2452190.72123 14.559 0.002 5.55 643.0
2452192.69079 14.568 0.002 4.39 445.0
2452193.71178 14.560 0.002 3.60 562.0
2452194.68300 14.569 0.002 4.76 548.0
2452200.69548 14.558 0.002 4.91 666.0
2452201.74914 14.570 0.002 4.65 400.0
2452206.63497 14.564 0.002 6.50 871.0
2452211.67361 14.556 0.002 4.69 812.0
2452212.67270 14.520 0.003 7.06 867.0
2452213.68366 14.561 0.002 4.79 1136.0
2452214.67003 14.562 0.002 5.64 1068.0
2452215.68533 14.565 0.002 4.28 1079.0
2452217.66297 14.566 0.002 5.53 1104.0
2452219.70613 14.524 0.003 7.18 788.0
2452222.75538 14.553 0.002 6.00 641.0
2452223.69511 14.543 0.003 9.99 0.0
2452225.62463 14.552 0.002 3.96 752.0
2452226.67098 14.549 0.002 5.83 701.0
2452228.58638 14.564 0.002 5.39 730.0
2452230.52369 14.560 0.002 6.05 948.0
2452232.53742 14.564 0.002 5.74 770.0
2452234.57950 14.550 0.002 4.31 730.0
2452236.56900 14.554 0.002 4.76 806.0
2452238.57439 14.547 0.002 5.16 755.0
2452241.56118 14.551 0.002 5.52 845.0
2452243.59947 14.556 0.002 4.47 884.0
2452248.64388 14.536 0.002 4.31 741.0
2452250.62205 14.539 0.002 4.07 876.0
2452253.60092 14.555 0.002 4.97 608.0
2452256.58005 14.539 0.002 5.03 752.0
2452258.62050 14.539 0.002 4.30 538.0
2452263.61177 14.570 0.002 7.79 528.0
2452265.63776 14.549 0.002 5.11 611.0
2452270.59595 14.538 0.002 4.41 720.0
2452272.59401 14.547 0.002 4.34 1071.0
2452274.57785 14.538 0.002 5.05 1092.0
2452276.54537 14.548 0.002 5.15 855.0
2452280.55795 14.537 0.002 5.70 944.0
2452285.59640 14.533 0.002 4.87 630.0
2452289.59333 14.532 0.002 5.05 536.0
2452291.59403 14.541 0.002 5.23 558.0
2452293.59472 14.542 0.002 5.05 729.0
2452295.59103 14.540 0.002 4.95 689.0
2452297.59420 14.530 0.002 4.90 599.0
2452299.59068 14.545 0.002 5.30 913.0
2452301.58335 14.536 0.002 5.59 844.0
2452460.91587 14.523 0.003 7.38 974.0
2452466.86683 14.517 0.002 6.09 950.0
2452467.93072 14.511 0.002 6.09 570.0
2452469.92999 14.506 0.002 4.33 496.0
2452471.91956 14.510 0.002 5.44 627.0
2452472.90961 14.511 0.001 4.51 615.0
2452473.93580 14.502 0.002 4.56 665.0
2452481.89505 14.493 0.002 5.27 1064.0
2452483.91870 14.503 0.002 3.91 659.0
2452486.91885 14.507 0.002 6.28 866.0
2452488.93421 14.504 0.002 5.88 933.0
2452490.79641 14.510 0.003 7.25 731.0
2452492.93310 14.508 0.002 5.68 678.0
2452495.92829 14.499 0.001 5.17 686.0
2452496.93290 14.498 0.002 3.50 1220.0
2452498.80420 14.511 0.002 4.46 793.0
2452499.88914 14.499 0.002 4.20 636.0
2452500.89760 14.500 0.002 4.57 794.0
2452501.88433 14.497 0.002 4.36 753.0
2452502.86450 14.502 0.002 5.19 799.0
2452508.77508 14.515 0.003 6.57 1559.0
2452516.80655 14.498 0.002 5.02 996.0
2452517.85331 14.499 0.002 4.87 937.0
2452518.82568 14.500 0.002 6.08 604.0
2452519.82390 14.492 0.002 4.07 828.0
2452520.82208 14.487 0.002 4.33 813.0
2452521.81525 14.498 0.002 4.70 555.0
2452524.81379 14.493 0.002 5.79 737.0
2452526.80757 14.496 0.002 4.08 444.0
2452529.80381 14.492 0.002 3.94 788.0
2452534.86444 14.499 0.002 6.52 659.0
2452535.80207 14.499 0.002 5.09 808.0
2452537.73215 14.503 0.002 6.14 966.0
2452538.83240 14.495 0.002 5.32 1102.0
2452539.72960 14.504 0.002 4.71 928.0
2452540.77289 14.493 0.002 5.84 909.0
2452541.74148 14.493 0.002 4.70 767.0
2452542.71127 14.494 0.002 4.75 620.0
2452544.69203 14.497 0.002 4.98 483.0
2452545.70475 14.498 0.002 4.41 597.0
2452547.72272 14.493 0.002 4.64 598.0
2452548.74151 14.486 0.002 5.39 533.0
2452550.73679 14.487 0.002 5.66 556.0
2452551.72333 14.483 0.002 5.78 399.0
2452552.73930 14.481 0.002 5.11 499.0
2452553.68009 14.492 0.002 6.40 503.0
2452554.73244 14.482 0.002 4.53 567.0
2452555.74034 14.486 0.002 4.95 493.0
2452556.71945 14.489 0.002 4.87 541.0
2452557.73198 14.481 0.002 4.31 477.0
2452558.68842 14.483 0.002 4.27 893.0
2452559.64543 14.484 0.002 4.70 820.0
2452560.67844 14.488 0.002 4.80 559.0
2452561.72406 14.487 0.002 6.13 631.0
2452562.69674 14.479 0.002 4.68 899.0
2452563.70472 14.475 0.002 4.58 824.0
2452564.72111 14.480 0.002 4.93 833.0
2452565.71626 14.485 0.002 4.80 888.0
2452566.69121 14.482 0.002 4.32 940.0
2452568.76763 14.483 0.002 5.00 1355.0
2452571.67761 14.475 0.002 5.24 687.0
2452572.75211 14.482 0.002 6.39 753.0
2452573.69019 14.474 0.002 5.59 966.0
2452574.67015 14.475 0.002 4.23 617.0
2452576.70488 14.471 0.002 5.89 598.0
2452577.66993 14.471 0.002 5.75 886.0
2452578.65746 14.471 0.002 4.82 920.0
2452579.66798 14.468 0.002 5.66 786.0
2452580.67609 14.469 0.002 4.56 873.0
2452583.64815 14.476 0.002 5.36 947.0
2452584.65460 14.473 0.002 4.46 807.0
2452586.65580 14.473 0.002 4.47 758.0
2452587.63846 14.485 0.002 4.75 657.0
2452589.62933 14.480 0.002 4.19 949.0
2452590.64610 14.482 0.002 4.35 744.0
2452591.67228 14.487 0.002 4.60 1132.0
2452593.63553 14.476 0.002 3.91 962.0
2452594.64157 14.481 0.002 5.22 994.0
2452596.61520 14.471 0.002 5.10 1014.0
2452597.60238 14.461 0.002 3.72 1654.0
2452598.68256 14.481 0.002 4.35 1313.0
2452599.63663 14.472 0.002 4.60 1279.0
2452607.65672 14.476 0.002 5.25 786.0
2452610.57807 14.472 0.002 5.52 918.0
2452613.57185 14.466 0.002 6.02 678.0
2452615.60230 14.476 0.002 5.89 505.0
2452619.58677 14.476 0.002 5.94 689.0
2452621.59592 14.463 0.002 4.98 903.0
2452625.57850 14.465 0.002 5.61 973.0
2452627.54918 14.456 0.002 7.03 1014.0
2452630.56300 14.463 0.002 5.92 891.0
2452635.57671 14.463 0.002 5.45 649.0
2452637.57157 14.458 0.002 6.25 444.0
2452640.54192 14.454 0.002 4.63 1226.0
2452642.58165 14.462 0.002 5.91 901.0
2452646.59303 14.454 0.002 4.71 968.0
2452651.56770 14.452 0.002 6.05 1032.0
2452654.59519 14.457 0.002 5.28 1007.0
2452657.54718 14.456 0.002 6.18 1060.0
2452661.55321 14.450 0.002 4.34 506.0
2452664.58415 14.466 0.002 6.48 1017.0
2452667.54294 14.457 0.002 5.87 588.0
2452668.57008 14.467 0.002 7.18 877.0
2452672.56209 14.460 0.002 4.84 1490.0
2452676.55227 14.460 0.002 4.63 729.0
2452679.56698 14.473 0.002 4.35 867.0
2452683.54595 14.470 0.002 6.61 1067.0
2452777.93270 14.433 0.002 5.62 1401.0
2452804.86124 14.453 0.002 4.37 2361.0
2452805.87853 14.466 0.003 6.47 1575.0
2452811.93365 14.472 0.002 5.57 1300.0
2452815.90734 14.450 0.002 4.59 746.0
2452825.93921 14.471 0.002 6.10 919.0
2452830.84647 14.465 0.001 5.24 837.0
2452831.81612 14.473 0.002 4.40 1429.0
2452832.78917 14.479 0.002 4.10 1177.0
2452833.89466 14.483 0.002 5.33 1271.0
2452834.94529 14.480 0.002 3.84 1487.0
2452836.90362 14.485 0.002 5.79 2328.0
2452838.84669 14.494 0.002 5.14 1215.0
2452840.85436 14.497 0.002 4.58 756.0
2452843.85571 14.488 0.002 4.10 799.0
2452844.90142 14.483 0.002 4.49 753.0
2452845.94844 14.490 0.003 7.32 1924.0
2452849.88495 14.484 0.002 4.94 875.0
2452850.91770 14.467 0.002 5.52 710.0
2452852.84632 14.479 0.002 6.02 972.0
2452854.85766 14.497 0.002 6.50 612.0
2452857.86504 14.506 0.002 5.31 648.0
2452858.93865 14.491 0.002 4.10 1392.0
2452860.90462 14.496 0.002 4.50 550.0
2452861.77610 14.491 0.002 3.86 813.0
2452862.89947 14.494 0.002 5.00 1074.0
2452863.86415 14.499 0.002 5.75 1468.0
2452865.82384 14.493 0.002 4.35 845.0
2452867.81326 14.485 0.002 3.77 684.0
2452868.81686 14.478 0.002 3.66 777.0
2452869.80338 14.470 0.002 3.88 820.0
2452870.84495 14.474 0.002 3.98 749.0
2452871.88802 14.478 0.002 3.88 885.0
2452872.84482 14.481 0.002 3.88 686.0
2452875.83572 14.497 0.002 5.05 762.0
2452876.80514 14.497 0.002 4.57 535.0
2452879.73164 14.504 0.002 4.41 431.0
2452883.85489 14.485 0.002 3.86 666.0
2452885.79021 14.480 0.002 4.22 368.0
2452890.72108 14.485 0.002 5.04 1162.0
2452893.77254 14.500 0.002 3.56 914.0
2452895.82175 14.490 0.002 3.82 867.0
2452897.72529 14.490 0.002 5.12 543.0
2452899.76292 14.491 0.002 4.27 607.0
2452903.78198 14.482 0.001 3.69 382.0
2452906.73098 14.490 0.002 4.49 436.0
2452908.70798 14.489 0.002 5.60 491.0
2452910.70286 14.501 0.002 5.11 573.0
2452912.70819 14.501 0.002 4.07 558.0
2452916.72094 14.499 0.002 4.10 509.0
2452918.69783 14.482 0.002 4.09 971.0
2452922.69781 14.469 0.002 4.15 1123.0
2452924.63875 14.469 0.002 4.24 736.0
2452926.63279 14.488 0.002 4.45 969.0
2452929.69399 14.503 0.002 5.55 618.0
2452931.66993 14.497 0.002 3.65 547.0
2452933.68036 14.493 0.002 3.47 528.0
2452935.64470 14.491 0.002 5.49 677.0
2452937.67029 14.482 0.002 6.62 767.0
2452939.68575 14.467 0.002 5.08 648.0
2452940.66292 14.472 0.002 4.20 434.0
2452941.63818 14.469 0.002 3.68 479.0
2452942.66298 14.468 0.002 4.60 705.0
2452943.63433 14.477 0.002 4.80 829.0
2452944.61869 14.486 0.002 4.93 839.0
2452946.61344 14.499 0.002 5.57 859.0
2452947.64506 14.498 0.002 4.94 833.0
2452949.62608 14.484 0.002 3.72 1058.0
2452950.57761 14.490 0.002 3.84 1195.0
2452951.65822 14.495 0.002 4.13 1211.0
2452953.60616 14.496 0.002 3.40 1575.0
2452955.59124 14.488 0.002 6.45 817.0
2452957.60486 14.461 0.002 4.08 594.0
2452960.62398 14.494 0.002 6.49 651.0
2452962.65913 14.478 0.002 3.84 940.0
2452965.66180 14.481 0.002 4.43 604.0
2452968.62413 14.493 0.002 4.27 1128.0
2452970.64294 14.482 0.002 4.22 699.0
2452972.64756 14.486 0.002 5.15 768.0
2452975.55560 14.488 0.002 3.87 932.0
2452977.65141 14.494 0.002 5.37 829.0
2452979.59130 14.501 0.002 4.54 1026.0
2452981.63858 14.503 0.003 6.70 1542.0
2452983.57209 14.517 0.002 5.95 876.0
2452986.58867 14.509 0.002 4.63 558.0
2452988.56065 14.511 0.002 4.89 591.0
2452991.59046 14.498 0.002 5.51 449.0
2452994.57533 14.495 0.002 5.38 574.0
2452997.58793 14.503 0.002 4.83 546.0
2453000.57995 14.524 0.002 5.18 531.0
2453003.56193 14.519 0.002 4.83 741.0
2453006.54920 14.519 0.002 4.20 753.0
2453009.54449 14.515 0.002 5.70 923.0
2453013.54686 14.505 0.002 4.74 733.0
2453015.58212 14.503 0.002 5.45 460.0
2453018.55923 14.510 0.002 5.77 749.0
2453020.59494 14.535 0.002 4.74 545.0
2453022.54859 14.527 0.002 6.90 634.0
2453024.54762 14.529 0.002 5.55 817.0
2453025.60720 14.520 0.002 4.80 570.0
2453027.63269 14.513 0.002 4.38 570.0
2453029.60438 14.513 0.002 6.21 604.0
2453031.60918 14.502 0.002 5.55 508.0
2453034.53942 14.516 0.002 4.76 583.0
2453037.55858 14.522 0.002 5.56 875.0
2453179.92091 14.519 0.002 3.89 626.0
2453183.94060 14.548 0.002 6.81 595.0
2453193.90852 14.524 0.002 4.12 630.0
2453196.88062 14.527 0.002 7.02 580.0
2453197.94302 14.515 0.002 5.36 990.0
2453202.86851 14.526 0.002 4.51 644.0
2453203.90859 14.529 0.002 3.47 530.0
2453206.84640 14.523 0.001 5.70 498.0
2453210.92241 14.505 0.002 4.68 632.0
2453211.87698 14.504 0.002 5.82 471.0
2453215.81219 14.518 0.002 6.51 866.0
2453216.75805 14.507 0.002 4.91 1591.0
2453217.80803 14.519 0.002 5.75 880.0
2453223.86416 14.535 0.002 5.85 568.0
2453228.78286 14.529 0.002 6.21 541.0
2453229.86467 14.517 0.002 4.30 502.0
2453231.84617 14.524 0.002 6.65 808.0
2453238.78305 14.532 0.002 6.36 450.0
2453239.82662 14.528 0.002 5.17 474.0
2453240.81932 14.535 0.002 6.27 463.0
2453241.80280 14.515 0.002 4.71 588.0
2453242.74678 14.518 0.002 7.18 533.0
2453243.87940 14.527 0.002 7.39 460.0
2453244.85797 14.519 0.002 6.37 701.0
2453245.80573 14.511 0.002 6.19 649.0
2453246.79849 14.518 0.002 6.01 679.0
2453247.80684 14.518 0.002 5.52 930.0
2453249.75715 14.513 0.002 5.38 745.0
2453251.77075 14.513 0.002 4.37 433.0
2453254.75846 14.518 0.002 4.74 350.0
2453257.78272 14.519 0.002 4.34 364.0
2453259.69544 14.538 0.002 5.84 304.0
2453261.73149 14.526 0.002 4.28 422.0
2453263.72872 14.520 0.002 3.49 432.0
2453265.75008 14.522 0.002 4.96 463.0
2453267.73686 14.513 0.002 4.92 486.0
2453269.83135 14.525 0.002 7.71 457.0
2453270.69029 14.518 0.002 6.07 512.0
2453271.69317 14.516 0.002 6.36 553.0
2453273.65150 14.527 0.002 6.45 729.0
2453275.64635 14.529 0.002 6.62 821.0
2453276.74078 14.518 0.002 5.39 1003.0
2453277.77942 14.510 0.002 5.11 893.0
2453279.71102 14.516 0.002 4.40 519.0
2453281.66962 14.508 0.002 4.11 438.0
2453283.67130 14.517 0.001 3.40 371.0
2453287.63743 14.507 0.002 5.97 428.0
2453289.65237 14.507 0.002 4.54 346.0
2453291.59046 14.519 0.002 6.97 469.0
2453293.62596 14.528 0.002 7.07 288.0
2453295.64387 14.520 0.001 4.04 307.0
2453298.58178 14.510 0.001 4.83 462.0
2453300.58406 14.517 0.002 5.46 705.0
2453302.56103 14.512 0.002 5.08 789.0
2453305.66111 14.503 0.002 4.39 736.0
2453307.57337 14.506 0.002 5.94 959.0
2453309.59841 14.504 0.002 3.91 672.0
2453311.55003 14.501 0.002 5.22 602.0
2453314.59300 14.505 0.002 6.11 777.0
2453320.63081 14.494 0.002 4.20 552.0
2453323.57823 14.492 0.002 4.73 501.0
2453327.58576 14.498 0.002 3.89 521.0
2453330.58126 14.494 0.002 4.66 845.0
2453335.62523 14.502 0.002 4.71 1077.0
2453338.57091 14.494 0.002 4.70 604.0
2453350.54522 14.497 0.002 4.36 543.0
2453353.60382 14.490 0.002 4.81 471.0
2453359.58568 14.484 0.002 4.46 630.0
2453363.58771 14.495 0.002 5.07 795.0
2453367.64734 14.493 0.002 5.26 1020.0
2453372.58082 14.487 0.002 4.91 552.0
2453376.55696 14.493 0.002 4.57 638.0
2453380.54334 14.491 0.002 5.68 690.0
2453386.59028 14.482 0.002 4.15 500.0
2453395.53809 14.485 0.002 6.09 983.0
2453398.58578 14.480 0.002 6.38 800.0
2453402.58303 14.489 0.002 4.41 570.0
2453543.89658 14.464 0.002 5.26 1023.0
2453551.92011 14.462 0.002 4.78 691.0
2453558.90365 14.465 0.002 4.46 438.0
2453562.89076 14.463 0.002 3.69 568.0
2453568.88187 14.450 0.002 3.69 799.0
2453570.84292 14.476 0.002 6.04 852.0
2453571.83383 14.475 0.002 5.89 804.0
2453573.87955 14.465 0.002 6.33 901.0
2453575.83531 14.460 0.002 4.35 561.0
2453577.89168 14.465 0.002 5.84 543.0
2453578.92775 14.455 0.002 4.49 565.0
2453579.83277 14.451 0.002 4.63 386.0
2453581.90186 14.445 0.002 4.83 766.0
2453582.85814 14.457 0.002 4.65 761.0
2453583.86838 14.449 0.002 4.63 451.0
2453584.83863 14.452 0.002 4.67 592.0
2453585.88952 14.451 0.002 4.10 357.0
2453586.84166 14.447 0.001 3.69 309.0
2453588.85993 14.462 0.002 4.70 529.0
2453590.81599 14.466 0.002 4.02 457.0
2453592.78075 14.458 0.002 3.81 353.0
2453594.82024 14.464 0.002 5.05 388.0
2453600.90602 14.459 0.002 5.83 1892.0
2453602.76459 14.449 0.002 5.12 1024.0
2453607.84838 14.456 0.002 5.91 314.0
2453614.82059 14.454 0.002 4.14 270.0
2453617.80437 14.453 0.002 4.89 381.0
2453619.78250 14.455 0.002 3.74 504.0
2453621.77498 14.447 0.002 4.38 365.0
2453630.65377 14.454 0.002 5.33 929.0
2453632.65108 14.445 0.002 7.02 809.0
2453634.72398 14.448 0.002 4.81 425.0
2453637.68279 14.453 0.002 5.20 533.0
2453639.73273 14.445 0.001 3.44 378.0
2453641.72950 14.467 0.002 6.95 336.0
2453643.82794 14.468 0.002 7.13 488.0
2453644.76859 14.452 0.001 3.58 493.0
2453646.69964 14.453 0.002 6.15 417.0
2453650.72085 14.447 0.002 5.29 407.0
2453652.65597 14.440 0.002 3.62 395.0
2453654.63430 14.449 0.002 3.62 533.0
2453656.65798 14.443 0.002 4.07 536.0
2453657.71569 14.452 0.002 4.58 590.0
2453658.69298 14.454 0.002 4.91 569.0
2453659.67331 14.459 0.002 5.89 918.0
2453661.62201 14.450 0.002 5.35 870.0
2453663.64496 14.451 0.002 4.61 853.0
2453665.67727 14.460 0.002 4.90 547.0
2453668.62641 14.462 0.002 5.80 390.0
2453670.57713 14.458 0.002 6.30 504.0
2453672.61658 14.455 0.002 5.08 624.0
2453674.67542 14.454 0.002 3.41 566.0
2453676.61585 14.441 0.002 4.18 574.0
2453682.59255 14.444 0.002 5.15 884.0
2453684.58548 14.436 0.002 3.59 671.0
2453686.57536 14.436 0.002 3.39 941.0
2453688.54843 14.441 0.002 3.81 860.0
2453690.55431 14.446 0.002 4.55 842.0
2453692.60689 14.439 0.002 4.35 774.0
2453694.59344 14.441 0.002 4.75 611.0
2453696.58957 14.437 0.002 3.51 507.0
2453698.62818 14.452 0.002 6.34 681.0
2453700.63333 14.445 0.002 5.66 571.0
2453702.62424 14.446 0.002 4.78 541.0
2453704.62477 14.447 0.002 4.71 464.0
2453706.63964 14.439 0.002 3.94 531.0
2453708.62106 14.444 0.002 5.64 522.0
2453712.57756 14.423 0.002 4.28 585.0
2453714.58024 14.438 0.002 4.75 645.0
2453718.56370 14.440 0.002 4.35 749.0
2453721.59590 14.443 0.002 4.40 1048.0
2453725.62476 14.426 0.002 4.09 625.0
2453730.54901 14.425 0.002 4.13 421.0
2453734.61972 14.424 0.002 4.16 468.0
2453738.57175 14.426 0.002 6.67 473.0
2453742.56894 14.413 0.002 5.33 810.0
2453747.56968 14.422 0.002 6.04 857.0
2453751.57748 14.409 0.002 5.51 1406.0
2453757.54516 14.454 0.002 8.65 534.0
2453762.55545 14.430 0.002 6.85 801.0
2453766.56068 14.427 0.002 4.74 553.0
2453772.58746 14.426 0.002 4.48 498.0
2453777.53478 14.419 0.002 5.38 855.0
2453871.90682 14.432 0.002 5.84 1116.0
2453902.92716 14.438 0.002 5.28 668.0
2453907.92195 14.444 0.002 5.35 599.0
2453913.94752 14.431 0.002 3.77 1035.0
2453918.91736 14.442 0.002 4.51 486.0
2453932.86852 14.454 0.002 4.28 806.0
2453934.88688 14.450 0.002 4.28 654.0
2453936.89519 14.470 0.002 4.39 526.0
2453938.87926 14.446 0.002 5.16 516.0
2453945.88616 14.448 0.002 3.88 575.0
2453950.83105 14.435 0.002 5.29 433.0
2453957.78658 14.462 0.002 6.12 937.0
2453959.77600 14.450 0.002 5.39 664.0
2453961.77017 14.460 0.002 5.78 694.0
2453964.77840 14.439 0.001 4.00 255.0
2453966.77066 14.446 0.002 4.26 399.0
2453968.76436 14.443 0.002 4.08 508.0
2453970.75601 14.443 0.001 4.03 345.0
2453973.72534 14.450 0.002 6.07 373.0
2453975.73760 14.457 0.002 5.17 457.0
2453980.67286 14.447 0.002 5.58 615.0
2453981.67260 14.446 0.002 4.63 461.0
2453982.73693 14.456 0.002 6.07 776.0
2453986.71028 14.434 0.002 4.55 793.0
2453991.73950 14.459 0.002 6.73 417.0
2453994.65190 14.447 0.002 5.53 451.0
2453998.68230 14.467 0.002 6.73 489.0
2454001.65311 14.457 0.002 4.15 413.0
2454003.62454 14.455 0.002 4.26 515.0
2454004.70432 14.468 0.002 4.30 443.0
2454005.69850 14.463 0.002 4.16 429.0
2454007.59176 14.471 0.002 4.07 632.0
2454008.60065 14.465 0.001 3.90 384.0
2454011.65112 14.462 0.002 4.64 496.0
2454014.63354 14.447 0.002 5.51 836.0
2454016.63035 14.436 0.002 4.86 692.0
2454018.62675 14.437 0.002 4.06 599.0
2454020.63020 14.444 0.002 6.57 511.0
2454023.61607 14.463 0.002 5.33 693.0
2454025.61641 14.461 0.002 4.31 750.0
2454027.60452 14.465 0.002 4.42 586.0
2454029.58684 14.461 0.002 4.63 600.0
2454031.57393 14.470 0.002 4.16 540.0
2454033.66816 14.444 0.002 5.00 622.0
2454038.56335 14.443 0.002 6.93 374.0
2454040.54361 14.444 0.002 4.96 684.0
2454042.57152 14.449 0.002 4.20 818.0
2454044.59452 14.455 0.002 7.46 827.0
2454046.62763 14.465 0.002 5.90 828.0
2454049.53950 14.463 0.002 3.83 614.0
2454051.58914 14.455 0.002 5.33 516.0
2454053.63652 14.445 0.002 4.07 413.0
2454055.52920 14.443 0.002 6.01 637.0
2454057.60456 14.444 0.002 5.53 672.0
2454059.60298 14.449 0.002 4.34 653.0
2454063.54979 14.441 0.002 3.93 682.0
2454065.60009 14.453 0.002 4.70 405.0
2454067.59093 14.453 0.002 4.72 536.0
2454069.54378 14.459 0.002 4.70 655.0
2454071.55461 14.459 0.002 3.87 823.0
2454074.55072 14.467 0.002 5.08 788.0
2454077.55245 14.475 0.002 4.35 531.0
2454079.55264 14.476 0.002 5.79 505.0
2454082.55395 14.459 0.002 4.71 567.0
2454085.63130 14.452 0.002 6.22 585.0
2454092.58677 14.441 0.001 3.97 437.0
2454097.62930 14.477 0.002 6.75 551.0
2454100.62076 14.452 0.002 4.81 665.0
2454105.58477 14.433 0.002 4.29 595.0
2454111.62120 14.441 0.001 4.25 429.0
2454115.54066 14.461 0.002 6.16 517.0
2454120.57159 14.456 0.002 5.59 439.0
2454124.58863 14.433 0.002 4.88 515.0
2454128.60700 14.434 0.002 4.80 601.0
2454253.87645 14.397 0.002 6.34 1519.0
2454255.87472 14.400 0.002 4.80 1139.0
2454268.93305 14.395 0.002 4.21 813.0
2454275.94799 14.388 0.002 5.17 1184.0
2454279.84483 14.387 0.002 4.69 1923.0
2454282.83623 14.411 0.002 4.38 1031.0
2454283.85527 14.406 0.002 5.17 1226.0
2454284.88571 14.403 0.002 5.57 1274.0
2454289.86032 14.394 0.002 4.95 737.0
2454292.89358 14.407 0.002 4.41 634.0
2454295.88706 14.414 0.002 4.29 692.0
2454296.91754 14.412 0.002 3.85 399.0
2454297.94949 14.412 0.002 5.38 1750.0
2454299.88435 14.397 0.002 4.19 397.0
2454300.90609 14.405 0.002 3.52 822.0
2454301.92463 14.393 0.002 5.24 366.0
2454302.94653 14.388 0.002 5.48 1064.0
2454306.94324 14.395 0.002 6.12 1106.0
2454307.85783 14.392 0.002 4.17 505.0
2454308.68603 14.394 0.002 4.16 857.0
2454308.89396 14.399 0.002 4.65 636.0
2454310.86610 14.397 0.002 4.06 1120.0
2454311.86598 14.411 0.002 5.97 1444.0
2454312.92813 14.410 0.002 4.33 612.0
2454316.85511 14.408 0.002 5.20 892.0
2454320.88244 14.412 0.002 5.61 628.0
2454326.86466 14.404 0.002 6.05 611.0
2454327.88694 14.408 0.002 6.04 1008.0
2454328.85696 14.421 0.002 5.11 970.0
2454329.85769 14.431 0.002 5.16 858.0
2454330.88763 14.426 0.002 6.33 451.0
2454332.90380 14.433 0.002 5.57 801.0
2454334.88084 14.440 0.002 6.73 666.0
2454339.87743 14.435 0.002 5.85 1052.0
2454340.80413 14.429 0.002 3.98 1330.0
2454341.79696 14.432 0.002 4.43 1114.0
2454342.87120 14.431 0.002 4.70 1071.0
2454343.79056 14.434 0.002 4.98 852.0
2454344.77263 14.426 0.002 4.39 764.0
2454346.72889 14.430 0.002 5.52 614.0
2454348.73472 14.440 0.002 4.80 547.0
2454350.71139 14.450 0.002 4.23 413.0
2454353.66950 14.442 0.002 5.17 765.0
2454354.79087 14.431 0.002 5.01 580.0
2454357.77454 14.455 0.002 7.72 447.0
2454359.72850 14.447 0.002 5.92 621.0
2454362.67613 14.490 0.002 6.88 783.0
2454363.63544 14.503 0.002 6.19 468.0
2454365.69381 14.501 0.002 6.99 716.0
2454369.68775 14.487 0.002 5.18 1337.0
2454371.67675 14.483 0.002 5.70 853.0
2454376.68020 14.452 0.002 6.40 417.0
2454378.64686 14.471 0.002 6.37 477.0
2454379.67813 14.463 0.002 6.59 593.0
2454381.63727 14.489 0.002 6.00 953.0
2454382.71584 14.489 0.002 5.35 457.0
2454386.69009 14.484 0.002 5.77 412.0
2454388.69084 14.476 0.002 5.97 442.0
2454390.69965 14.453 0.002 4.24 544.0
2454393.69415 14.461 0.002 5.22 769.0
2454396.66875 14.474 0.002 5.35 809.0
2454398.67374 14.489 0.002 4.81 1075.0
2454400.69824 14.492 0.002 5.13 800.0
2454404.67526 14.473 0.002 6.09 744.0
2454407.66312 14.480 0.002 6.29 543.0
2454410.69303 14.487 0.002 4.81 820.0
2454415.67937 14.463 0.002 4.93 787.0
2454418.62491 14.464 0.002 4.31 557.0
2454421.68272 14.475 0.002 5.23 519.0
2454423.68716 14.474 0.002 5.44 757.0
2454426.56336 14.476 0.002 5.94 887.0
2454428.58005 14.484 0.002 5.69 1051.0
2454430.64021 14.478 0.002 5.36 1045.0
2454432.62615 14.480 0.002 4.78 719.0
2454434.63138 14.486 0.002 5.06 659.0
2454436.60773 14.478 0.002 5.08 633.0
2454438.67037 14.483 0.002 6.80 816.0
2454440.60347 14.471 0.002 7.58 646.0
2454442.56500 14.447 0.002 6.00 730.0
2454444.58976 14.463 0.002 7.15 847.0
2454450.62223 14.474 0.002 7.51 674.0
2454452.59974 14.477 0.002 5.45 813.0
2454454.53681 14.469 0.002 5.13 973.0
2454455.60889 14.460 0.002 5.25 743.0
2454457.54444 14.463 0.002 5.92 916.0
2454459.56451 14.471 0.002 6.31 817.0
2454462.59595 14.468 0.002 6.34 718.0
2454466.62009 14.462 0.002 6.64 727.0
2454471.55474 14.466 0.002 6.34 643.0
2454475.54881 14.471 0.002 6.05 509.0
2454480.58984 14.458 0.002 6.35 737.0
2454482.59678 14.462 0.002 6.76 1111.0
2454485.60664 14.458 0.002 6.25 1131.0
2454488.60208 14.473 0.002 6.76 1404.0
2454609.92442 14.452 0.002 4.18 1167.0
2454643.90859 14.463 0.002 6.16 638.0
2454650.94747 14.489 0.002 4.39 1413.0
2454655.92692 14.466 0.002 4.21 731.0
2454662.80529 14.458 0.002 3.41 738.0
2454662.92211 14.461 0.002 3.65 639.0
2454663.77690 14.461 0.002 5.41 1031.0
2454663.92474 14.460 0.002 5.50 1079.0
2454665.85001 14.460 0.002 5.02 1248.0
2454665.94382 14.462 0.002 4.70 1594.0
2454666.94299 14.458 0.002 5.35 1233.0
2454670.93211 14.466 0.002 4.72 777.0
2454671.90202 14.465 0.002 5.60 704.0
2454676.93232 14.471 0.002 6.44 950.0
2454677.84795 14.465 0.002 4.57 459.0
2454682.82234 14.460 0.002 5.55 549.0
2454684.86024 14.456 0.002 4.84 779.0
2454686.82021 14.456 0.002 4.31 417.0
2454688.83616 14.466 0.002 4.01 599.0
2454690.76180 14.471 0.002 4.58 410.0
2454691.76483 14.467 0.002 5.45 608.0
2454693.91978 14.474 0.002 6.58 1042.0
2454696.91654 14.482 0.002 6.80 1014.0
2454697.83195 14.464 0.002 6.80 803.0
2454698.78154 14.463 0.002 4.00 379.0
2454699.77568 14.465 0.002 4.58 605.0
2454700.81039 14.465 0.002 4.70 540.0
2454701.81829 14.465 0.002 5.83 469.0
2454703.77751 14.456 0.002 5.83 468.0
2454704.79624 14.458 0.002 4.76 338.0
2454705.80375 14.461 0.002 5.79 459.0
2454707.79617 14.458 0.002 5.17 401.0
2454709.75197 14.468 0.002 5.28 448.0
2454710.78053 14.466 0.002 6.18 397.0
2454715.76054 14.474 0.002 7.08 421.0
2454716.84376 14.458 0.002 5.06 428.0
2454717.71370 14.454 0.002 5.11 683.0
2454719.80110 14.464 0.002 5.27 781.0
2454721.79398 14.466 0.002 5.82 546.0
2454724.67650 14.469 0.002 4.47 1122.0
2454725.75601 14.479 0.002 4.36 793.0
2454728.76153 14.472 0.002 4.87 559.0
2454733.73816 14.461 0.002 5.06 408.0
2454740.67973 14.459 0.002 6.62 364.0
2454741.71508 14.449 0.002 4.75 336.0
2454747.61931 14.460 0.002 4.55 603.0
2454749.61897 14.463 0.002 5.50 717.0
2454753.68996 14.450 0.002 7.32 815.0
2454755.68198 14.443 0.002 4.37 755.0
2454757.66644 14.431 0.002 3.53 752.0
2454759.68115 14.448 0.002 4.04 441.0
2454761.64956 14.441 0.002 3.96 361.0
2454763.66680 14.452 0.002 6.83 416.0
2454767.60768 14.451 0.002 5.68 661.0
2454770.67628 14.451 0.002 6.66 810.0
2454772.61399 14.442 0.002 5.33 480.0
2454774.56856 14.443 0.002 4.94 660.0
2454776.56013 14.439 0.002 4.74 754.0
2454777.66209 14.434 0.002 4.86 647.0
2454780.53078 14.436 0.002 4.87 757.0
2454781.64473 14.441 0.002 4.36 807.0
2454783.59386 14.440 0.002 4.83 946.0
2454785.62927 14.448 0.002 6.04 876.0
2454787.58141 14.437 0.002 4.61 1758.0
2454789.56033 14.444 0.002 3.68 630.0
2454791.54190 14.439 0.002 6.00 670.0
2454793.54926 14.452 0.002 5.68 618.0
2454795.56197 14.447 0.002 4.06 585.0
2454797.55423 14.456 0.002 4.61 534.0
2454798.61755 14.443 0.002 5.70 622.0
2454800.66494 14.443 0.002 5.28 833.0
2454802.57402 14.451 0.002 4.65 626.0
2454803.55605 14.448 0.002 5.05 651.0
2454804.61115 14.459 0.002 6.21 997.0
2454805.53878 14.447 0.002 5.44 622.0
2454805.59798 14.441 0.002 5.08 621.0
2454806.58287 14.450 0.002 5.67 555.0
2454806.62294 14.451 0.002 6.16 610.0
2454807.53582 14.456 0.002 6.73 776.0
2454807.60948 14.444 0.002 6.80 803.0
2454808.57861 14.444 0.002 5.31 783.0
2454808.62014 14.441 0.002 5.39 765.0
2454809.56515 14.444 0.002 5.31 663.0
2454809.63423 14.431 0.002 5.00 722.0
2454810.54278 14.430 0.002 5.05 848.0
2454811.58703 14.429 0.002 5.14 945.0
2454812.62761 14.437 0.002 7.00 1091.0
2454813.56398 14.424 0.002 5.48 854.0
2454815.59989 14.428 0.002 5.58 906.0
2454816.54697 14.433 0.002 5.82 565.0
2454818.59723 14.434 0.002 5.77 669.0
2454820.53874 14.450 0.002 5.17 658.0
2454822.59545 14.440 0.002 5.92 469.0
2454824.58028 14.434 0.002 6.18 675.0
2454826.63995 14.435 0.002 6.17 602.0
2454833.57937 14.424 0.002 6.01 507.0
2454835.60259 14.422 0.002 5.73 701.0
2454837.61352 14.428 0.002 7.60 883.0
2454841.58992 14.441 0.002 5.70 1116.0
2454843.58411 14.443 0.002 6.19 1104.0
2454844.53978 14.441 0.002 5.93 658.0
2454846.59322 14.434 0.002 6.13 567.0
2454847.54394 14.427 0.002 6.46 1004.0
2454848.62944 14.430 0.002 5.40 513.0
2454849.54099 14.434 0.002 6.49 756.0
2454849.64449 14.421 0.002 5.54 717.0
2454850.58423 14.421 0.002 5.95 527.0
2454850.61693 14.433 0.002 5.20 551.0
2454850.64737 14.439 0.002 5.46 581.0
2454854.60822 14.432 0.002 5.83 473.0
2454856.62540 14.422 0.002 5.26 725.0
2454862.57329 14.437 0.002 5.89 427.0
2454868.56364 14.431 0.002 5.87 701.0
2454948.92118 14.468 0.002 4.81 1275.0
2454954.92531 14.456 0.002 5.98 1287.0
