2455260.61630 13.510 0.003 6.04 393.0
2455261.53130 13.516 0.003 5.19 358.0
2455262.62793 13.514 0.003 5.84 329.0
2455263.60875 13.528 0.003 6.26 389.0
2455264.59655 13.515 0.003 5.10 349.0
2455265.52552 13.507 0.003 5.21 387.0
2455266.59036 13.537 0.003 7.20 281.0
2455267.60272 13.522 0.003 5.46 529.0
2455268.58634 13.534 0.003 6.28 435.0
2455269.55557 13.514 0.003 5.51 441.0
2455270.57266 13.520 0.003 5.00 297.0
2455271.56452 13.537 0.003 5.47 350.0
2455273.55346 13.515 0.003 5.90 289.0
2455274.58446 13.538 0.003 5.57 420.0
2455275.56790 13.528 0.003 5.15 298.0
2455276.56354 13.521 0.003 4.86 302.0
2455279.55197 13.536 0.003 6.16 431.0
2455280.55023 13.534 0.003 5.83 426.0
2455281.52719 13.519 0.003 5.28 523.0
2455282.54612 13.529 0.003 4.91 591.0
2455283.49774 13.513 0.003 6.06 667.0
2455286.53298 13.525 0.003 4.52 856.0
2455288.54384 13.527 0.003 4.82 622.0
2455291.53534 13.525 0.003 5.59 417.0
2455294.56712 13.524 0.003 5.60 497.0
2455295.48833 13.524 0.003 5.78 519.0
2455296.57828 13.534 0.003 6.74 455.0
2455298.55895 13.524 0.003 6.79 550.0
2455301.51908 13.508 0.003 6.09 436.0
2455306.51650 13.523 0.003 4.79 600.0
2455307.54457 13.532 0.003 6.96 447.0
2455310.54464 13.500 0.003 6.29 615.0
2455313.49373 13.502 0.003 6.78 855.0
2455314.50842 13.501 0.003 6.76 1072.0
2455321.47060 13.515 0.003 6.09 608.0
2455323.48996 13.508 0.003 5.42 688.0
2455324.48909 13.521 0.003 6.17 747.0
2455326.49702 13.506 0.003 6.25 524.0
2455328.50006 13.513 0.003 6.46 654.0
2455337.48449 13.502 0.003 7.16 731.0
2455341.48446 13.489 0.003 6.54 1231.0
2455430.90574 13.472 0.003 5.50 432.0
2455439.91516 13.497 0.003 5.35 604.0
2455445.84797 13.511 0.003 4.71 314.0
2455449.83296 13.499 0.003 4.93 268.0
2455453.88802 13.502 0.003 4.46 284.0
2455455.86159 13.496 0.003 4.58 332.0
2455457.90469 13.507 0.003 3.88 394.0
2455462.90081 13.498 0.003 4.64 683.0
2455465.86355 13.500 0.003 6.89 467.0
2455468.83028 13.483 0.003 5.22 382.0
2455470.80274 13.488 0.003 4.74 337.0
2455471.85311 13.491 0.003 5.00 323.0
2455473.78122 13.471 0.003 5.30 219.0
2455477.75698 13.490 0.003 3.57 265.0
2455478.79744 13.492 0.003 4.34 261.0
2455481.73668 13.480 0.003 5.59 214.0
2455482.78744 13.480 0.003 5.24 203.0
2455484.78155 13.482 0.003 4.53 245.0
2455485.79091 13.504 0.003 3.80 299.0
2455486.87629 13.487 0.003 6.18 365.0
2455487.87299 13.518 0.003 3.46 529.0
2455488.88194 13.500 0.003 3.55 1074.0
2455490.73293 13.479 0.003 5.08 600.0
2455491.75344 13.500 0.003 4.28 571.0
2455492.83383 13.503 0.003 4.24 647.0
2455493.75766 13.496 0.003 4.74 514.0
2455495.83914 13.501 0.003 3.98 432.0
2455497.74475 13.487 0.003 6.21 313.0
2455503.84174 13.527 0.003 3.25 335.0
2455507.74024 13.514 0.003 3.69 228.0
2455510.82434 13.510 0.003 3.94 260.0
2455512.84293 13.511 0.003 4.59 235.0
2455514.84536 13.513 0.003 4.71 291.0
2455516.84858 13.510 0.003 4.42 268.0
2455519.77623 13.501 0.003 5.35 491.0
2455521.83439 13.508 0.003 4.13 606.0
2455523.81056 13.508 0.003 4.70 556.0
2455525.81895 13.509 0.003 3.34 437.0
2455527.67667 13.520 0.003 3.08 317.0
2455528.79663 13.499 0.003 3.60 411.0
2455530.66119 13.488 0.003 4.26 384.0
2455531.84710 13.487 0.003 4.59 299.0
2455533.67221 13.485 0.003 4.86 231.0
2455534.71561 13.495 0.003 4.43 258.0
2455535.80628 13.485 0.003 5.61 291.0
2455539.84556 13.494 0.003 5.78 320.0
2455541.81500 13.491 0.003 5.33 323.0
2455543.83598 13.490 0.003 5.23 267.0
2455544.83122 13.478 0.003 6.06 270.0
2455546.66083 13.480 0.003 5.94 381.0
2455547.82230 13.489 0.003 5.88 277.0
2455549.76309 13.488 0.003 4.87 455.0
2455553.79407 13.498 0.003 5.81 525.0
2455554.81265 13.493 0.003 5.04 507.0
2455556.77506 13.489 0.003 4.93 414.0
2455558.78146 13.491 0.003 5.72 288.0
2455559.81549 13.495 0.003 5.83 381.0
2455561.76585 13.491 0.003 5.80 270.0
2455562.80886 13.499 0.003 6.14 459.0
2455563.77155 13.496 0.003 6.61 197.0
2455565.79764 13.506 0.003 7.24 269.0
2455566.79276 13.511 0.003 6.42 468.0
2455570.78508 13.541 0.003 6.95 292.0
2455575.73997 13.527 0.003 4.51 344.0
2455576.77653 13.517 0.003 4.92 173.0
2455577.71525 13.522 0.003 4.39 455.0
2455578.71874 13.497 0.003 5.34 536.0
2455579.76813 13.519 0.003 6.17 912.0
2455580.71245 13.508 0.003 4.07 473.0
2455581.71488 13.507 0.003 4.48 740.0
2455583.73095 13.516 0.003 5.18 504.0
2455584.72913 13.500 0.003 5.77 373.0
2455585.78498 13.505 0.003 5.77 748.0
2455589.72158 13.494 0.003 5.52 275.0
2455590.68474 13.497 0.003 5.67 171.0
2455592.75737 13.498 0.003 6.27 205.0
2455593.72448 13.512 0.003 6.50 300.0
2455595.70492 13.493 0.003 5.22 229.0
2455597.65130 13.491 0.003 5.20 275.0
2455598.71647 13.492 0.003 6.22 214.0
2455599.71136 13.526 0.003 5.90 273.0
2455601.73932 13.499 0.003 7.16 312.0
2455602.72921 13.477 0.003 6.16 217.0
2455605.73268 13.485 0.003 5.27 248.0
2455606.73145 13.481 0.003 6.29 475.0
2455608.71432 13.503 0.003 6.45 669.0
2455611.69103 13.494 0.003 7.00 865.0
2455614.68423 13.482 0.003 5.70 482.0
2455616.69445 13.500 0.003 5.51 394.0
2455623.64492 13.498 0.003 5.98 361.0
2455626.57477 13.497 0.003 6.90 269.0
2455629.62856 13.496 0.003 4.88 332.0
2455631.55927 13.494 0.003 7.22 313.0
2455633.63719 13.499 0.003 5.03 405.0
2455635.60275 13.507 0.003 6.66 405.0
2455639.61264 13.527 0.003 5.53 848.0
2455641.60042 13.502 0.003 4.93 554.0
2455643.56404 13.501 0.003 3.98 393.0
2455645.57147 13.495 0.003 6.26 499.0
2455647.59616 13.485 0.003 5.32 330.0
2455649.56270 13.482 0.003 6.08 413.0
2455652.57806 13.510 0.003 5.11 374.0
2455654.58121 13.503 0.003 5.33 382.0
2455657.54114 13.490 0.003 5.40 408.0
2455659.57691 13.499 0.003 6.57 411.0
2455665.55095 13.492 0.003 6.77 625.0
2455667.53128 13.486 0.003 5.42 613.0
2455671.53310 13.498 0.003 6.60 739.0
2455675.52919 13.510 0.003 5.97 420.0
2455677.52879 13.499 0.003 4.93 474.0
2455682.52358 13.488 0.003 6.91 501.0
2455686.50495 13.497 0.003 5.95 465.0
2455693.50241 13.496 0.003 5.80 649.0
2455694.50770 13.500 0.003 6.16 902.0
2455786.92686 13.485 0.003 4.27 592.0
2455802.88069 13.476 0.003 5.36 355.0
2455804.92233 13.479 0.003 4.13 917.0
2455805.88901 13.470 0.003 4.78 280.0
2455807.90297 13.476 0.003 6.23 270.0
2455810.83703 13.460 0.003 5.57 341.0
2455813.84190 13.482 0.003 4.24 376.0
2455816.89721 13.481 0.003 4.81 535.0
2455819.88261 13.471 0.003 4.79 461.0
2455822.85330 13.483 0.003 5.08 305.0
2455824.85020 13.482 0.003 5.30 323.0
2455826.82000 13.470 0.003 5.17 225.0
2455829.79794 13.478 0.003 3.89 317.0
2455831.89446 13.490 0.003 3.87 367.0
2455833.78835 13.468 0.003 5.10 279.0
2455835.81711 13.470 0.003 5.30 197.0
2455836.88842 13.483 0.003 4.27 413.0
2455839.79538 13.465 0.003 5.44 298.0
2455841.89407 13.473 0.003 5.17 662.0
2455844.83484 13.487 0.003 6.57 511.0
2455850.85467 13.474 0.003 5.34 415.0
2455851.82791 13.490 0.003 5.40 402.0
2455855.85697 13.490 0.003 3.82 374.0
2455856.86323 13.491 0.003 5.75 360.0
2455858.81325 13.495 0.003 6.02 323.0
2455860.81693 13.507 0.003 4.59 292.0
2455861.82513 13.484 0.003 4.68 351.0
2455862.80386 13.529 0.003 4.23 272.0
2455864.85141 13.499 0.003 3.89 339.0
2455865.75466 13.486 0.003 5.06 415.0
2455867.86947 13.508 0.003 4.31 723.0
2455868.76958 13.497 0.003 4.12 290.0
2455871.75468 13.505 0.003 4.36 398.0
2455873.78100 13.510 0.003 4.08 409.0
2455874.81334 13.498 0.003 4.81 364.0
2455878.84675 13.497 0.003 6.97 511.0
2455880.77151 13.503 0.003 5.63 331.0
2455882.80422 13.502 0.003 4.41 358.0
2455885.80205 13.497 0.003 5.59 365.0
2455888.84725 13.488 0.003 4.78 453.0
2455890.82861 13.484 0.003 4.46 298.0
2455891.84599 13.500 0.003 5.00 446.0
2455893.72703 13.487 0.003 4.79 269.0
2455895.76794 13.478 0.003 5.69 307.0
2455896.81526 13.482 0.003 5.97 291.0
2455897.85153 13.484 0.003 5.11 393.0
2455899.72338 13.476 0.003 7.04 333.0
2455900.82458 13.501 0.003 4.58 242.0
2455901.83527 13.484 0.003 4.15 388.0
2455902.76910 13.486 0.003 5.30 559.0
2455903.82361 13.478 0.003 5.61 437.0
2455904.78855 13.485 0.003 4.51 562.0
2455905.75757 13.489 0.003 4.33 717.0
2455906.77060 13.483 0.003 3.90 671.0
2455907.77237 13.488 0.003 4.24 560.0
2455908.78852 13.474 0.003 4.76 563.0
2455909.82912 13.483 0.003 5.05 526.0
2455910.78182 13.472 0.003 3.85 475.0
2455911.80849 13.494 0.003 4.08 460.0
2455912.82945 13.481 0.003 4.28 384.0
2455913.83497 13.489 0.003 3.97 379.0
2455914.82461 13.484 0.003 4.15 318.0
2455915.78708 13.490 0.003 3.45 195.0
2455916.80526 13.489 0.003 4.96 255.0
2455917.78501 13.486 0.003 4.43 246.0
2455923.78433 13.479 0.003 4.29 268.0
2455924.78488 13.488 0.003 3.83 286.0
2455925.78900 13.481 0.003 5.44 521.0
2455927.78457 13.481 0.003 5.07 383.0
2455929.79122 13.480 0.003 4.20 401.0
2455931.72129 13.475 0.003 4.98 445.0
2455932.77872 13.481 0.003 4.40 520.0
2455933.78672 13.465 0.003 4.71 761.0
2455934.80710 13.487 0.003 5.24 578.0
2455936.73032 13.483 0.003 4.10 1051.0
2455937.75175 13.477 0.003 4.05 678.0
2455938.74487 13.483 0.003 4.01 465.0
2455939.77485 13.478 0.003 4.06 737.0
2455940.79042 13.488 0.003 4.98 324.0
2455941.74152 13.475 0.003 4.11 512.0
2455942.76585 13.458 0.003 5.22 286.0
2455943.77398 13.471 0.003 4.76 482.0
2455944.76528 13.459 0.003 4.31 239.0
2455945.74641 13.474 0.003 4.03 244.0
2455946.75313 13.470 0.003 5.13 333.0
2455947.75296 13.478 0.003 6.48 255.0
2455948.74143 13.457 0.003 4.93 286.0
2455949.75757 13.465 0.003 5.88 289.0
2455951.73864 13.467 0.003 5.63 360.0
2455953.75753 13.462 0.003 8.50 359.0
2455955.74679 13.463 0.003 4.64 323.0
2455959.73611 13.467 0.003 5.56 269.0
2455962.62126 13.457 0.003 5.72 460.0
2455963.71423 13.476 0.003 5.91 553.0
2455965.66503 13.461 0.003 4.56 764.0
2455968.67148 13.465 0.003 5.31 468.0
2455971.71896 13.468 0.003 4.26 348.0
2455973.63644 13.470 0.003 3.65 200.0
2455974.64456 13.478 0.003 4.84 205.0
2455977.64435 13.469 0.003 5.23 281.0
2455979.69335 13.488 0.003 7.33 345.0
2455980.67851 13.473 0.003 6.17 423.0
2455982.68057 13.469 0.003 5.13 284.0
2455984.68018 13.456 0.003 5.57 308.0
2455986.68742 13.470 0.003 3.95 350.0
2455988.66602 13.487 0.003 6.94 439.0
2455989.65140 13.472 0.003 5.07 325.0
2455991.64986 13.482 0.003 5.66 581.0
2455992.65877 13.474 0.003 5.17 586.0
2455994.56544 13.474 0.003 4.42 694.0
2455996.64729 13.483 0.003 6.39 756.0
2455997.63436 13.479 0.003 5.81 514.0
2456000.66244 13.463 0.003 4.66 404.0
2456003.57929 13.480 0.003 6.42 293.0
2456007.60416 13.460 0.003 4.27 331.0
2456011.60415 13.478 0.003 4.48 396.0
2456018.56575 13.472 0.003 5.38 454.0
2456023.54314 13.478 0.003 4.19 669.0
2456026.56200 13.471 0.003 6.45 701.0
2456033.54103 13.480 0.003 6.16 518.0
2456034.52950 13.475 0.003 4.99 624.0
2456036.54723 13.475 0.003 6.19 358.0
2456038.53985 13.450 0.003 7.01 556.0
2456039.54444 13.478 0.003 6.25 533.0
2456040.53170 13.473 0.003 6.33 327.0
2456047.52113 13.466 0.003 5.92 637.0
2456050.50426 13.482 0.003 5.61 632.0
2456057.49490 13.485 0.003 4.73 441.0
2456141.93036 13.462 0.003 5.96 563.0
2456160.91696 13.468 0.003 4.38 297.0
2456171.92031 13.489 0.003 4.31 607.0
2456182.90780 13.458 0.003 5.41 297.0
2456186.90747 13.484 0.003 4.29 640.0
2456198.86383 13.455 0.003 6.45 358.0
2456200.85393 13.453 0.003 7.08 779.0
2456203.84106 13.447 0.003 6.01 455.0
2456208.84505 13.482 0.003 5.42 233.0
2456212.87589 13.459 0.003 4.84 388.0
2456215.83939 13.454 0.003 4.88 235.0
2456220.75322 13.452 0.003 5.13 290.0
2456222.88035 13.472 0.003 6.20 720.0
2456225.81637 13.483 0.003 5.44 298.0
2456230.75910 13.480 0.003 5.65 672.0
2456232.86913 13.462 0.003 5.26 562.0
2456235.86545 13.468 0.003 4.22 532.0
2456241.83884 13.459 0.003 5.62 259.0
2456244.84512 13.493 0.003 6.91 332.0
2456248.81543 13.462 0.003 4.91 240.0
2456251.80591 13.464 0.003 4.38 268.0
2456254.75172 13.473 0.003 4.08 266.0
2456257.79387 13.458 0.003 6.69 402.0
2456262.76801 13.459 0.003 4.18 436.0
2456265.79025 13.451 0.003 4.91 301.0
2456271.80856 13.451 0.003 4.67 277.0
2456278.79507 13.468 0.003 6.19 233.0
2456283.77999 13.447 0.003 4.10 281.0
2456287.80833 13.449 0.003 5.44 494.0
2456291.81767 13.457 0.003 5.90 541.0
2456297.73447 13.464 0.003 9.55 463.0
2456303.57419 13.440 0.003 4.15 270.0
2456310.69793 13.445 0.003 4.56 259.0
2456318.67543 13.465 0.003 5.23 472.0
2456338.62650 13.451 0.003 5.12 210.0
2456343.62475 13.455 0.003 6.53 294.0
2456350.60984 13.468 0.003 6.82 477.0
2456355.55353 13.473 0.003 4.77 309.0
2456361.56969 13.448 0.003 4.36 303.0
2456368.58659 13.450 0.003 4.13 350.0
2456374.59908 13.461 0.003 4.49 513.0
2456381.56555 13.449 0.003 3.74 489.0
2456389.54445 13.464 0.003 5.38 302.0
2456398.49840 13.466 0.003 5.38 509.0
2456419.46639 13.487 0.003 6.63 461.0
2456511.92376 13.423 0.003 5.32 301.0
2456521.90510 13.430 0.003 4.94 374.0
2456532.90309 13.446 0.003 5.49 337.0
2456548.85998 13.443 0.003 5.19 275.0
2456564.88714 13.428 0.003 4.88 384.0
2456572.80892 13.443 0.003 4.73 222.0
2456579.73086 13.425 0.003 4.65 412.0
2456584.75213 13.429 0.003 4.36 1005.0
2456593.76267 13.425 0.003 6.26 368.0
2456607.79402 13.440 0.003 5.13 224.0
2456613.74284 13.434 0.003 4.02 555.0
2456617.72346 13.444 0.003 3.25 309.0
2456627.76382 13.427 0.003 3.86 305.0
2456637.77013 13.440 0.003 5.13 253.0
2456644.80728 13.445 0.003 4.96 423.0
2456650.79542 13.439 0.003 5.40 324.0
2456657.81713 13.437 0.003 5.33 442.0
2456660.75675 13.433 0.003 4.61 219.0
2456667.82967 13.426 0.003 6.68 415.0
2456671.76830 13.430 0.003 5.19 621.0
2456678.78527 13.430 0.003 5.14 348.0
2456682.68037 13.435 0.003 5.14 246.0
2456693.63725 13.444 0.003 4.86 308.0
2456698.70775 13.442 0.003 6.51 430.0
2456703.67135 13.444 0.003 7.31 592.0
2456707.66167 13.431 0.003 5.03 417.0
2456710.67678 13.440 0.003 5.35 321.0
2456715.64892 13.436 0.003 5.09 342.0
2456731.62432 13.447 0.003 6.22 589.0
2456141.93036 13.462 0.003 5.96 563.0
2456160.91696 13.468 0.003 4.38 297.0
2456171.92031 13.489 0.003 4.31 607.0
2456182.90780 13.458 0.003 5.41 297.0
2456186.90747 13.484 0.003 4.29 640.0
2456198.86383 13.455 0.003 6.45 358.0
2456200.85393 13.453 0.003 7.08 779.0
2456203.84106 13.447 0.003 6.01 455.0
2456208.84505 13.482 0.003 5.42 233.0
2456212.87589 13.459 0.003 4.84 388.0
2456215.83939 13.454 0.003 4.88 235.0
2456220.75322 13.452 0.003 5.13 290.0
2456222.88035 13.472 0.003 6.20 720.0
2456225.81637 13.483 0.003 5.44 298.0
2456230.75910 13.480 0.003 5.65 672.0
2456232.86913 13.462 0.003 5.26 562.0
2456235.86545 13.468 0.003 4.22 532.0
2456241.83884 13.459 0.003 5.62 259.0
2456244.84512 13.493 0.003 6.91 332.0
2456248.81543 13.462 0.003 4.91 240.0
2456251.80591 13.464 0.003 4.38 268.0
2456254.75172 13.473 0.003 4.08 266.0
2456257.79387 13.458 0.003 6.69 402.0
2456262.76801 13.459 0.003 4.18 436.0
2456265.79025 13.451 0.003 4.91 301.0
2456271.80856 13.451 0.003 4.67 277.0
2456278.79507 13.468 0.003 6.19 233.0
2456283.77999 13.447 0.003 4.10 281.0
2456287.80833 13.449 0.003 5.44 494.0
2456291.81767 13.457 0.003 5.90 541.0
2456297.73447 13.464 0.003 9.55 463.0
2456303.57419 13.440 0.003 4.15 270.0
2456310.69793 13.445 0.003 4.56 259.0
2456318.67543 13.465 0.003 5.23 472.0
2456338.62650 13.451 0.003 5.12 210.0
2456343.62475 13.455 0.003 6.53 294.0
2456350.60984 13.468 0.003 6.82 477.0
2456355.55353 13.473 0.003 4.77 309.0
2456361.56969 13.448 0.003 4.36 303.0
2456368.58659 13.450 0.003 4.13 350.0
2456374.59908 13.461 0.003 4.49 513.0
2456381.56555 13.449 0.003 3.74 489.0
2456389.54445 13.464 0.003 5.38 302.0
2456398.49840 13.466 0.003 5.38 509.0
2456419.46639 13.487 0.003 6.63 461.0
2456511.92376 13.423 0.003 5.32 301.0
2456521.90510 13.430 0.003 4.94 374.0
2456532.90309 13.446 0.003 5.49 337.0
2456548.85998 13.443 0.003 5.19 275.0
2456564.88714 13.428 0.003 4.88 384.0
2456572.80892 13.443 0.003 4.73 222.0
2456579.73086 13.425 0.003 4.65 412.0
2456584.75213 13.429 0.003 4.36 1005.0
2456593.76267 13.425 0.003 6.26 368.0
2456607.79402 13.440 0.003 5.13 224.0
2456613.74284 13.434 0.003 4.02 555.0
2456617.72346 13.444 0.003 3.25 309.0
2456627.76382 13.427 0.003 3.86 305.0
2456637.77013 13.440 0.003 5.13 253.0
2456644.80728 13.445 0.003 4.96 423.0
2456650.79542 13.439 0.003 5.40 324.0
2456657.81713 13.437 0.003 5.33 442.0
2456660.75675 13.433 0.003 4.61 219.0
2456667.82967 13.426 0.003 6.68 415.0
2456671.76830 13.430 0.003 5.19 621.0
2456678.78527 13.430 0.003 5.14 348.0
2456682.68037 13.435 0.003 5.14 246.0
2456693.63725 13.444 0.003 4.86 308.0
2456698.70775 13.442 0.003 6.51 430.0
2456703.67135 13.444 0.003 7.31 592.0
2456707.66167 13.431 0.003 5.03 417.0
2456710.67678 13.440 0.003 5.35 321.0
2456715.64892 13.436 0.003 5.09 342.0
2456731.62432 13.447 0.003 6.22 589.0
2456874.92835 13.441 0.003 4.52 343.0
2456885.92173 13.441 0.003 5.43 352.0
2456904.92045 13.427 0.003 6.52 576.0
2456920.79364 13.422 0.003 6.21 249.0
2456926.78437 13.415 0.003 4.48 284.0
2456930.81303 13.416 0.003 5.41 253.0
2456937.79065 13.416 0.003 4.57 578.0
2456941.81097 13.419 0.003 6.85 620.0
2456951.85335 13.422 0.003 4.97 265.0
2456957.80800 13.408 0.003 5.43 310.0
2456963.80091 13.423 0.003 4.99 436.0
2456969.81876 13.416 0.003 5.20 567.0
2456975.81271 13.417 0.003 4.10 463.0
2456982.86036 13.431 0.003 5.22 541.0
2456992.79054 13.427 0.003 5.12 274.0
2456995.72980 13.428 0.003 3.60 552.0
2457000.72192 13.423 0.003 4.18 363.0
2457004.81723 13.413 0.003 6.19 437.0
2457008.75751 13.423 0.003 4.91 312.0
2457013.79792 13.413 0.003 5.29 321.0
2457017.79902 13.419 0.003 5.86 330.0
2457021.78320 13.428 0.003 5.37 239.0
2457025.75159 13.422 0.003 6.01 662.0
2457029.73220 13.421 0.003 5.37 640.0
2457035.75400 13.423 0.003 5.27 370.0
2457045.71570 13.418 0.003 5.77 262.0
2457050.69485 13.433 0.003 4.45 292.0
2457057.66199 13.413 0.003 5.52 642.0
2457063.69163 13.434 0.003 5.53 550.0
2457070.64789 13.433 0.003 4.23 261.0
2457076.67026 13.422 0.003 6.76 408.0
2457080.62913 13.414 0.003 6.38 433.0
2457082.61769 13.433 0.003 7.97 441.0
2457086.65206 13.423 0.003 5.31 889.0
2457089.62325 13.420 0.003 5.05 485.0
2457093.60340 13.423 0.003 4.02 441.0
2457099.62902 13.429 0.003 5.17 489.0
2457110.57718 13.431 0.003 4.96 390.0
2457114.55919 13.415 0.003 3.85 727.0
2457118.55878 13.416 0.003 4.45 742.0
2457124.53673 13.430 0.003 4.51 372.0
2457131.51104 13.428 0.003 4.86 546.0
2457133.50732 13.426 0.003 5.79 562.0
2457136.49020 13.431 0.003 4.58 470.0
2457141.49193 13.430 0.003 4.24 621.0
2457144.50230 13.439 0.003 6.30 819.0
2457278.85270 13.421 0.003 5.31 327.0
2457291.81224 13.429 0.003 7.00 533.0
2457294.82850 13.433 0.003 6.22 551.0
2457297.82700 13.432 0.003 6.12 412.0
2457303.84632 13.422 0.003 6.43 265.0
2457308.83172 13.436 0.003 6.90 262.0
2457317.79301 13.437 0.003 6.91 364.0
2457325.74891 13.420 0.003 4.56 556.0
2457339.79022 13.433 0.003 4.48 332.0
2457345.74804 13.433 0.003 5.98 266.0
2457353.86256 13.431 0.003 6.20 1216.0
2457357.85445 13.424 0.003 5.36 570.0
2457364.76489 13.440 0.003 4.68 324.0
2457367.83703 13.436 0.003 5.57 223.0
2457371.79836 13.436 0.003 5.42 300.0
2457376.79691 13.438 0.003 6.35 281.0
2457381.70452 13.425 0.003 5.42 539.0
2457385.70775 13.442 0.003 6.06 329.0
2457389.73229 13.430 0.003 5.32 354.0
2457398.70544 13.441 0.003 4.73 355.0
2457402.74046 13.430 0.003 3.93 264.0
2457405.73586 13.436 0.003 6.17 340.0
2457409.70508 13.436 0.003 6.31 588.0
2457415.67392 13.419 0.003 5.55 273.0
2457424.66133 13.439 0.003 5.44 291.0
2457428.67808 13.435 0.003 4.53 389.0
2457434.65859 13.451 0.003 4.37 441.0
2457438.66638 13.436 0.003 5.05 510.0
2457442.62906 13.440 0.003 4.48 551.0
2457446.64273 13.436 0.003 4.75 311.0
2457451.61728 13.440 0.003 4.42 342.0
2457458.63925 13.439 0.003 5.68 330.0
2457463.58935 13.462 0.003 4.44 288.0
2457470.53665 13.451 0.003 4.62 695.0
2457472.55636 13.447 0.003 4.40 598.0
2457476.57165 13.455 0.003 6.21 245.0
2457488.51513 13.456 0.003 5.99 348.0
2457499.53807 13.452 0.003 5.15 809.0
2457639.87829 13.471 0.003 4.36 288.0
2457647.84952 13.460 0.003 4.45 567.0
2457651.82402 13.464 0.003 4.73 445.0
2457654.88677 13.450 0.003 5.24 354.0
2457659.87430 13.487 0.003 5.70 269.0
2457663.86619 13.463 0.003 4.31 269.0
2457671.85263 13.463 0.003 4.44 164.0
2457684.81220 13.481 0.003 6.36 412.0
2457690.86264 13.472 0.003 3.91 404.0
2457697.81311 13.477 0.003 4.38 261.0
2457700.86532 13.466 0.003 4.94 493.0
2457703.74721 13.478 0.003 4.36 457.0
2457707.75483 13.478 0.003 6.25 724.0
2457709.74525 13.461 0.003 4.25 338.0
2457717.76515 13.465 0.003 6.91 290.0
2457725.78268 13.463 0.003 4.40 323.0
2457734.83409 13.462 0.003 5.67 535.0
2457739.69093 13.480 0.003 4.17 419.0
2457743.83224 13.480 0.003 5.34 319.0
2457748.64992 13.475 0.003 7.10 344.0
2457754.76381 13.475 0.003 4.86 311.0
2457758.74349 13.485 0.003 4.81 188.0
2457762.73839 13.490 0.003 4.52 523.0
2457766.69963 13.478 0.003 4.01 811.0
2457772.74583 13.485 0.003 4.70 458.0
2457780.69706 13.487 0.003 5.86 277.0
2457784.67967 13.486 0.003 6.84 348.0
2457789.69051 13.487 0.003 5.27 291.0
2457794.60260 13.486 0.003 5.01 553.0
2457800.64836 13.488 0.003 6.34 247.0
2457807.61363 13.497 0.003 4.88 267.0
2457815.53624 13.483 0.003 5.41 255.0
2457819.54598 13.483 0.003 6.42 762.0
2457824.55001 13.478 0.003 4.75 709.0
2457830.52235 13.486 0.003 4.79 247.0
2457839.51650 13.488 0.003 5.06 374.0
2457858.47956 13.486 0.003 5.50 394.0
2457873.49026 13.505 0.003 4.79 466.0
2458017.90633 13.468 0.003 5.53 928.0
2458029.85718 13.479 0.003 4.66 523.0
2458040.88759 13.476 0.003 5.42 1863.0
2458046.84269 13.487 0.003 4.67 390.0
2458054.83913 13.502 0.003 5.24 395.0
2458057.85797 13.490 0.003 4.45 413.0
2458062.83027 13.480 0.003 4.22 595.0
2458066.80487 13.492 0.003 4.83 392.0
2458070.86477 13.493 0.003 6.86 903.0
2458076.82952 13.487 0.003 5.44 303.0
2458081.85107 13.495 0.003 6.28 430.0
2458087.83947 13.489 0.003 5.34 258.0
2458091.74799 13.486 0.003 5.77 720.0
2458096.82029 13.485 0.003 4.60 377.0
2458101.77015 13.490 0.003 4.79 214.0
2458111.75281 13.493 0.003 4.76 246.0
2458117.80553 13.509 0.003 4.82 336.0
2458128.73852 13.494 0.003 5.73 208.0
2458137.68321 13.495 0.003 4.62 300.0
2458146.66868 13.498 0.003 4.16 527.0
2458152.62069 13.489 0.003 4.44 467.0
2458172.60877 13.501 0.003 4.88 379.0
2458187.59604 13.502 0.003 5.09 287.0
2458200.49594 13.513 0.003 4.65 436.0
2458208.48335 13.499 0.003 5.21 1064.0
2458212.48628 13.523 0.003 6.89 511.0
2458216.57256 13.505 0.003 7.34 498.0
2458224.49715 13.511 0.003 5.59 443.0
2458228.51721 13.499 0.003 4.38 457.0
2458233.51212 13.532 0.003 5.06 536.0
2458238.49894 13.514 0.003 5.18 918.0
2458359.89764 13.513 0.003 5.29 450.0
2458366.87772 13.515 0.003 4.99 250.0
2458372.89925 13.527 0.003 5.92 302.0
2458382.88293 13.535 0.003 4.55 301.0
2458393.83208 13.521 0.003 4.43 341.0
2458404.75426 13.521 0.003 6.06 271.0
2458407.81108 13.544 0.003 6.15 261.0
2458413.74934 13.520 0.003 5.07 907.0
2458423.69777 13.503 0.003 5.25 323.0
2458427.69372 13.516 0.003 4.44 227.0
2458431.68698 13.510 0.003 4.77 280.0
2458436.73151 13.526 0.003 5.87 294.0
2458439.69653 13.527 0.003 6.02 341.0
2458442.72473 13.513 0.003 3.79 440.0
2458446.71217 13.509 0.003 3.25 498.0
2458449.72480 13.517 0.003 3.96 290.0
2458454.77281 13.520 0.003 4.74 251.0
2458459.70257 13.526 0.003 6.61 297.0
2458463.71155 13.532 0.003 4.41 207.0
2458468.83830 13.522 0.003 4.02 313.0
2458474.76567 13.537 0.003 4.88 573.0
2458478.73159 13.525 0.003 4.35 395.0
2458482.73992 13.529 0.003 4.15 209.0
2458487.72473 13.539 0.003 7.45 186.0
2458494.74113 13.540 0.003 4.99 176.0
2458498.78855 13.522 0.003 4.98 165.0
2458505.77418 13.551 0.003 4.41 692.0
2458509.73446 13.536 0.003 6.92 497.0
2458514.72733 13.553 0.003 4.44 187.0
2458522.64383 13.534 0.003 4.46 175.0
2458530.53240 13.548 0.003 4.92 357.0
2458537.52031 13.537 0.003 3.79 325.0
2458544.51722 13.539 0.003 3.94 256.0
2458553.52086 13.557 0.003 6.63 291.0
2458559.56586 13.560 0.003 4.84 442.0
2458564.53183 13.558 0.003 4.36 555.0
2458568.56868 13.564 0.003 4.59 309.0
2458579.53237 13.538 0.003 6.28 427.0
2458584.48592 13.541 0.003 5.27 405.0
2458591.49082 13.543 0.003 6.46 643.0
2458704.93406 13.536 0.003 7.10 533.0
2458715.89044 13.541 0.003 4.45 280.0
2458723.86927 13.516 0.003 5.66 384.0
2458727.91440 13.514 0.003 4.77 273.0
2458730.91522 13.523 0.003 6.43 394.0
2458737.89422 13.508 0.003 6.15 337.0
2458741.83195 13.494 0.003 5.57 509.0
2458748.87986 13.500 0.003 4.80 316.0
2458754.88139 13.499 0.003 5.69 498.0
2458760.85261 13.512 0.003 6.00 225.0
2458763.84116 13.505 0.003 5.15 312.0
2458771.88459 13.511 0.003 6.85 1154.0
2458772.81823 13.509 0.003 6.79 584.0
2458774.85863 13.522 0.003 5.64 430.0
2458781.75335 13.508 0.003 4.42 280.0
2458784.80824 13.523 0.003 5.61 217.0
2458795.73238 13.530 0.003 4.94 396.0
2458798.77647 13.547 0.003 5.94 495.0
2458801.69212 13.526 0.003 7.27 657.0
2458804.67914 13.540 0.003 5.82 276.0
2458810.74049 13.535 0.003 5.13 249.0
2458816.74149 13.532 0.003 4.29 285.0
2458821.71773 13.542 0.003 3.87 316.0
2458825.71136 13.538 0.003 6.12 434.0
2458828.70083 13.533 0.003 4.34 517.0
2458832.70106 13.545 0.003 8.05 401.0
2458836.69276 13.547 0.003 4.31 217.0
2458840.69134 13.540 0.003 5.02 211.0
2458844.66363 13.539 0.003 4.32 193.0
2458848.67800 13.533 0.003 4.99 203.0
2458855.61597 13.545 0.003 5.70 752.0
2458861.60206 13.556 0.003 6.03 304.0
2458864.64112 13.550 0.003 4.28 217.0
2458871.56675 13.548 0.003 5.69 426.0
2458880.62596 13.568 0.003 5.01 250.0
2458887.54836 13.569 0.003 7.18 506.0
2458894.58670 13.566 0.003 4.58 181.0
2458902.58250 13.557 0.003 5.64 237.0
2458909.59988 13.558 0.003 6.02 312.0
2458915.57819 13.574 0.003 7.07 448.0
2458920.58044 13.565 0.003 5.08 399.0
