2455346.92112 15.449 0.003
2455353.93132 15.448 0.003
2455362.93963 15.441 0.003
2455365.92238 15.442 0.003
2455376.92693 15.452 0.003
2455378.92811 15.439 0.003
2455380.90150 15.444 0.003
2455381.91038 15.459 0.003
2455384.93147 15.455 0.004
2455385.92333 15.442 0.003
2455386.89369 15.444 0.003
2455387.90534 15.447 0.003
2455389.87659 15.443 0.003
2455390.87906 15.446 0.003
2455391.93114 15.439 0.003
2455393.89246 15.451 0.004
2455395.87838 15.463 0.003
2455399.81719 15.440 0.003
2455400.87168 15.435 0.003
2455401.86129 15.460 0.004
2455403.85792 15.441 0.003
2455404.83949 15.440 0.003
2455405.84511 15.430 0.003
2455407.87860 15.454 0.003
2455408.83578 15.433 0.003
2455409.83729 15.437 0.003
2455410.83884 15.437 0.003
2455411.82602 15.443 0.003
2455412.81996 15.437 0.003
2455414.81944 15.436 0.003
2455421.79484 15.437 0.003
2455422.88560 15.446 0.003
2455425.87034 15.448 0.003
2455426.83649 15.438 0.003
2455427.87205 15.436 0.003
2455428.77533 15.447 0.003
2455430.75661 15.446 0.003
2455432.81173 15.457 0.004
2455433.80511 15.443 0.003
2455434.77586 15.437 0.003
2455435.77242 15.441 0.003
2455436.78179 15.433 0.003
2455437.82412 15.439 0.003
2455438.75915 15.436 0.003
2455439.73847 15.445 0.003
2455443.73863 15.444 0.003
2455444.74710 15.442 0.003
2455445.76454 15.449 0.003
2455447.75223 15.439 0.003
2455448.71584 15.444 0.003
2455449.71072 15.442 0.003
2455450.75522 15.446 0.003
2455451.68777 15.441 0.003
2455453.78271 15.435 0.003
2455454.73275 15.432 0.003
2455457.68420 15.434 0.003
2455458.71945 15.441 0.003
2455459.71932 15.425 0.003
2455462.67283 15.445 0.003
2455463.73395 15.443 0.003
2455464.76581 15.466 0.003
2455465.77324 15.464 0.003
2455467.69373 15.438 0.003
2455468.67360 15.442 0.003
2455469.71781 15.423 0.003
2455470.66816 15.438 0.003
2455471.66585 15.434 0.003
2455472.67353 15.432 0.003
2455473.69552 15.443 0.003
2455475.78922 15.428 0.003
2455476.69043 15.443 0.003
2455477.65644 15.435 0.003
2455478.61626 15.436 0.003
2455479.78757 15.442 0.003
2455480.62615 15.433 0.003
2455481.60297 15.434 0.003
2455482.61786 15.462 0.003
2455483.59368 15.442 0.003
2455484.61899 15.436 0.003
2455485.58969 15.441 0.003
2455487.63698 15.447 0.003
2455488.58302 15.430 0.003
2455489.60484 15.437 0.003
2455490.60186 15.445 0.003
2455491.58362 15.442 0.003
2455492.59478 15.441 0.003
2455493.56497 15.448 0.004
2455494.60579 15.437 0.003
2455495.59550 15.441 0.003
2455497.57494 15.440 0.003
2455498.58287 15.456 0.003
2455499.59337 15.435 0.003
2455502.59381 15.425 0.003
2455503.56435 15.449 0.003
2455504.57480 15.446 0.003
2455505.57602 15.446 0.003
2455506.57802 15.434 0.003
2455507.56260 15.437 0.003
2455508.54529 15.446 0.003
2455509.53849 15.442 0.003
2455510.58157 15.443 0.003
2455511.56738 15.452 0.003
2455512.55510 15.440 0.003
2455513.55559 15.454 0.003
2455514.61607 15.437 0.003
2455515.55768 15.458 0.004
2455516.54683 15.436 0.003
2455517.54364 15.446 0.003
2455518.55531 15.459 0.003
2455519.55276 15.442 0.003
2455521.55741 15.465 0.003
2455522.56463 15.432 0.003
2455523.58879 15.436 0.003
2455525.52899 15.444 0.003
2455526.55814 15.443 0.003
2455527.56078 15.438 0.003
2455529.52940 15.443 0.003
2455530.57299 15.436 0.003
2455533.53699 15.429 0.003
2455534.57726 15.444 0.003
2455535.58055 15.448 0.003
2455539.56467 15.441 0.003
2455540.56991 15.440 0.003
2455542.53999 15.443 0.003
2455546.53959 15.443 0.003
2455547.57803 15.438 0.003
2455550.58845 15.458 0.004
2455551.58170 15.439 0.003
2455554.57587 15.461 0.003
2455556.58525 15.435 0.003
2455558.56494 15.448 0.003
2455561.55188 15.448 0.003
2455563.55711 15.442 0.003
2455567.56045 15.439 0.003
2455570.61792 15.452 0.003
2455573.54832 15.457 0.003
2455578.54784 15.444 0.003
2455581.55078 15.455 0.003
2455583.54652 15.438 0.003
2455592.54023 15.438 0.003
2455699.87963 15.450 0.003
2455700.93103 15.461 0.004
2455724.85921 15.441 0.003
2455725.90398 15.444 0.003
2455727.94337 15.453 0.004
2455729.91571 15.467 0.004
2455734.94037 15.436 0.003
2455737.91760 15.441 0.003
2455740.90720 15.443 0.003
2455740.93708 15.455 0.003
2455743.89599 15.444 0.003
2455744.91833 15.438 0.003
2455746.88726 15.443 0.003
2455753.94395 15.466 0.003
2455765.83397 15.442 0.003
2455766.84805 15.436 0.003
2455767.88064 15.454 0.003
2455768.87894 15.437 0.003
2455770.87982 15.438 0.003
2455776.87509 15.457 0.003
2455777.90552 15.444 0.003
2455782.86752 15.442 0.003
2455783.68363 15.464 0.003
2455785.74884 15.446 0.003
2455786.79653 15.441 0.003
2455787.79178 15.440 0.003
2455788.80767 15.460 0.003
2455790.91010 15.433 0.003
2455793.82047 15.439 0.003
2455794.81250 15.440 0.003
2455795.82726 15.439 0.003
2455796.76134 15.447 0.003
2455798.83432 15.440 0.003
2455801.77482 15.450 0.003
2455802.76312 15.455 0.003
2455803.74849 15.446 0.003
2455804.82674 15.437 0.003
2455805.75727 15.437 0.003
2455806.76743 15.448 0.003
2455807.77942 15.441 0.003
2455809.75628 15.436 0.003
2455810.67435 15.442 0.003
2455811.65805 15.440 0.003
2455812.72296 15.445 0.003
2455813.72985 15.425 0.003
2455814.72979 15.447 0.003
2455815.77625 15.433 0.003
2455816.70701 15.435 0.003
2455817.72273 15.441 0.003
2455818.67539 15.441 0.003
2455819.72162 15.437 0.003
2455820.72219 15.438 0.003
2455822.70233 15.447 0.003
2455823.67648 15.439 0.003
2455824.70161 15.457 0.003
2455825.76426 15.444 0.003
2455826.68149 15.439 0.003
2455827.69636 15.439 0.003
2455828.69741 15.447 0.003
2455829.67814 15.428 0.003
2455830.67357 15.442 0.003
2455831.68615 15.431 0.003
2455832.64496 15.440 0.003
2455833.68176 15.444 0.003
2455835.65076 15.444 0.003
2455836.64405 15.435 0.003
2455837.63563 15.443 0.003
2455839.65281 15.435 0.003
2455840.69168 15.437 0.003
2455841.68992 15.437 0.003
2455842.71863 15.436 0.003
2455843.71281 15.427 0.003
2455844.67212 15.463 0.003
2455845.71164 15.450 0.004
2455846.66062 15.432 0.003
2455850.66294 15.431 0.003
2455851.67525 15.436 0.003
2455852.61308 15.447 0.003
2455853.69356 15.441 0.003
2455854.63316 15.446 0.003
2455855.73538 15.436 0.003
2455856.61480 15.440 0.003
2455857.60712 15.454 0.003
2455858.62601 15.454 0.003
2455860.61418 15.434 0.003
2455861.61128 15.439 0.003
2455862.59676 15.418 0.003
2455863.63565 15.442 0.003
2455864.55222 15.448 0.003
2455865.60560 15.439 0.003
2455866.58458 15.437 0.003
2455867.57306 15.431 0.003
2455868.61446 15.419 0.003
2455870.61583 15.446 0.003
2455871.55222 15.433 0.003
2455872.63136 15.443 0.003
2455873.58558 15.435 0.003
2455874.64503 15.455 0.003
2455875.63343 15.426 0.003
2455878.60180 15.469 0.004
2455881.60338 15.461 0.003
2455882.66750 15.438 0.003
2455885.65883 15.449 0.003
2455888.65592 15.444 0.003
2455889.60507 15.445 0.003
2455890.63256 15.435 0.003
2455891.59383 15.451 0.003
2455893.56012 15.445 0.003
2455894.56075 15.450 0.003
2455895.53237 15.442 0.003
2455896.56099 15.445 0.003
2455897.57039 15.442 0.003
2455898.56804 15.455 0.003
2455899.56697 15.439 0.003
2455900.56933 15.445 0.003
2455901.54337 15.458 0.003
2455902.56933 15.454 0.003
2455903.60444 15.444 0.003
2455904.58504 15.442 0.003
2455905.53846 15.450 0.003
2455906.56951 15.452 0.003
2455907.58121 15.455 0.003
2455909.56502 15.415 0.003
2455911.54278 15.448 0.003
2455913.57641 15.439 0.003
2455914.60812 15.446 0.003
2455915.57264 15.451 0.003
2455916.57564 15.444 0.003
2455917.57548 15.430 0.003
2455918.57176 15.443 0.003
2455922.59721 15.440 0.003
2455923.57820 15.439 0.003
2455924.54597 15.449 0.003
2455925.60685 15.446 0.003
2455926.62024 15.478 0.003
2455929.57439 15.458 0.003
2455931.60220 15.458 0.003
2455932.57321 15.446 0.003
2455933.64418 15.457 0.003
2455934.62092 15.429 0.003
2455935.58943 15.440 0.003
2455936.62642 15.428 0.003
2455937.59455 15.444 0.003
2455938.55464 15.446 0.003
2455939.61654 15.440 0.003
2455940.61592 15.452 0.003
2455941.57223 15.452 0.003
2455942.57500 15.443 0.003
2455943.61011 15.464 0.003
2455944.60369 15.438 0.003
2455945.59059 15.449 0.003
2455946.56923 15.442 0.003
2455947.59984 15.444 0.003
2455948.54777 15.452 0.003
2455950.54525 15.456 0.003
2455953.54379 15.427 0.003
2455955.57632 15.430 0.003
2455958.54838 15.449 0.003
2455964.53879 15.474 0.004
2455973.55059 15.453 0.003
2455984.51922 15.434 0.003
2456083.90585 15.452 0.003
2456084.87922 15.452 0.003
2456089.94742 15.447 0.004
2456094.93532 15.437 0.003
2456097.94762 15.448 0.003
2456110.75495 15.441 0.003
2456115.92348 15.444 0.003
2456116.86394 15.436 0.003
2456125.91348 15.450 0.003
2456135.88702 15.445 0.003
2456140.79972 15.447 0.003
2456151.81780 15.445 0.003
2456159.83579 15.436 0.003
2456169.73794 15.453 0.003
2456181.70161 15.457 0.003
2456183.70664 15.446 0.003
2456187.70617 15.463 0.003
2456189.76226 15.457 0.003
2456195.78900 15.446 0.003
2456202.63243 15.440 0.003
2456211.74543 15.451 0.003
2456211.77588 15.445 0.003
2456214.71601 15.447 0.003
2456219.73623 15.451 0.003
2456221.69540 15.458 0.003
2456232.73059 15.453 0.003
2456234.74515 15.436 0.003
2456236.70013 15.444 0.003
2456239.64826 15.459 0.003
2456245.63467 15.450 0.003
2456254.52894 15.448 0.003
2456257.52912 15.434 0.003
2456270.58499 15.435 0.003
2456275.54033 15.450 0.003
2456286.54586 15.457 0.003
2456290.58163 15.439 0.003
2456293.60333 15.430 0.003
2456296.59720 15.453 0.003
2456305.54714 15.448 0.003
2456438.86217 15.457 0.003
2456497.88094 15.445 0.003
2456511.82643 15.446 0.003
2456522.69799 15.454 0.003
2456548.66891 15.441 0.003
2456555.72857 15.448 0.003
2456558.74767 15.436 0.003
2456561.71109 15.439 0.003
2456564.62402 15.429 0.003
2456577.70209 15.444 0.003
2456639.57122 15.444 0.003
2456646.58459 15.440 0.003
2456653.56916 15.462 0.003
2456658.57470 15.441 0.003
2456666.60064 15.454 0.003
2456671.55986 15.444 0.003
2456683.53982 15.465 0.003
2456793.92024 15.442 0.003
2456795.87292 15.441 0.003
2456828.94238 15.446 0.003
2456834.90155 15.445 0.003
2456840.89458 15.442 0.003
2456847.88283 15.434 0.003
2456855.92663 15.434 0.003
2456864.84338 15.448 0.003
2456870.84253 15.441 0.003
2456879.81578 15.444 0.003
2456883.77605 15.433 0.003
2456887.78127 15.444 0.003
2456890.81070 15.441 0.003
2456896.77762 15.448 0.004
2456906.77314 15.442 0.003
2456910.73565 15.463 0.003
2456919.70021 15.438 0.003
2456923.69878 15.444 0.003
2456927.71151 15.447 0.003
2456931.68404 15.441 0.003
2456937.66811 15.438 0.003
2456941.63403 15.448 0.003
2456944.65542 15.437 0.003
2456950.65152 15.436 0.003
2456953.65865 15.441 0.003
2456956.62359 15.439 0.003
2456961.70087 15.442 0.003
2456965.56571 15.447 0.003
2456969.60249 15.446 0.003
2456973.55800 15.449 0.003
2456977.57751 15.434 0.003
2456980.55535 15.436 0.003
2456984.58784 15.436 0.003
2456988.61116 15.444 0.003
2456994.56843 15.431 0.003
2456998.57201 15.445 0.003
2457001.63938 15.454 0.003
2457006.54113 15.457 0.003
2457011.57022 15.441 0.003
2457013.54927 15.453 0.003
2457017.54026 15.441 0.003
2457025.54616 15.444 0.003
2457029.54315 15.436 0.003
2457033.55206 15.468 0.003
2457039.54860 15.451 0.003
2457044.53912 15.443 0.003
2457190.93738 15.449 0.003
2457197.94393 15.467 0.004
2457204.87967 15.440 0.003
2457205.86538 15.442 0.003
2457210.89854 15.435 0.003
2457217.92038 15.448 0.003
2457223.91497 15.452 0.003
2457229.88435 15.448 0.003
2457235.84709 15.441 0.003
2457249.79367 15.446 0.003
2457253.82900 15.447 0.003
2457258.79139 15.434 0.003
2457262.79276 15.449 0.003
2457265.79055 15.447 0.003
2457268.80931 15.436 0.003
2457277.78454 15.453 0.003
2457312.64066 15.451 0.003
2457313.62727 15.456 0.003
2457318.63744 15.452 0.003
2457327.66284 15.449 0.003
2457353.64580 15.450 0.003
2457354.61915 15.449 0.003
2457367.59364 15.450 0.003
2457374.59359 15.446 0.003
2457378.54358 15.456 0.003
2457383.56982 15.448 0.003
2457387.59518 15.440 0.003
2457390.54909 15.446 0.003
2457396.54516 15.446 0.003
2457401.53517 15.466 0.004
2457404.54178 15.441 0.003
2457407.55219 15.435 0.003
2457415.52959 15.451 0.003
2457433.52107 15.444 0.003
2457567.94022 15.439 0.003
2457734.58800 15.444 0.003
2457739.55552 15.445 0.003
2457744.61109 15.439 0.003
2457754.56644 15.446 0.003
2457758.56448 15.446 0.003
2457763.58026 15.445 0.003
2457767.54888 15.442 0.003
2457772.56781 15.436 0.003
2457923.93347 15.444 0.003
2457932.94551 15.448 0.004
2457944.86252 15.454 0.003
2457948.87154 15.441 0.003
2457952.90528 15.451 0.003
2457957.93706 15.438 0.003
2457960.92458 15.448 0.003
2457964.92017 15.440 0.003
2457971.85081 15.443 0.003
2457973.81467 15.457 0.003
2457980.78132 15.437 0.003
2457983.80850 15.441 0.003
2457986.76646 15.439 0.003
2457991.80417 15.441 0.003
2457994.77025 15.437 0.003
2458001.74527 15.444 0.003
2458004.73610 15.450 0.003
2458010.71892 15.458 0.003
2458017.77438 15.431 0.003
2458020.76608 15.432 0.003
2458027.64561 15.459 0.003
2458031.79467 15.463 0.004
2458034.70833 15.446 0.003
2458037.67203 15.451 0.003
2458040.77939 15.441 0.003
2458043.67163 15.449 0.003
2458046.61171 15.443 0.003
2458053.66638 15.451 0.003
2458057.64040 15.432 0.003
2458062.55260 15.472 0.003
2458064.55772 15.449 0.003
2458067.58592 15.439 0.003
2458069.58022 15.443 0.003
2458071.55165 15.445 0.003
2458075.56485 15.442 0.003
2458077.58671 15.445 0.003
2458080.55742 15.436 0.003
2458084.56179 15.437 0.003
2458085.56096 15.445 0.003
2458088.56666 15.444 0.003
2458090.58642 15.449 0.003
2458094.56937 15.433 0.003
2458097.54892 15.439 0.003
2458101.56454 15.431 0.003
2458103.54025 15.441 0.003
2458107.58673 15.435 0.003
2458110.58492 15.439 0.003
2458114.58434 15.434 0.003
2458115.57557 15.431 0.003
2458118.61017 15.450 0.003
2458122.57233 15.437 0.003
2458126.57381 15.450 0.003
2458129.62961 15.431 0.003
2458132.60059 15.440 0.003
2458136.54901 15.443 0.003
2458138.55971 15.454 0.004
2458139.58582 15.434 0.003
2458140.57050 15.439 0.003
2458142.52840 15.459 0.004
2458142.53519 15.443 0.003
2458291.92683 15.424 0.003
2458306.88427 15.443 0.003
2458311.88029 15.435 0.003
2458312.89346 15.430 0.003
2458318.90622 15.463 0.003
2458328.81908 15.437 0.003
2458332.82757 15.446 0.003
2458336.87688 15.427 0.003
2458340.81663 15.450 0.003
2458344.77203 15.443 0.003
2458347.75908 15.439 0.003
2458355.79650 15.439 0.003
2458358.79106 15.451 0.003
2458366.85058 15.442 0.003
2458371.75512 15.445 0.003
2458376.72904 15.441 0.003
2458383.68208 15.446 0.003
2458385.71914 15.412 0.003
2458393.70664 15.432 0.003
2458406.64482 15.452 0.003
2458410.64028 15.425 0.003
2458415.59519 15.436 0.003
2458423.59152 15.434 0.003
2458427.57820 15.441 0.003
2458432.57488 15.434 0.003
2458436.52884 15.443 0.003
2458440.58190 15.425 0.003
2458444.63418 15.430 0.003
2458448.55464 15.427 0.003
2458451.56113 15.456 0.003
2458454.56612 15.424 0.003
2458457.60836 15.403 0.003
2458461.55924 15.435 0.003
2458465.56581 15.390 0.003
2458468.56394 15.396 0.003
2458474.56910 15.413 0.003
2458479.56876 15.403 0.003
2458487.54857 15.369 0.003
2458491.54782 15.371 0.003
2458496.57067 15.257 0.003
2458500.54570 15.221 0.003
2458504.57115 15.229 0.003
2458510.57653 15.198 0.003
2458516.56275 15.215 0.003
2458643.92589 14.936 0.003
2458648.93713 14.919 0.003
2458650.93033 14.918 0.003
2458655.93249 14.912 0.003
2458663.91107 14.933 0.003
2458667.88386 14.922 0.003
2458669.88801 14.928 0.003
2458676.87489 14.913 0.003
2458683.86432 14.934 0.003
2458691.89084 14.906 0.003
2458695.83727 14.889 0.003
2458701.81111 14.907 0.003
2458705.79734 14.908 0.003
2458711.80470 14.916 0.003
2458715.78165 14.877 0.003
2458719.79025 14.889 0.003
2458723.75351 14.888 0.003
2458727.73681 14.878 0.003
2458734.71257 14.876 0.003
2458738.72215 14.914 0.003
2458741.70254 14.887 0.003
2458750.69781 14.890 0.003
2458755.70242 14.861 0.003
2458759.65313 14.880 0.003
2458774.65228 14.847 0.003
2458775.61032 14.869 0.003
2458777.62270 14.867 0.003
2458780.58355 14.855 0.003
2458783.62979 14.849 0.003
2458786.58330 14.854 0.003
2458791.60538 14.860 0.003
2458794.56085 14.852 0.003
2458797.57562 14.836 0.003
2458800.61929 14.843 0.003
2458803.60410 14.877 0.003
2458806.59695 14.841 0.003
2458821.55586 14.852 0.003
2458824.56080 14.833 0.003
2458827.56340 14.846 0.003
2458836.56043 14.824 0.003
2458840.56544 14.836 0.003
2458844.56257 14.811 0.003
2458848.59528 14.832 0.003
2458862.59319 14.811 0.003
2458869.57546 14.823 0.003
