2455346.91893 15.505 0.004 5.57 1158.0
2455353.92913 15.497 0.003 3.76 715.0
2455362.93745 15.500 0.003 5.27 692.0
2455365.92021 15.474 0.003 5.52 612.0
2455376.92478 15.481 0.003 5.08 929.0
2455378.92596 15.505 0.003 4.84 551.0
2455380.89935 15.510 0.003 6.22 519.0
2455381.90824 15.514 0.004 5.93 759.0
2455382.93076 15.496 0.004 7.73 615.0
2455384.92933 15.497 0.004 6.48 608.0
2455385.92120 15.493 0.003 4.65 310.0
2455386.89157 15.506 0.003 4.26 340.0
2455387.90322 15.507 0.003 4.55 399.0
2455389.87445 15.497 0.003 4.76 345.0
2455390.87695 15.511 0.003 5.77 248.0
2455391.92902 15.504 0.003 4.28 292.0
2455393.89033 15.496 0.004 7.24 382.0
2455395.87629 15.507 0.004 6.85 501.0
2455399.81508 15.503 0.003 5.04 533.0
2455400.86958 15.497 0.003 4.76 728.0
2455401.85919 15.512 0.004 6.66 788.0
2455403.85583 15.487 0.003 4.44 956.0
2455404.83741 15.519 0.003 5.05 732.0
2455405.84303 15.504 0.003 4.12 578.0
2455407.87652 15.502 0.003 5.77 511.0
2455408.83370 15.502 0.003 4.77 610.0
2455409.83519 15.490 0.003 4.23 376.0
2455410.83676 15.505 0.003 4.77 461.0
2455411.82396 15.503 0.003 5.99 444.0
2455412.81790 15.509 0.003 6.03 378.0
2455414.81739 15.511 0.003 4.26 229.0
2455421.79276 15.500 0.003 5.11 289.0
2455422.88356 15.488 0.003 4.29 422.0
2455425.86830 15.475 0.003 5.67 277.0
2455426.83445 15.498 0.003 4.19 327.0
2455427.87000 15.499 0.003 3.67 538.0
2455428.77329 15.528 0.003 5.24 490.0
2455430.75457 15.499 0.003 5.83 650.0
2455432.80970 15.509 0.004 7.08 864.0
2455433.80308 15.503 0.003 4.72 768.0
2455434.77383 15.483 0.003 3.91 589.0
2455435.77040 15.502 0.003 4.34 510.0
2455436.77976 15.510 0.003 3.64 409.0
2455437.82210 15.513 0.003 3.82 486.0
2455438.75713 15.517 0.003 4.22 355.0
2455439.73646 15.523 0.003 5.44 403.0
2455443.73661 15.513 0.003 5.89 282.0
2455444.74508 15.510 0.003 6.46 360.0
2455445.76253 15.507 0.003 3.95 344.0
2455447.75022 15.509 0.003 4.76 374.0
2455448.71385 15.513 0.003 4.33 274.0
2455449.70872 15.520 0.003 4.97 257.0
2455450.75320 15.509 0.003 5.06 314.0
2455451.68578 15.505 0.003 4.15 337.0
2455453.78071 15.514 0.003 3.81 414.0
2455454.73075 15.507 0.003 3.88 439.0
2455455.77167 15.508 0.003 3.77 362.0
2455457.68221 15.512 0.003 3.70 402.0
2455458.71744 15.500 0.003 4.03 503.0
2455459.71732 15.509 0.003 3.56 592.0
2455462.67081 15.523 0.003 5.73 724.0
2455463.73196 15.514 0.003 5.14 681.0
2455464.76383 15.521 0.003 6.10 529.0
2455465.77126 15.515 0.004 6.66 567.0
2455467.69175 15.512 0.003 4.39 424.0
2455468.67162 15.509 0.003 6.53 337.0
2455469.71585 15.510 0.003 4.35 416.0
2455470.66618 15.526 0.003 4.57 294.0
2455471.66389 15.505 0.003 5.94 281.0
2455472.67155 15.512 0.003 5.76 350.0
2455473.69354 15.528 0.003 5.17 254.0
2455475.78724 15.518 0.003 4.61 356.0
2455476.68845 15.509 0.003 4.09 407.0
2455477.65445 15.519 0.003 3.98 346.0
2455478.61430 15.515 0.003 4.70 360.0
2455479.78561 15.522 0.003 5.21 293.0
2455480.62418 15.509 0.003 6.01 406.0
2455481.60100 15.488 0.003 7.02 402.0
2455482.61589 15.486 0.004 7.44 448.0
2455483.59171 15.486 0.003 5.93 453.0
2455484.61702 15.492 0.003 5.77 576.0
2455485.58773 15.495 0.003 6.01 542.0
2455487.63500 15.520 0.003 3.79 455.0
2455488.58106 15.517 0.003 4.03 747.0
2455489.60286 15.513 0.003 4.40 659.0
2455490.59989 15.511 0.003 4.97 670.0
2455491.58166 15.504 0.004 5.80 930.0
2455492.59282 15.490 0.003 5.08 714.0
2455493.56301 15.507 0.004 6.81 714.0
2455494.60382 15.509 0.003 4.97 652.0
2455495.59355 15.506 0.003 4.92 477.0
2455497.57299 15.526 0.003 5.71 497.0
2455498.58091 15.521 0.003 6.18 451.0
2455499.59139 15.501 0.003 5.64 389.0
2455502.59184 15.509 0.003 4.32 343.0
2455503.56238 15.499 0.003 5.43 384.0
2455504.57283 15.529 0.003 4.90 490.0
2455505.57404 15.505 0.003 5.22 506.0
2455506.57603 15.522 0.003 3.94 414.0
2455507.56063 15.515 0.003 5.28 428.0
2455508.54332 15.527 0.003 6.15 441.0
2455509.53652 15.506 0.003 4.75 496.0
2455510.57959 15.510 0.003 5.49 424.0
2455511.56539 15.516 0.003 5.86 430.0
2455512.55313 15.520 0.003 4.80 427.0
2455513.55363 15.508 0.003 5.52 441.0
2455514.61409 15.499 0.003 4.03 508.0
2455515.55569 15.533 0.004 7.37 488.0
2455516.54485 15.516 0.003 5.63 443.0
2455517.54166 15.510 0.003 5.31 481.0
2455518.55332 15.525 0.003 6.08 504.0
2455519.55077 15.504 0.004 7.06 584.0
2455521.55542 15.515 0.003 6.08 743.0
2455522.56264 15.501 0.003 3.69 1199.0
2455523.58681 15.513 0.003 5.35 567.0
2455525.52700 15.518 0.003 5.20 491.0
2455526.55615 15.506 0.003 4.66 408.0
2455527.55879 15.509 0.003 4.39 336.0
2455529.52740 15.515 0.003 5.21 425.0
2455530.57100 15.500 0.003 4.27 523.0
2455533.53501 15.514 0.003 5.76 357.0
2455534.57527 15.511 0.003 5.24 403.0
2455535.57855 15.502 0.003 5.18 428.0
2455539.56266 15.507 0.003 4.97 310.0
2455540.56793 15.499 0.003 4.78 415.0
2455542.53798 15.489 0.003 4.36 462.0
2455544.59450 15.499 0.003 4.64 432.0
2455546.53759 15.524 0.004 6.07 691.0
2455547.57603 15.536 0.003 4.67 472.0
2455550.58643 15.517 0.004 6.73 776.0
2455551.57969 15.519 0.003 5.77 941.0
2455554.57383 15.509 0.003 5.53 431.0
2455556.58322 15.506 0.003 5.38 333.0
2455558.56290 15.513 0.003 5.74 331.0
2455561.54983 15.517 0.003 6.44 421.0
2455563.55506 15.514 0.003 6.26 486.0
2455567.55839 15.508 0.003 5.07 264.0
2455570.61586 15.528 0.003 7.13 479.0
2455573.54592 15.515 0.003 6.36 379.0
2455578.54576 15.524 0.003 5.57 626.0
2455581.54870 15.522 0.004 6.65 847.0
2455583.54442 15.535 0.003 5.12 484.0
2455592.53812 15.521 0.003 4.87 326.0
2455699.87743 15.501 0.003 5.85 1112.0
2455700.92819 15.503 0.004 7.25 1551.0
2455724.85703 15.504 0.003 5.37 494.0
2455725.90181 15.493 0.003 4.24 547.0
2455727.94122 15.503 0.004 5.75 1724.0
2455729.91352 15.491 0.004 6.83 940.0
2455734.93822 15.521 0.003 4.89 582.0
2455737.91546 15.512 0.003 5.10 412.0
2455740.90505 15.514 0.003 5.04 466.0
2455740.93493 15.512 0.003 5.04 495.0
2455743.89385 15.501 0.003 5.89 475.0
2455744.91619 15.512 0.003 5.87 617.0
2455746.88512 15.508 0.003 6.57 447.0
2455748.92731 15.526 0.003 7.34 329.0
2455753.94079 15.523 0.003 7.05 547.0
2455756.79495 15.506 0.004 7.31 775.0
2455756.87597 15.508 0.004 6.89 924.0
2455757.80276 15.533 0.004 6.71 1583.0
2455757.83848 15.517 0.004 6.99 972.0
2455759.90595 15.514 0.003 5.22 726.0
2455761.81635 15.507 0.003 4.05 2629.0
2455762.82362 15.520 0.003 6.09 584.0
2455763.92702 15.514 0.003 5.72 469.0
2455764.84667 15.504 0.003 5.13 308.0
2455765.83187 15.526 0.003 5.31 457.0
2455766.84596 15.511 0.003 5.84 369.0
2455767.87854 15.494 0.003 6.14 402.0
2455768.87683 15.510 0.003 4.26 457.0
2455770.87773 15.511 0.003 4.58 248.0
2455776.87301 15.502 0.003 6.55 366.0
2455777.90347 15.500 0.003 5.25 359.0
2455782.86548 15.516 0.003 5.63 265.0
2455783.68157 15.508 0.003 5.44 1164.0
2455785.74678 15.507 0.003 4.93 546.0
2455786.79448 15.507 0.003 5.14 687.0
2455787.78973 15.494 0.003 4.64 643.0
2455788.80561 15.493 0.004 7.81 536.0
2455790.90806 15.512 0.003 4.76 406.0
2455793.81842 15.527 0.003 6.65 313.0
2455794.81045 15.499 0.003 5.71 334.0
2455795.82523 15.497 0.003 4.96 193.0
2455796.75931 15.512 0.003 5.85 437.0
2455798.83231 15.516 0.003 6.17 250.0
2455801.77278 15.505 0.003 7.74 209.0
2455802.76110 15.505 0.003 6.24 325.0
2455803.74647 15.512 0.003 4.83 341.0
2455804.82472 15.516 0.003 4.40 462.0
2455805.75526 15.492 0.003 4.68 410.0
2455806.76539 15.518 0.003 5.40 392.0
2455807.77739 15.521 0.003 6.22 341.0
2455809.75426 15.513 0.003 4.04 329.0
2455810.67235 15.510 0.003 4.47 377.0
2455811.65605 15.500 0.003 6.47 564.0
2455812.72095 15.506 0.003 5.52 468.0
2455813.72784 15.522 0.003 3.66 483.0
2455814.72779 15.510 0.003 6.22 544.0
2455815.77426 15.499 0.003 3.97 616.0
2455816.70501 15.507 0.003 5.07 595.0
2455817.72072 15.512 0.003 4.83 588.0
2455818.67339 15.504 0.003 5.13 698.0
2455819.71963 15.503 0.003 4.99 511.0
2455820.72019 15.512 0.003 5.34 470.0
2455822.70035 15.501 0.003 5.93 322.0
2455823.67447 15.517 0.003 5.29 300.0
2455824.69962 15.513 0.003 6.52 220.0
2455825.76227 15.506 0.003 4.48 258.0
2455826.67951 15.503 0.003 5.23 286.0
2455827.69438 15.522 0.003 4.70 309.0
2455828.69542 15.518 0.003 4.80 324.0
2455829.67616 15.507 0.003 3.73 371.0
2455830.67158 15.513 0.003 4.28 352.0
2455831.68415 15.526 0.003 4.30 326.0
2455832.64299 15.493 0.003 4.46 452.0
2455833.67978 15.501 0.003 3.89 313.0
2455835.64881 15.484 0.003 5.60 310.0
2455836.64207 15.475 0.003 3.99 349.0
2455837.63363 15.500 0.003 4.72 333.0
2455839.65084 15.493 0.003 5.05 338.0
2455840.68971 15.507 0.003 4.86 484.0
2455841.68794 15.525 0.003 5.41 550.0
2455842.71668 15.535 0.003 5.86 501.0
2455843.71085 15.505 0.003 5.08 526.0
2455844.67014 15.515 0.004 7.17 600.0
2455845.70967 15.501 0.003 6.70 724.0
2455846.65863 15.493 0.003 5.34 918.0
2455850.66096 15.491 0.003 4.99 425.0
2455851.67328 15.510 0.003 5.35 374.0
2455852.61113 15.491 0.003 6.23 430.0
2455853.69160 15.524 0.003 7.17 403.0
2455854.63119 15.511 0.003 4.31 430.0
2455855.73340 15.500 0.003 4.10 301.0
2455856.61282 15.501 0.003 4.51 381.0
2455857.60515 15.502 0.003 6.05 336.0
2455858.62403 15.510 0.003 6.56 278.0
2455860.61221 15.513 0.003 6.91 405.0
2455861.60931 15.517 0.003 4.32 357.0
2455862.59479 15.529 0.003 4.69 324.0
2455863.63369 15.505 0.003 4.88 391.0
2455864.55026 15.424 0.003 5.15 427.0
2455865.60362 15.515 0.003 4.35 502.0
2455866.58264 15.520 0.003 4.53 410.0
2455867.57109 15.493 0.003 3.91 443.0
2455868.61250 15.522 0.003 4.11 420.0
2455870.61388 15.493 0.003 3.56 487.0
2455871.55026 15.507 0.003 4.35 529.0
2455872.62939 15.504 0.003 3.68 526.0
2455873.58360 15.496 0.003 4.46 1033.0
2455874.64307 15.503 0.004 6.92 648.0
2455875.63146 15.495 0.003 4.61 625.0
2455878.59985 15.500 0.004 7.52 745.0
2455881.60142 15.498 0.003 6.09 400.0
2455882.66552 15.494 0.003 4.61 467.0
2455885.65685 15.502 0.003 6.13 407.0
2455888.65395 15.494 0.003 4.48 606.0
2455889.60310 15.510 0.003 5.15 480.0
2455890.63057 15.511 0.003 4.35 530.0
2455891.59183 15.513 0.003 5.45 501.0
2455893.55814 15.493 0.003 4.97 368.0
2455894.55877 15.484 0.003 4.72 347.0
2455895.53037 15.476 0.003 4.48 376.0
2455896.55899 15.489 0.003 5.05 421.0
2455897.56841 15.503 0.003 4.49 397.0
2455898.56604 15.496 0.003 5.83 560.0
2455899.56498 15.492 0.003 5.94 529.0
2455900.56733 15.518 0.003 5.12 488.0
2455901.54136 15.522 0.004 7.86 643.0
2455902.56733 15.502 0.004 7.41 602.0
2455903.60245 15.481 0.003 5.21 826.0
2455904.58303 15.514 0.003 4.84 616.0
2455905.53647 15.500 0.003 5.35 729.0
2455906.56751 15.498 0.003 5.02 1319.0
2455907.57920 15.499 0.003 6.21 557.0
2455909.56301 15.501 0.003 5.15 422.0
2455911.54078 15.508 0.003 5.93 422.0
2455913.57439 15.508 0.003 5.92 554.0
2455914.60608 15.505 0.003 4.08 380.0
2455915.57063 15.521 0.003 4.85 290.0
2455916.57363 15.497 0.003 5.16 363.0
2455917.57346 15.474 0.003 4.03 340.0
2455918.56973 15.512 0.003 5.40 347.0
2455922.59516 15.504 0.003 4.61 340.0
2455923.57615 15.494 0.003 4.15 328.0
2455924.54393 15.499 0.003 4.64 394.0
2455925.60483 15.510 0.003 5.30 455.0
2455926.61818 15.504 0.003 6.75 407.0
2455929.57234 15.517 0.003 6.93 442.0
2455931.60013 15.496 0.004 7.41 671.0
2455932.57115 15.506 0.003 5.10 711.0
2455933.64211 15.506 0.003 5.29 976.0
2455934.61884 15.496 0.003 3.76 851.0
2455935.58737 15.492 0.003 5.27 1059.0
2455936.59402 15.516 0.003 4.78 1823.0
2455936.62435 15.502 0.003 4.87 1674.0
2455937.59248 15.489 0.003 5.71 739.0
2455938.55257 15.493 0.003 6.08 441.0
2455939.61446 15.500 0.003 4.42 647.0
2455940.61347 15.512 0.003 4.80 350.0
2455941.57013 15.490 0.003 5.16 511.0
2455942.57292 15.495 0.003 4.81 371.0
2455943.60803 15.524 0.003 5.99 730.0
2455944.60161 15.507 0.003 4.98 339.0
2455945.58849 15.493 0.003 4.28 689.0
2455946.56713 15.504 0.003 5.57 350.0
2455947.59775 15.510 0.003 7.14 517.0
2455948.54569 15.484 0.003 5.50 354.0
2455950.54316 15.504 0.003 7.15 325.0
2455953.54167 15.478 0.003 5.13 553.0
2455955.57420 15.476 0.003 4.65 419.0
2455958.54628 15.501 0.003 5.86 399.0
2455961.53493 15.492 0.003 5.28 582.0
2455964.53666 15.478 0.004 6.53 932.0
2455973.54844 15.484 0.003 5.44 321.0
2455981.52513 15.497 0.003 7.14 516.0
2455984.51704 15.482 0.003 5.04 531.0
2456083.90366 15.476 0.003 4.96 782.0
2456084.87705 15.488 0.003 5.48 819.0
2456089.94526 15.460 0.003 5.62 1087.0
2456094.93315 15.489 0.003 5.30 441.0
2456097.94545 15.499 0.003 5.22 623.0
2456110.75283 15.513 0.003 5.36 813.0
2456115.92134 15.495 0.003 5.81 527.0
2456116.86182 15.484 0.003 4.25 432.0
2456124.94815 15.501 0.003 4.25 1075.0
2456131.83631 15.487 0.003 5.17 359.0
2456135.88493 15.516 0.003 5.43 363.0
2456140.79763 15.488 0.003 6.26 654.0
2456151.81573 15.508 0.003 5.31 357.0
2456159.83377 15.484 0.003 5.12 284.0
2456169.73590 15.486 0.003 5.16 790.0
2456181.69961 15.475 0.003 6.33 381.0
2456183.70464 15.478 0.003 4.68 173.0
2456187.70418 15.504 0.003 6.55 284.0
2456189.74909 15.494 0.003 8.42 291.0
2456195.78704 15.495 0.003 4.22 435.0
2456202.63047 15.482 0.003 6.72 632.0
2456207.75876 15.495 0.003 7.72 441.0
2456211.74346 15.484 0.003 5.26 354.0
2456211.77391 15.505 0.003 5.47 442.0
2456214.71404 15.489 0.003 6.54 285.0
2456216.71963 15.500 0.003 3.92 306.0
2456218.72220 15.479 0.003 6.44 324.0
2456219.73428 15.490 0.003 5.67 283.0
2456221.69343 15.484 0.003 7.63 331.0
2456232.72862 15.482 0.003 5.56 575.0
2456234.74318 15.483 0.003 4.62 483.0
2456236.69816 15.486 0.003 4.49 460.0
2456239.64629 15.470 0.003 5.72 282.0
2456245.63268 15.472 0.003 4.55 416.0
2456248.52208 15.462 0.003 5.55 336.0
2456251.52271 15.468 0.003 3.78 383.0
2456254.52696 15.477 0.003 5.93 421.0
2456257.52712 15.472 0.003 4.92 574.0
2456262.53607 15.484 0.003 6.91 367.0
2456265.61727 15.486 0.003 4.22 283.0
2456270.58298 15.475 0.003 4.24 272.0
2456275.53832 15.474 0.003 5.30 361.0
2456283.54293 15.468 0.003 4.13 458.0
2456286.54383 15.464 0.003 5.48 544.0
2456290.57958 15.473 0.003 4.64 542.0
2456293.60129 15.482 0.003 5.02 390.0
2456296.59515 15.486 0.003 6.01 373.0
2456305.54507 15.470 0.003 6.14 321.0
2456452.94571 15.558 0.003 4.34 867.0
2456463.95036 15.567 0.003 4.49 1240.0
2456467.86753 15.585 0.003 6.59 706.0
2456476.90278 15.570 0.003 5.65 420.0
2456483.86387 15.529 0.003 7.34 376.0
2456491.89959 15.551 0.003 4.41 403.0
2456497.87878 15.575 0.003 4.88 587.0
2456505.86951 15.569 0.003 5.52 363.0
2456511.82435 15.576 0.003 5.33 234.0
2456518.81233 15.584 0.003 4.55 217.0
2456522.69595 15.589 0.003 5.27 491.0
2456525.79064 15.572 0.003 5.57 798.0
2456531.76228 15.595 0.003 6.82 280.0
2456532.72128 15.558 0.003 5.52 313.0
2456533.74761 15.583 0.003 4.09 229.0
2456534.74879 15.566 0.003 4.74 238.0
2456537.74640 15.584 0.003 6.47 229.0
2456539.80616 15.567 0.003 4.12 281.0
2456545.70301 15.550 0.003 4.29 212.0
2456548.66690 15.561 0.003 4.74 287.0
2456555.72657 15.576 0.003 4.77 547.0
2456558.74568 15.584 0.003 4.03 408.0
2456561.70908 15.566 0.003 5.45 200.0
2456564.62203 15.585 0.003 4.80 291.0
2456569.67249 15.578 0.003 4.36 217.0
2456573.65845 15.571 0.003 4.48 267.0
2456577.70011 15.562 0.003 4.29 292.0
2456582.63874 15.567 0.003 3.60 558.0
2456586.59432 15.578 0.003 6.90 376.0
2456593.58682 15.560 0.003 5.86 343.0
2456603.51804 15.562 0.003 6.30 413.0
2456608.60688 15.575 0.003 3.78 454.0
2456611.58639 15.577 0.003 4.10 446.0
2456614.55397 15.580 0.003 5.04 560.0
2456616.57832 15.588 0.003 4.43 475.0
2456618.53263 15.584 0.003 6.50 315.0
2456622.60652 15.568 0.003 4.37 271.0
2456624.52693 15.575 0.003 5.65 349.0
2456629.57816 15.583 0.003 5.03 269.0
2456631.55535 15.594 0.003 5.80 363.0
2456633.56284 15.579 0.003 4.13 505.0
2456635.55530 15.531 0.003 5.03 382.0
2456637.57924 15.592 0.003 5.84 468.0
2456639.56920 15.595 0.003 5.66 427.0
2456641.55458 15.588 0.003 5.12 501.0
2456644.56002 15.585 0.003 5.43 482.0
2456645.56347 15.597 0.003 5.07 404.0
2456646.56890 15.576 0.003 4.85 411.0
2456647.55470 15.591 0.003 6.59 288.0
2456648.55257 15.583 0.003 5.92 398.0
2456649.70412 15.567 0.003 6.29 416.0
2456650.59622 15.600 0.003 3.79 330.0
2456651.59312 15.591 0.003 7.01 287.0
2456653.57563 15.590 0.003 5.58 275.0
2456655.56536 15.607 0.003 5.25 290.0
2456657.57656 15.582 0.003 4.74 399.0
2456660.57987 15.583 0.003 7.05 389.0
2456663.57353 15.595 0.003 6.22 368.0
2456666.60277 15.600 0.003 5.24 332.0
2456670.57962 15.588 0.003 5.28 533.0
2456676.53538 15.609 0.003 7.49 400.0
2456677.55443 15.598 0.003 4.92 382.0
2456678.54675 15.597 0.003 6.19 280.0
2456679.54802 15.607 0.003 5.93 309.0
2456680.55680 15.595 0.003 5.12 255.0
2456683.53772 15.591 0.003 6.69 386.0
2456687.54679 15.591 0.003 7.61 273.0
2456689.52487 15.585 0.004 7.01 1466.0
2456700.52073 15.601 0.003 5.54 1129.0
2456701.51948 15.596 0.004 7.07 1235.0
2456702.52114 15.601 0.004 7.69 1113.0
2456704.51961 15.601 0.004 7.61 1012.0
2456083.90366 15.476 0.003 4.96 782.0
2456084.87705 15.488 0.003 5.48 819.0
2456089.94526 15.460 0.003 5.62 1087.0
2456094.93315 15.489 0.003 5.30 441.0
2456097.94545 15.499 0.003 5.22 623.0
2456110.75283 15.513 0.003 5.36 813.0
2456115.92134 15.495 0.003 5.81 527.0
2456116.86182 15.484 0.003 4.25 432.0
2456124.94815 15.501 0.003 4.25 1075.0
2456131.83631 15.487 0.003 5.17 359.0
2456135.88493 15.516 0.003 5.43 363.0
2456140.79763 15.488 0.003 6.26 654.0
2456151.81573 15.508 0.003 5.31 357.0
2456159.83377 15.484 0.003 5.12 284.0
2456169.73590 15.486 0.003 5.16 790.0
2456181.69961 15.475 0.003 6.33 381.0
2456183.70464 15.478 0.003 4.68 173.0
2456187.70418 15.504 0.003 6.55 284.0
2456189.74909 15.494 0.003 8.42 291.0
2456195.78704 15.495 0.003 4.22 435.0
2456202.63047 15.482 0.003 6.72 632.0
2456207.75876 15.495 0.003 7.72 441.0
2456211.74346 15.484 0.003 5.26 354.0
2456211.77391 15.505 0.003 5.47 442.0
2456214.71404 15.489 0.003 6.54 285.0
2456216.71963 15.500 0.003 3.92 306.0
2456218.72220 15.479 0.003 6.44 324.0
2456219.73428 15.490 0.003 5.67 283.0
2456221.69343 15.484 0.003 7.63 331.0
2456232.72862 15.482 0.003 5.56 575.0
2456234.74318 15.483 0.003 4.62 483.0
2456236.69816 15.486 0.003 4.49 460.0
2456239.64629 15.470 0.003 5.72 282.0
2456245.63268 15.472 0.003 4.55 416.0
2456248.52208 15.462 0.003 5.55 336.0
2456251.52271 15.468 0.003 3.78 383.0
2456254.52696 15.477 0.003 5.93 421.0
2456257.52712 15.472 0.003 4.92 574.0
2456262.53607 15.484 0.003 6.91 367.0
2456265.61727 15.486 0.003 4.22 283.0
2456270.58298 15.475 0.003 4.24 272.0
2456275.53832 15.474 0.003 5.30 361.0
2456283.54293 15.468 0.003 4.13 458.0
2456286.54383 15.464 0.003 5.48 544.0
2456290.57958 15.473 0.003 4.64 542.0
2456293.60129 15.482 0.003 5.02 390.0
2456296.59515 15.486 0.003 6.01 373.0
2456305.54507 15.470 0.003 6.14 321.0
2456452.94571 15.558 0.003 4.34 867.0
2456463.95036 15.567 0.003 4.49 1240.0
2456467.86753 15.585 0.003 6.59 706.0
2456476.90278 15.570 0.003 5.65 420.0
2456483.86387 15.529 0.003 7.34 376.0
2456491.89959 15.551 0.003 4.41 403.0
2456497.87878 15.575 0.003 4.88 587.0
2456505.86951 15.569 0.003 5.52 363.0
2456511.82435 15.576 0.003 5.33 234.0
2456518.81233 15.584 0.003 4.55 217.0
2456522.69595 15.589 0.003 5.27 491.0
2456525.79064 15.572 0.003 5.57 798.0
2456531.76228 15.595 0.003 6.82 280.0
2456532.72128 15.558 0.003 5.52 313.0
2456533.74761 15.583 0.003 4.09 229.0
2456534.74879 15.566 0.003 4.74 238.0
2456537.74640 15.584 0.003 6.47 229.0
2456539.80616 15.567 0.003 4.12 281.0
2456545.70301 15.550 0.003 4.29 212.0
2456548.66690 15.561 0.003 4.74 287.0
2456555.72657 15.576 0.003 4.77 547.0
2456558.74568 15.584 0.003 4.03 408.0
2456561.70908 15.566 0.003 5.45 200.0
2456564.62203 15.585 0.003 4.80 291.0
2456569.67249 15.578 0.003 4.36 217.0
2456573.65845 15.571 0.003 4.48 267.0
2456577.70011 15.562 0.003 4.29 292.0
2456582.63874 15.567 0.003 3.60 558.0
2456586.59432 15.578 0.003 6.90 376.0
2456593.58682 15.560 0.003 5.86 343.0
2456603.51804 15.562 0.003 6.30 413.0
2456608.60688 15.575 0.003 3.78 454.0
2456611.58639 15.577 0.003 4.10 446.0
2456614.55397 15.580 0.003 5.04 560.0
2456616.57832 15.588 0.003 4.43 475.0
2456618.53263 15.584 0.003 6.50 315.0
2456622.60652 15.568 0.003 4.37 271.0
2456624.52693 15.575 0.003 5.65 349.0
2456629.57816 15.583 0.003 5.03 269.0
2456631.55535 15.594 0.003 5.80 363.0
2456633.56284 15.579 0.003 4.13 505.0
2456635.55530 15.531 0.003 5.03 382.0
2456637.57924 15.592 0.003 5.84 468.0
2456639.56920 15.595 0.003 5.66 427.0
2456641.55458 15.588 0.003 5.12 501.0
2456644.56002 15.585 0.003 5.43 482.0
2456645.56347 15.597 0.003 5.07 404.0
2456646.56890 15.576 0.003 4.85 411.0
2456647.55470 15.591 0.003 6.59 288.0
2456648.55257 15.583 0.003 5.92 398.0
2456649.70412 15.567 0.003 6.29 416.0
2456650.59622 15.600 0.003 3.79 330.0
2456651.59312 15.591 0.003 7.01 287.0
2456653.57563 15.590 0.003 5.58 275.0
2456655.56536 15.607 0.003 5.25 290.0
2456657.57656 15.582 0.003 4.74 399.0
2456660.57987 15.583 0.003 7.05 389.0
2456663.57353 15.595 0.003 6.22 368.0
2456666.60277 15.600 0.003 5.24 332.0
2456670.57962 15.588 0.003 5.28 533.0
2456676.53538 15.609 0.003 7.49 400.0
2456677.55443 15.598 0.003 4.92 382.0
2456678.54675 15.597 0.003 6.19 280.0
2456679.54802 15.607 0.003 5.93 309.0
2456680.55680 15.595 0.003 5.12 255.0
2456683.53772 15.591 0.003 6.69 386.0
2456687.54679 15.591 0.003 7.61 273.0
2456689.52487 15.585 0.004 7.01 1466.0
2456700.52073 15.601 0.003 5.54 1129.0
2456701.51948 15.596 0.004 7.07 1235.0
2456702.52114 15.601 0.004 7.69 1113.0
2456704.51961 15.601 0.004 7.61 1012.0
2456793.91802 15.587 0.003 4.10 934.0
2456795.87069 15.605 0.003 4.93 1031.0
2456828.94016 15.601 0.003 5.50 549.0
2456834.89939 15.601 0.003 5.35 742.0
2456839.91941 15.587 0.004 6.56 814.0
2456847.88069 15.588 0.003 3.74 386.0
2456855.92451 15.611 0.003 4.55 506.0
2456864.84128 15.598 0.003 5.19 392.0
2456870.84043 15.598 0.003 4.90 348.0
2456874.81184 15.602 0.003 6.75 286.0
2456879.81371 15.601 0.003 5.21 854.0
2456883.77401 15.588 0.003 4.77 522.0
2456887.77923 15.579 0.003 4.47 339.0
2456890.80863 15.603 0.003 6.28 417.0
2456896.77558 15.580 0.004 8.56 399.0
2456906.77110 15.601 0.004 7.32 520.0
2456910.73365 15.603 0.004 6.79 671.0
2456919.69780 15.527 0.003 5.88 260.0
2456923.68894 15.602 0.004 8.12 299.0
2456927.70951 15.592 0.003 6.11 365.0
2456931.68204 15.596 0.003 4.21 409.0
2456937.66612 15.599 0.003 4.25 739.0
2456941.63159 15.598 0.004 6.46 846.0
2456944.65343 15.593 0.003 3.88 351.0
2456950.64954 15.581 0.003 4.96 430.0
2456953.65667 15.579 0.003 5.18 336.0
2456956.62160 15.574 0.003 4.64 356.0
2456961.69890 15.582 0.003 6.15 440.0
2456965.56371 15.587 0.004 6.00 675.0
2456969.60052 15.588 0.003 5.71 588.0
2456973.55602 15.585 0.003 6.00 363.0
2456977.57552 15.585 0.003 6.31 348.0
2456980.55336 15.588 0.003 5.57 492.0
2456984.58585 15.597 0.003 4.66 429.0
2456988.60916 15.581 0.003 5.26 429.0
2456994.56643 15.591 0.003 4.78 510.0
2456998.56999 15.591 0.003 4.73 744.0
2457001.60509 15.575 0.004 7.42 424.0
2457006.53911 15.587 0.003 5.87 562.0
2457011.56819 15.578 0.003 5.63 388.0
2457013.54724 15.565 0.004 7.92 407.0
2457017.54710 15.583 0.003 5.45 413.0
2457029.54108 15.593 0.003 4.77 687.0
2457033.54998 15.587 0.004 6.35 557.0
2457039.54650 15.592 0.003 5.21 540.0
2457044.53702 15.570 0.003 5.77 434.0
2457190.93520 15.545 0.003 5.84 712.0
2457197.94177 15.565 0.003 7.13 487.0
2457204.87752 15.578 0.003 5.12 1016.0
2457205.86325 15.550 0.003 5.34 1041.0
2457210.89641 15.547 0.003 5.50 592.0
2457217.91824 15.543 0.003 6.61 376.0
2457223.91286 15.563 0.003 6.84 352.0
2457229.88227 15.558 0.003 4.67 437.0
2457235.84499 15.530 0.003 4.71 807.0
2457249.79162 15.543 0.003 5.65 290.0
2457253.82696 15.543 0.003 4.98 258.0
2457258.78936 15.536 0.003 4.39 268.0
2457262.79072 15.542 0.003 4.73 598.0
2457265.78850 15.524 0.003 5.35 556.0
2457268.80731 15.543 0.003 4.55 387.0
2457274.76986 15.556 0.003 6.66 242.0
2457277.78226 15.558 0.003 7.62 268.0
2457287.69156 15.552 0.003 7.38 288.0
2457293.72309 15.518 0.003 4.26 972.0
2457298.71011 15.551 0.003 6.19 449.0
2457306.70417 15.506 0.003 6.20 337.0
2457312.63868 15.539 0.003 6.01 422.0
2457317.62575 15.528 0.003 5.69 616.0
2457324.59942 15.539 0.003 5.70 628.0
2457334.55478 15.531 0.003 5.17 415.0
2457339.58743 15.532 0.003 5.53 368.0
2457344.60281 15.525 0.003 5.72 421.0
2457348.58907 15.517 0.003 6.51 569.0
2457354.61717 15.532 0.003 5.56 556.0
2457357.57835 15.551 0.003 5.72 429.0
2457361.55998 15.525 0.003 5.10 322.0
2457364.55905 15.529 0.003 5.63 465.0
2457367.59163 15.503 0.003 4.99 325.0
2457374.59154 15.533 0.003 4.83 400.0
2457378.54154 15.531 0.003 4.69 622.0
2457383.56776 15.531 0.003 5.29 525.0
2457387.59312 15.527 0.003 5.66 319.0
2457390.54703 15.541 0.003 6.30 409.0
2457396.54729 15.525 0.003 5.81 404.0
2457401.53729 15.532 0.004 7.86 564.0
2457404.54389 15.528 0.003 4.28 496.0
2457407.55428 15.527 0.003 3.69 476.0
2457416.54409 15.537 0.003 7.13 369.0
2457433.52313 15.512 0.003 4.32 804.0
2457550.94621 15.560 0.004 6.48 1355.0
2457560.89673 15.542 0.003 6.02 702.0
2457567.93808 15.556 0.003 5.76 530.0
2457576.92946 15.562 0.003 6.33 378.0
2457583.87920 15.571 0.003 5.94 266.0
2457587.91057 15.526 0.003 5.19 502.0
2457593.86290 15.554 0.003 5.64 374.0
2457601.84400 15.544 0.003 5.53 363.0
2457604.80940 15.562 0.003 4.71 250.0
2457611.80621 15.547 0.003 5.40 302.0
2457617.80946 15.574 0.003 5.72 599.0
2457621.76510 15.561 0.003 6.69 407.0
2457622.77525 15.555 0.003 4.44 393.0
2457623.74418 15.568 0.003 5.14 279.0
2457624.76429 15.581 0.003 6.10 342.0
2457624.77924 15.582 0.003 6.25 335.0
2457625.75830 15.553 0.003 4.72 258.0
2457626.74200 15.590 0.003 5.04 321.0
2457629.79710 15.553 0.003 6.14 227.0
2457630.74546 15.551 0.003 5.94 249.0
2457631.79739 15.576 0.003 4.22 273.0
2457632.76582 15.540 0.003 4.66 304.0
2457633.80743 15.576 0.003 5.33 291.0
2457634.75019 15.550 0.003 5.35 289.0
2457635.78056 15.568 0.003 7.58 325.0
2457636.75711 15.536 0.003 6.47 260.0
2457637.72246 15.576 0.003 5.18 315.0
2457638.71921 15.536 0.003 4.57 331.0
2457639.74612 15.565 0.003 4.61 238.0
2457643.70148 15.548 0.003 6.29 394.0
2457644.72407 15.579 0.003 6.13 874.0
2457646.69017 15.565 0.003 5.19 661.0
2457647.71929 15.564 0.003 4.15 751.0
2457648.73320 15.548 0.003 4.37 722.0
2457649.74589 15.561 0.003 3.81 553.0
2457650.72670 15.533 0.003 5.24 418.0
2457651.73073 15.562 0.003 4.54 453.0
2457652.70458 15.532 0.003 3.98 318.0
2457653.73247 15.552 0.003 4.12 406.0
2457655.72544 15.584 0.003 5.82 250.0
2457656.69066 15.522 0.003 4.14 321.0
2457657.68496 15.568 0.003 4.32 302.0
2457658.69810 15.537 0.003 4.47 289.0
2457659.69504 15.553 0.003 4.49 360.0
2457660.67706 15.521 0.003 6.46 261.0
2457661.69737 15.520 0.003 4.27 243.0
2457662.71349 15.566 0.003 5.60 252.0
2457663.64278 15.522 0.003 4.47 272.0
2457664.66815 15.557 0.003 5.84 402.0
2457666.66570 15.549 0.003 4.85 297.0
2457667.65473 15.529 0.003 4.43 308.0
2457671.69031 15.561 0.003 4.30 345.0
2457679.77930 15.543 0.004 7.31 797.0
2457680.67002 15.560 0.004 7.20 521.0
2457681.71030 15.529 0.003 5.74 467.0
2457682.68667 15.558 0.003 3.78 412.0
2457683.63921 15.534 0.003 6.29 345.0
2457684.66062 15.560 0.003 6.00 390.0
2457686.64161 15.578 0.003 6.49 505.0
2457687.66543 15.561 0.003 5.14 511.0
2457689.65352 15.581 0.003 5.11 333.0
2457690.67846 15.531 0.003 4.93 424.0
2457691.62499 15.557 0.003 4.31 345.0
2457692.63217 15.565 0.003 6.92 372.0
2457697.63714 15.550 0.003 4.25 361.0
2457700.59323 15.568 0.003 5.76 517.0
2457704.54756 15.571 0.003 5.08 742.0
2457708.56935 15.528 0.003 5.06 648.0
2457712.57643 15.516 0.003 6.71 327.0
2457714.61324 15.546 0.003 6.74 302.0
2457716.59304 15.542 0.003 6.87 394.0
2457724.57958 15.560 0.003 5.31 267.0
2457734.58599 15.560 0.003 5.50 668.0
2457739.57083 15.539 0.003 5.50 369.0
2457744.53981 15.555 0.003 4.62 354.0
2457754.56438 15.557 0.003 5.58 349.0
2457758.56242 15.570 0.003 4.60 452.0
2457763.58238 15.561 0.003 4.41 797.0
2457767.54680 15.547 0.003 5.34 563.0
2457772.54418 15.557 0.003 6.46 433.0
2457923.93131 15.500 0.003 5.80 508.0
2457932.94336 15.507 0.003 6.35 649.0
2457938.89924 15.535 0.003 7.15 350.0
2457944.86040 15.526 0.003 5.41 617.0
2457948.86942 15.530 0.003 5.55 477.0
2457952.90315 15.486 0.003 6.32 303.0
2457957.93443 15.535 0.003 5.97 288.0
2457960.92247 15.537 0.003 4.63 307.0
2457964.91807 15.543 0.003 4.76 435.0
2457971.84873 15.519 0.003 4.92 616.0
2457973.81260 15.536 0.004 6.77 842.0
2457980.77928 15.550 0.003 4.83 500.0
2457983.80645 15.505 0.003 4.02 365.0
2457986.76382 15.536 0.003 4.49 315.0
2457991.80133 15.546 0.003 5.09 291.0
2457994.76822 15.500 0.003 5.83 399.0
2458001.74326 15.514 0.003 4.48 604.0
2458004.73410 15.559 0.004 6.27 618.0
2458010.71163 15.496 0.003 6.20 264.0
2458017.78081 15.526 0.003 6.54 342.0
2458020.76409 15.544 0.003 3.68 279.0
2458027.64365 15.552 0.004 6.96 587.0
2458031.79270 15.535 0.004 6.57 908.0
2458034.68063 15.491 0.004 7.25 518.0
2458037.67004 15.517 0.003 6.50 334.0
2458040.77739 15.523 0.003 5.35 312.0
2458043.66965 15.512 0.003 5.14 270.0
2458046.60975 15.536 0.003 5.92 418.0
2458053.66441 15.525 0.003 4.81 397.0
2458057.63842 15.512 0.003 4.21 514.0
2458064.55574 15.545 0.003 5.94 409.0
2458067.58394 15.532 0.003 4.24 436.0
2458071.54966 15.503 0.003 4.77 282.0
2458075.56286 15.552 0.003 5.53 311.0
2458080.55540 15.556 0.003 4.05 439.0
2458085.55897 15.530 0.003 5.74 578.0
2458090.58442 15.499 0.004 6.68 759.0
2458094.56737 15.510 0.003 4.73 304.0
2458103.53826 15.493 0.003 4.67 320.0
2458110.58287 15.491 0.003 5.79 553.0
2458115.57353 15.523 0.003 5.01 373.0
2458122.57027 15.536 0.003 4.69 495.0
2458132.59850 15.484 0.003 4.92 314.0
2458136.54668 15.573 0.003 6.66 417.0
2458138.55761 15.541 0.003 6.05 624.0
2458139.58371 15.506 0.003 5.25 376.0
2458140.56840 15.527 0.003 4.96 502.0
2458142.53049 15.519 0.004 7.26 1314.0
2458284.93872 15.500 0.003 4.99 394.0
2458291.92463 15.474 0.003 4.30 386.0
2458306.88215 15.455 0.003 6.70 420.0
2458311.87816 15.468 0.003 4.23 416.0
2458312.89133 15.495 0.003 4.92 281.0
2458318.90411 15.509 0.004 8.38 341.0
2458328.81698 15.519 0.004 7.01 735.0
2458332.82552 15.491 0.003 4.74 396.0
2458335.84521 15.475 0.003 5.52 477.0
2458336.87482 15.471 0.003 3.93 454.0
2458340.81457 15.446 0.003 4.38 253.0
2458344.76998 15.486 0.003 4.40 237.0
2458347.75704 15.487 0.003 4.22 201.0
2458355.79445 15.491 0.003 3.87 559.0
2458358.78903 15.461 0.003 5.80 609.0
2458362.79805 15.454 0.003 6.90 339.0
2458366.84856 15.492 0.003 6.05 296.0
2458371.75309 15.465 0.003 4.19 249.0
2458376.72705 15.497 0.003 6.90 333.0
2458383.68008 15.478 0.003 4.90 560.0
2458385.70714 15.452 0.003 3.90 607.0
2458393.70463 15.449 0.003 4.32 186.0
2458406.64287 15.457 0.003 7.00 315.0
2458410.63832 15.494 0.003 5.10 436.0
2458415.59320 15.466 0.003 6.18 824.0
2458422.77257 15.465 0.003 5.54 405.0
2458423.58954 15.467 0.003 5.52 319.0
2458424.64905 15.441 0.003 4.04 418.0
2458426.62251 15.455 0.003 4.45 361.0
2458427.57623 15.433 0.003 5.12 320.0
2458430.60655 15.438 0.003 4.40 278.0
2458432.57290 15.435 0.003 5.26 275.0
2458432.59118 15.450 0.003 5.52 261.0
2458436.52688 15.435 0.003 7.92 422.0
2458436.64229 15.437 0.003 6.70 321.0
2458437.60629 15.433 0.003 4.41 486.0
2458440.57993 15.376 0.003 3.55 490.0
2458441.61036 15.394 0.003 5.05 597.0
2458442.56999 15.401 0.003 4.73 570.0
2458443.54176 15.382 0.003 5.27 568.0
2458444.60173 15.386 0.003 4.81 674.0
2458444.60509 15.389 0.003 4.04 650.0
2458444.63220 15.386 0.003 5.15 783.0
2458445.63653 15.385 0.003 5.28 780.0
2458446.64519 15.383 0.003 3.51 624.0
2458447.56437 15.380 0.003 4.49 547.0
2458448.53752 15.371 0.003 4.89 287.0
2458448.55264 15.367 0.003 4.34 281.0
2458449.58843 15.354 0.003 3.86 363.0
2458450.59384 15.380 0.003 4.90 317.0
2458451.55915 15.340 0.003 4.62 486.0
2458451.60233 15.347 0.003 4.47 444.0
2458452.60553 15.379 0.003 4.11 394.0
2458453.59860 15.381 0.003 4.56 410.0
2458454.56411 15.357 0.003 4.69 299.0
2458454.63365 15.352 0.003 4.57 329.0
2458456.66416 15.370 0.003 7.51 276.0
2458457.60635 15.385 0.003 6.64 363.0
2458458.67129 15.381 0.003 7.23 359.0
2458459.60452 15.363 0.003 6.31 283.0
2458461.55725 15.378 0.003 6.53 279.0
2458461.60841 15.376 0.003 5.49 264.0
2458462.57405 15.369 0.003 7.15 269.0
2458464.60244 15.405 0.003 4.73 368.0
2458465.56378 15.386 0.003 4.61 236.0
2458465.60670 15.374 0.003 4.23 244.0
2458467.61079 15.377 0.003 4.33 326.0
2458468.56192 15.406 0.003 5.53 359.0
2458469.55691 15.388 0.003 6.03 373.0
2458471.57760 15.395 0.003 4.47 464.0
2458472.58077 15.369 0.003 5.24 583.0
2458473.55372 15.389 0.003 4.62 608.0
2458474.56705 15.390 0.003 6.06 596.0
2458475.56038 15.371 0.003 4.37 655.0
2458476.55207 15.390 0.003 5.68 507.0
2458477.56080 15.415 0.003 4.49 258.0
2458478.56204 15.396 0.003 4.85 229.0
2458479.56673 15.439 0.003 4.22 236.0
2458480.55481 15.389 0.003 4.47 301.0
2458481.54173 15.404 0.003 4.15 376.0
2458482.54447 15.383 0.003 4.86 330.0
2458483.55931 15.370 0.003 4.51 374.0
2458484.55666 15.418 0.003 4.56 240.0
2458487.54650 15.437 0.003 4.84 317.0
2458488.53265 15.420 0.003 4.00 1207.0
2458491.54575 15.428 0.003 6.30 313.0
2458495.55703 15.469 0.003 6.46 336.0
2458496.56859 15.412 0.003 5.45 301.0
2458500.54361 15.449 0.003 6.23 443.0
2458503.56044 15.440 0.003 4.02 797.0
2458504.56906 15.419 0.003 4.02 961.0
2458507.56562 15.416 0.003 5.26 547.0
2458510.57439 15.447 0.003 6.27 287.0
2458511.56880 15.463 0.003 5.00 530.0
2458516.56061 15.473 0.003 7.03 349.0
2458643.92372 15.478 0.003 4.80 375.0
2458648.93494 15.476 0.003 5.68 399.0
2458650.92818 15.434 0.003 6.50 792.0
2458655.93022 15.456 0.003 5.38 532.0
2458663.90877 15.462 0.003 7.48 397.0
2458667.88171 15.476 0.003 5.54 346.0
2458669.88588 15.486 0.003 5.47 286.0
2458676.87277 15.463 0.003 5.12 389.0
2458683.86221 15.494 0.003 5.85 450.0
2458691.88876 15.489 0.003 4.02 335.0
2458695.83519 15.454 0.003 4.42 299.0
2458701.80903 15.495 0.003 4.63 356.0
2458705.79530 15.452 0.003 6.11 286.0
2458711.80266 15.483 0.004 6.70 1213.0
2458715.77961 15.455 0.003 4.45 345.0
2458719.78823 15.454 0.003 5.13 271.0
2458723.75148 15.461 0.003 4.32 250.0
2458727.73483 15.494 0.003 4.88 239.0
2458734.71057 15.467 0.003 6.89 384.0
2458738.72016 15.512 0.003 6.85 641.0
2458741.70055 15.486 0.003 4.94 566.0
2458746.73910 15.498 0.003 6.72 328.0
2458750.69582 15.462 0.003 5.06 223.0
2458755.70044 15.464 0.003 4.66 289.0
2458759.65115 15.504 0.003 6.79 311.0
2458762.63682 15.499 0.003 5.53 340.0
2458764.63928 15.480 0.003 6.80 363.0
2458768.63292 15.467 0.003 6.68 546.0
2458772.69469 15.507 0.003 6.99 489.0
2458774.65032 15.470 0.003 5.81 429.0
2458775.60836 15.483 0.003 6.79 291.0
2458777.62074 15.467 0.003 5.84 340.0
2458780.57717 15.492 0.003 5.11 497.0
2458783.62781 15.512 0.003 4.12 221.0
2458786.58135 15.481 0.003 6.52 308.0
2458791.60340 15.502 0.003 6.11 407.0
2458791.67814 15.510 0.003 6.36 445.0
2458794.55888 15.477 0.003 4.63 414.0
2458797.57364 15.470 0.003 3.95 686.0
2458800.61671 15.481 0.003 5.38 872.0
2458803.60215 15.490 0.003 6.49 443.0
2458806.59497 15.478 0.003 4.49 309.0
2458810.57260 15.477 0.003 3.79 339.0
2458816.55442 15.474 0.003 5.72 382.0
2458821.55387 15.477 0.003 7.51 374.0
2458821.62409 15.487 0.003 6.42 373.0
2458824.55880 15.472 0.003 5.25 451.0
2458827.56142 15.478 0.003 6.54 537.0
2458828.62356 15.507 0.003 4.96 699.0
2458831.55826 15.502 0.003 4.99 379.0
2458836.55841 15.496 0.003 5.42 341.0
2458840.56342 15.474 0.003 5.34 296.0
2458844.56052 15.482 0.003 4.82 224.0
2458848.59324 15.475 0.003 5.11 323.0
2458857.57788 15.529 0.003 6.36 735.0
2458862.59113 15.481 0.003 4.69 431.0
2458869.57316 15.475 0.003 6.71 311.0
