2452086.89212 15.917 0.006 6.63 905.0
2452103.89894 15.954 0.004 4.22 574.0
2452105.92907 15.942 0.005 5.59 603.0
2452106.89468 15.956 0.005 5.49 678.0
2452112.84706 15.951 0.005 5.94 527.0
2452114.82886 15.954 0.006 7.22 666.0
2452116.87482 15.944 0.005 5.60 460.0
2452122.81416 15.947 0.008 6.32 3371.0
2452123.82175 15.940 0.005 4.85 1013.0
2452124.84219 15.948 0.006 5.64 1371.0
2452127.83834 15.955 0.008 1.48 1229.0
2452128.82925 15.937 0.005 5.73 1080.0
2452129.86123 15.941 0.005 4.88 928.0
2452130.84761 15.945 0.005 4.81 998.0
2452131.84169 15.922 0.005 5.61 724.0
2452132.81000 15.952 0.005 5.83 690.0
2452133.89832 15.947 0.006 6.36 918.0
2452134.81376 15.928 0.006 7.35 678.0
2452135.84783 15.955 0.005 5.42 943.0
2452137.89546 15.944 0.006 5.92 931.0
2452140.81508 15.951 0.005 5.76 579.0
2452141.85237 15.947 0.007 8.04 974.0
2452142.75544 15.942 0.005 5.46 644.0
2452143.82093 15.942 0.005 4.48 762.0
2452144.82762 15.928 0.004 3.75 608.0
2452155.88236 15.955 0.006 6.19 1148.0
2452156.82895 15.960 0.005 5.59 769.0
2452160.75833 15.937 0.005 6.98 492.0
2452162.76516 15.954 0.005 5.99 414.0
2452165.74749 15.888 0.005 7.57 462.0
2452166.75976 15.778 0.004 5.10 419.0
2452167.76821 15.753 0.004 5.18 548.0
2452168.71739 15.726 0.005 7.06 414.0
2452169.72368 15.674 0.005 7.89 568.0
2452171.74329 15.675 0.004 5.41 545.0
2452172.74992 15.681 0.004 4.53 706.0
2452177.64342 15.772 0.004 6.15 589.0
2452178.68076 15.811 0.006 9.29 549.0
2452183.70285 15.859 0.007 8.10 931.0
2452184.70505 15.858 0.005 5.69 861.0
2452185.66858 15.840 0.005 5.53 869.0
2452186.69341 15.886 0.006 6.98 880.0
2452187.68858 15.861 0.005 5.81 919.0
2452190.69514 15.869 0.004 5.06 680.0
2452192.66667 15.883 0.004 4.26 472.0
2452193.68773 15.843 0.004 3.77 568.0
2452194.65785 15.862 0.004 4.62 560.0
2452203.55431 15.901 0.005 6.21 694.0
2452206.61061 15.895 0.006 7.04 939.0
2452211.64470 15.920 0.005 4.99 837.0
2452212.64853 15.920 0.005 5.26 973.0
2452213.65435 15.918 0.005 4.63 1090.0
2452214.64555 15.910 0.005 4.99 1082.0
2452215.65251 15.937 0.005 3.84 1060.0
2452217.63922 15.914 0.005 5.00 1169.0
2452219.68209 15.884 0.005 5.67 808.0
2452222.73065 15.890 0.005 6.02 648.0
2452224.71696 15.834 0.004 4.55 743.0
2452226.63985 15.830 0.006 7.75 739.0
2452228.56173 15.802 0.005 5.69 694.0
2452229.62000 15.796 0.006 7.05 788.0
2452231.64666 15.834 0.005 5.08 763.0
2452232.51339 15.867 0.006 6.04 1155.0
2452233.61680 15.844 0.004 4.39 886.0
2452235.66692 15.865 0.004 4.50 689.0
2452238.55046 15.891 0.005 5.81 752.0
2452240.65476 15.892 0.005 4.73 908.0
2452242.62229 15.924 0.006 5.99 1046.0
2452248.61159 15.902 0.004 4.09 593.0
2452250.58026 15.837 0.004 4.42 837.0
2452253.57389 15.855 0.004 4.57 655.0
2452255.61054 15.845 0.005 5.56 673.0
2452258.57683 15.822 0.003 4.44 771.0
2452263.58757 15.885 0.004 5.30 525.0
2452266.56354 15.906 0.005 4.85 1102.0
2452271.56792 15.936 0.005 4.30 1028.0
2452273.56725 15.925 0.006 5.45 1209.0
2452275.60218 15.902 0.005 4.20 970.0
2452276.56174 15.930 0.006 6.12 949.0
2452278.59433 15.914 0.005 4.63 839.0
2452280.59016 15.861 0.005 5.45 857.0
2452284.59304 15.865 0.005 4.94 795.0
2452290.60701 15.900 0.005 4.64 879.0
2452293.56930 15.895 0.005 5.60 816.0
2452295.56208 15.918 0.005 5.15 754.0
2452297.56538 15.925 0.006 6.00 895.0
2452299.56448 15.921 0.006 5.95 901.0
2452301.55676 15.897 0.005 5.78 877.0
2452304.55566 15.767 0.008 8.72 1247.0
2452445.91531 15.809 0.005 5.33 1144.0
2452460.88253 15.788 0.006 7.31 977.0
2452463.91886 15.810 0.005 4.99 1069.0
2452465.93162 15.834 0.005 5.25 683.0
2452467.90462 15.853 0.005 6.13 524.0
2452469.90399 15.875 0.004 4.47 701.0
2452471.89345 15.886 0.005 5.81 685.0
2452472.92292 15.875 0.003 4.66 633.0
2452473.89484 15.863 0.004 4.98 677.0
2452481.90712 15.856 0.005 5.23 1150.0
2452483.89236 15.892 0.004 4.02 662.0
2452486.88935 15.878 0.005 6.05 790.0
2452488.88159 15.880 0.006 7.37 743.0
2452489.92672 15.887 0.005 5.96 703.0
2452492.90709 15.893 0.005 5.83 675.0
2452495.89710 15.887 0.004 6.19 724.0
2452496.90682 15.900 0.005 3.87 1130.0
2452497.93022 15.893 0.005 3.78 1177.0
2452498.77750 15.913 0.005 4.91 801.0
2452499.86311 15.899 0.005 4.64 702.0
2452500.86864 15.917 0.005 3.58 944.0
2452501.85763 15.923 0.005 4.10 790.0
2452502.83783 15.905 0.005 5.53 815.0
2452508.74912 15.888 0.006 6.40 1644.0
2452516.78041 15.919 0.005 5.66 930.0
2452517.82715 15.938 0.005 4.78 896.0
2452518.79856 15.929 0.005 6.38 548.0
2452519.83550 15.924 0.005 4.02 876.0
2452520.79487 15.941 0.005 5.21 746.0
2452521.82700 15.935 0.005 4.30 556.0
2452524.82526 15.928 0.006 6.71 772.0
2452526.78146 15.919 0.004 4.89 382.0
2452534.83784 15.575 0.004 5.68 832.0
2452535.81805 15.557 0.004 4.44 863.0
2452537.70582 15.531 0.005 6.53 923.0
2452538.80180 15.496 0.004 5.63 1066.0
2452539.70530 15.483 0.004 5.09 1003.0
2452540.74648 15.487 0.005 7.67 858.0
2452541.71721 15.466 0.004 4.03 774.0
2452542.68700 15.443 0.004 5.12 624.0
2452544.66584 15.425 0.004 5.65 467.0
2452545.68057 15.428 0.003 4.90 595.0
2452547.69857 15.410 0.004 5.60 594.0
2452548.71532 15.396 0.003 4.40 580.0
2452550.71045 15.387 0.004 5.97 510.0
2452552.71316 15.383 0.003 5.11 491.0
2452553.65379 15.405 0.004 7.31 574.0
2452554.70631 15.382 0.004 5.54 545.0
2452555.71424 15.377 0.003 5.12 479.0
2452556.69327 15.378 0.003 4.94 593.0
2452557.70580 15.379 0.003 3.92 488.0
2452558.66229 15.366 0.003 4.63 851.0
2452559.61920 15.355 0.003 5.47 844.0
2452560.65225 15.372 0.003 4.45 724.0
2452561.67780 15.385 0.005 7.72 792.0
2452562.67069 15.350 0.003 4.53 924.0
2452563.67865 15.359 0.003 4.60 854.0
2452564.69400 15.349 0.004 4.71 831.0
2452565.68463 15.350 0.004 4.75 842.0
2452566.66490 15.347 0.003 4.36 921.0
2452568.69589 15.354 0.004 4.83 2015.0
2452571.64887 15.338 0.004 6.00 803.0
2452573.66199 15.347 0.004 5.80 1080.0
2452574.64581 15.357 0.004 5.35 739.0
2452576.65896 15.368 0.004 6.36 579.0
2452577.63269 15.355 0.004 6.29 933.0
2452578.63276 15.355 0.003 5.25 730.0
2452579.63942 15.359 0.004 5.31 843.0
2452580.65155 15.367 0.003 3.98 803.0
2452583.62286 15.388 0.004 5.35 991.0
2452584.63021 15.408 0.004 5.55 877.0
2452586.62811 15.416 0.003 4.40 841.0
2452587.61212 15.432 0.004 4.13 745.0
2452588.72054 15.398 0.004 4.44 864.0
2452589.60208 15.396 0.004 4.56 960.0
2452590.61722 15.394 0.005 7.62 787.0
2452591.64032 15.391 0.003 3.95 1073.0
2452593.60935 15.383 0.003 4.04 939.0
2452594.61311 15.376 0.004 5.62 947.0
2452596.58865 15.369 0.004 5.47 1046.0
2452597.57581 15.347 0.004 4.22 1789.0
2452598.64966 15.365 0.004 3.96 1321.0
2452599.60914 15.334 0.004 4.83 1256.0
2452607.63035 15.347 0.004 6.32 744.0
2452610.55013 15.348 0.004 6.68 953.0
2452613.54399 15.342 0.004 6.38 762.0
2452615.57285 15.356 0.004 6.92 543.0
2452619.56051 15.380 0.004 7.57 695.0
2452621.56947 15.356 0.003 5.01 880.0
2452625.55207 15.347 0.004 6.56 987.0
2452628.54520 15.359 0.005 7.25 1106.0
2452632.55162 15.386 0.004 5.92 597.0
2452636.54702 15.418 0.004 7.13 717.0
2452639.54727 15.442 0.004 5.62 648.0
2452642.55626 15.488 0.005 6.32 948.0
2452646.56883 15.467 0.004 5.51 1105.0
2452651.54112 15.417 0.005 6.59 1106.0
2452654.55866 15.380 0.004 6.00 915.0
2452657.56154 15.357 0.004 5.55 1068.0
2452660.55731 15.356 0.004 5.42 844.0
2452663.56899 15.370 0.004 8.40 671.0
2452671.55497 15.406 0.004 6.25 629.0
2452673.56676 15.402 0.004 7.11 780.0
2452676.52813 15.360 0.004 6.01 1026.0
2452679.54150 15.350 0.004 5.19 859.0
2452682.54404 15.366 0.004 8.15 686.0
2452777.90653 15.703 0.005 5.36 1261.0
2452804.87353 15.651 0.005 3.85 2251.0
2452805.85041 15.657 0.006 7.61 1279.0
2452811.90798 15.713 0.005 5.78 1251.0
2452814.94365 15.724 0.005 4.16 1076.0
2452817.93020 15.733 0.005 5.02 1193.0
2452825.91031 15.746 0.003 5.41 820.0
2452830.90730 15.664 0.006 7.63 846.0
2452831.78504 15.674 0.005 4.76 1650.0
2452832.75103 15.666 0.004 4.70 1152.0
2452832.92898 15.667 0.004 4.01 1115.0
2452833.86895 15.688 0.005 5.05 1272.0
2452835.87758 15.713 0.004 3.91 1203.0
2452837.87866 15.727 0.006 6.63 1224.0
2452838.93584 15.749 0.006 6.97 990.0
2452840.82858 15.749 0.005 4.84 868.0
2452843.83003 15.763 0.004 4.48 804.0
2452844.87583 15.727 0.004 4.52 766.0
2452845.92182 15.716 0.005 5.70 659.0
2452849.85927 15.643 0.004 5.31 818.0
2452850.89202 15.575 0.004 5.98 680.0
2452851.93559 15.577 0.004 5.25 992.0
2452852.80626 15.562 0.004 5.39 909.0
2452853.94568 15.501 0.005 4.03 3491.0
2452854.83200 15.498 0.004 6.14 656.0
2452856.81895 15.462 0.004 5.89 911.0
2452858.91300 15.434 0.004 4.49 682.0
2452860.87899 15.443 0.004 4.38 737.0
2452861.75017 15.424 0.003 3.90 794.0
2452862.92917 15.429 0.004 4.93 1082.0
2452863.83841 15.415 0.004 5.21 1396.0
2452865.83527 15.421 0.004 3.81 1322.0
2452866.88493 15.432 0.004 5.60 877.0
2452867.82496 15.443 0.004 4.39 740.0
2452868.77261 15.446 0.004 4.88 738.0
2452869.90560 15.454 0.004 5.27 810.0
2452870.81920 15.442 0.003 3.84 766.0
2452871.86213 15.425 0.004 4.20 903.0
2452875.80850 15.426 0.004 5.38 685.0
2452876.77940 15.402 0.004 4.76 598.0
2452879.74292 15.393 0.003 4.22 450.0
2452883.82909 15.382 0.003 4.05 665.0
2452885.76388 15.359 0.003 4.74 376.0
2452888.81219 15.356 0.004 6.27 738.0
2452892.80358 15.322 0.004 6.17 912.0
2452894.73275 15.316 0.004 5.08 825.0
2452896.72983 15.307 0.003 4.75 548.0
2452898.75079 15.304 0.003 4.04 812.0
2452900.74966 15.306 0.003 3.92 490.0
2452902.74918 15.322 0.003 3.94 574.0
2452905.75637 15.288 0.003 5.07 491.0
2452907.75776 15.306 0.003 3.90 436.0
2452909.74687 15.298 0.002 4.95 346.0
2452911.73824 15.299 0.003 3.96 404.0
2452915.70971 15.290 0.003 3.50 577.0
2452917.73582 15.267 0.003 3.26 734.0
2452921.73358 15.254 0.003 4.41 862.0
2452923.75551 15.253 0.003 4.81 965.0
2452925.71850 15.256 0.003 3.77 726.0
2452927.71599 15.247 0.003 4.39 865.0
2452930.73409 15.248 0.003 5.10 647.0
2452932.74060 15.232 0.003 4.39 786.0
2452934.72040 15.229 0.003 3.91 643.0
2452937.64443 15.229 0.003 4.51 728.0
2452939.69708 15.223 0.003 4.81 682.0
2452940.63717 15.217 0.003 3.90 487.0
2452941.68702 15.219 0.003 4.49 584.0
2452942.63717 15.227 0.003 4.08 666.0
2452943.60836 15.229 0.003 4.92 829.0
2452944.59297 15.223 0.003 4.33 804.0
2452945.60974 15.234 0.004 6.51 1309.0
2452947.61923 15.203 0.003 4.98 731.0
2452949.60053 15.207 0.003 3.69 1021.0
2452950.64530 15.199 0.003 3.49 1011.0
2452951.63247 15.210 0.003 3.79 1241.0
2452952.66138 15.207 0.003 4.78 1068.0
2452954.68631 15.220 0.004 5.23 1073.0
2452956.63229 15.217 0.003 3.81 549.0
2452958.62669 15.211 0.004 5.78 627.0
2452961.59780 15.231 0.004 6.93 848.0
2452965.63620 15.205 0.003 4.15 568.0
2452968.59754 15.195 0.003 4.23 878.0
2452970.61679 15.179 0.003 5.24 696.0
2452972.60128 15.201 0.003 4.83 711.0
2452974.60201 15.183 0.003 4.73 666.0
2452976.55172 15.192 0.003 4.55 799.0
2452978.57781 15.193 0.003 5.38 879.0
2452980.59466 15.204 0.004 6.02 816.0
2452982.53987 15.194 0.003 4.52 951.0
2452984.63077 15.197 0.003 4.70 817.0
2452986.64088 15.185 0.003 5.06 760.0
2452988.53325 15.199 0.004 5.63 809.0
2452991.60632 15.188 0.003 5.94 450.0
2452994.58863 15.202 0.003 5.62 577.0
2452997.56080 15.203 0.003 4.31 571.0
2453001.57728 15.180 0.003 4.26 688.0
2453005.53533 15.181 0.004 5.27 1222.0
2453008.56164 15.212 0.004 6.92 746.0
2453011.56503 15.192 0.004 5.52 942.0
2453016.59169 15.177 0.003 5.71 812.0
2453018.57813 15.190 0.003 6.65 497.0
2453020.60619 15.158 0.003 6.01 562.0
2453021.61901 15.183 0.003 4.19 384.0
2453023.57491 15.188 0.003 4.69 501.0
2453025.57339 15.191 0.003 5.16 546.0
2453027.60691 15.195 0.003 4.71 599.0
2453029.57880 15.195 0.003 5.21 616.0
2453031.58336 15.193 0.003 5.30 494.0
2453033.58571 15.182 0.003 4.88 690.0
2453037.53274 15.166 0.003 4.80 1138.0
2453164.93313 15.111 0.003 5.70 698.0
2453177.92092 15.079 0.003 6.25 803.0
2453183.91512 15.119 0.003 4.99 613.0
2453193.88290 15.057 0.002 4.50 1145.0
2453195.94210 15.057 0.003 3.98 874.0
2453197.91757 15.049 0.003 4.72 801.0
2453201.87501 15.098 0.002 4.97 632.0
2453203.88297 15.108 0.002 3.30 597.0
2453206.82083 15.129 0.003 6.27 481.0
2453210.89688 15.064 0.003 5.02 570.0
2453211.88828 15.052 0.003 5.37 473.0
2453215.66442 15.052 0.003 5.90 995.0
2453216.73243 15.059 0.003 4.60 1471.0
2453217.93293 15.066 0.003 5.42 1274.0
2453218.91758 15.096 0.004 6.61 1039.0
2453223.83842 15.106 0.003 6.88 556.0
2453226.82868 15.096 0.003 6.09 505.0
2453229.83583 15.035 0.002 4.61 449.0
2453231.81795 15.024 0.003 6.15 774.0
2453239.79634 15.092 0.003 5.61 467.0
2453240.79359 15.097 0.003 7.25 519.0
2453241.81795 15.092 0.003 4.62 689.0
2453242.71728 15.090 0.003 6.11 553.0
2453243.85373 15.095 0.003 6.30 487.0
2453244.83092 15.076 0.003 5.55 733.0
2453245.78006 15.052 0.003 5.78 685.0
2453246.77250 15.053 0.003 6.39 691.0
2453247.76629 15.052 0.003 4.23 882.0
2453249.73097 15.002 0.003 5.06 705.0
2453251.74449 15.021 0.002 4.48 412.0
2453254.73162 15.071 0.003 4.96 345.0
2453257.74804 15.076 0.002 4.33 340.0
2453259.66723 15.118 0.003 7.25 328.0
2453261.70531 15.081 0.003 3.81 391.0
2453263.68801 15.061 0.002 3.81 443.0
2453265.72242 15.043 0.002 3.94 376.0
2453267.71125 15.009 0.002 4.66 475.0
2453269.78767 15.029 0.003 6.91 558.0
2453270.74450 15.059 0.003 5.60 498.0
2453271.66732 15.057 0.003 5.86 595.0
2453272.72452 15.075 0.003 4.45 572.0
2453274.71039 15.074 0.003 4.91 613.0
2453276.71483 15.077 0.003 5.16 869.0
2453277.75362 15.077 0.003 3.63 852.0
2453279.68517 15.071 0.003 4.24 651.0
2453281.64393 15.044 0.002 4.24 506.0
2453283.64540 15.032 0.002 3.17 448.0
2453287.61161 15.014 0.002 5.29 459.0
2453289.62268 15.059 0.002 5.12 490.0
2453293.59946 15.072 0.002 6.35 267.0
2453295.61825 15.071 0.002 4.29 344.0
2453297.60003 15.056 0.002 3.80 423.0
2453299.65638 15.024 0.002 3.90 517.0
2453301.63060 15.012 0.003 4.59 629.0
2453303.69287 15.002 0.003 4.66 837.0
2453306.62541 15.040 0.002 3.92 506.0
2453308.61315 15.053 0.003 5.11 987.0
2453310.61228 15.062 0.003 4.37 822.0
2453312.65632 15.055 0.003 5.26 728.0
2453314.56711 15.067 0.003 6.29 773.0
2453320.60497 14.980 0.002 4.38 597.0
2453323.54845 15.014 0.003 4.45 553.0
2453327.55993 15.050 0.003 4.63 580.0
2453330.55418 15.046 0.003 4.52 792.0
2453335.59899 15.017 0.003 4.81 981.0
2453338.60260 14.989 0.002 3.66 682.0
2453349.59890 15.043 0.003 4.93 426.0
2453353.57801 15.024 0.003 5.50 519.0
2453359.55452 15.036 0.003 4.86 668.0
2453363.56188 15.054 0.003 4.70 826.0
2453367.62118 15.048 0.003 4.33 859.0
2453372.55193 15.003 0.003 5.07 548.0
2453376.53124 14.982 0.003 3.78 1633.0
2453378.59816 15.024 0.003 5.74 595.0
2453386.56462 15.021 0.002 4.03 526.0
2453390.57818 14.993 0.003 6.49 634.0
2453398.55995 15.048 0.003 5.26 645.0
2453402.54833 15.030 0.002 5.74 401.0
2453528.94050 14.968 0.003 4.64 1314.0
2453541.93329 14.958 0.002 4.30 546.0
2453547.91789 14.946 0.002 4.44 774.0
2453554.92610 14.935 0.003 5.45 544.0
2453560.94825 14.965 0.003 4.57 1135.0
2453564.91042 14.918 0.002 4.28 379.0
2453568.84127 14.912 0.002 4.55 659.0
2453570.78198 14.890 0.003 6.12 889.0
2453571.80432 14.914 0.003 6.18 1000.0
2453573.84180 14.943 0.003 4.83 961.0
2453574.88082 14.932 0.003 4.81 734.0
2453577.83947 14.935 0.002 5.64 505.0
2453578.89804 14.944 0.002 4.22 585.0
2453579.80287 14.953 0.002 4.79 418.0
2453581.84782 14.907 0.002 4.69 811.0
2453581.87054 14.910 0.002 4.14 1058.0
2453582.83269 14.918 0.003 5.44 650.0
2453583.83713 14.920 0.002 4.90 585.0
2453584.80884 14.920 0.002 5.26 439.0
2453586.81146 14.907 0.002 3.90 472.0
2453588.82936 14.878 0.002 4.68 575.0
2453589.82217 14.904 0.002 4.43 540.0
2453591.87696 14.936 0.002 3.21 608.0
2453593.81453 14.909 0.002 4.73 817.0
2453596.89498 14.939 0.002 4.29 566.0
2453601.81260 14.927 0.002 4.36 1021.0
2453607.81804 14.914 0.002 5.37 342.0
2453614.78944 14.943 0.002 3.95 294.0
2453617.76894 14.896 0.002 4.41 354.0
2453619.70186 14.909 0.002 4.65 514.0
2453621.72033 14.907 0.002 4.65 431.0
2453624.86862 14.908 0.003 6.61 581.0
2453626.71801 14.918 0.002 5.25 559.0
2453629.67159 14.898 0.003 5.09 1027.0
2453631.73398 14.925 0.003 4.79 1059.0
2453633.71023 14.924 0.003 5.29 832.0
2453637.65323 14.925 0.002 5.27 594.0
2453639.70330 14.893 0.002 3.37 473.0
2453641.69985 14.845 0.002 5.72 345.0
2453643.72422 14.911 0.002 5.11 349.0
2453646.65916 14.892 0.002 6.02 471.0
2453650.66243 14.925 0.002 5.28 497.0
2453650.68648 14.901 0.002 4.93 460.0
2453651.73641 14.910 0.002 4.33 540.0
2453653.73257 14.899 0.002 4.27 505.0
2453655.69874 14.941 0.002 3.67 590.0
2453657.64953 14.879 0.002 3.89 665.0
2453658.65396 14.851 0.002 4.52 623.0
2453659.64199 14.848 0.002 4.34 952.0
2453660.67214 14.902 0.003 4.39 1039.0
2453663.56363 14.918 0.003 6.67 795.0
2453665.63720 14.918 0.003 5.24 564.0
2453668.57565 14.893 0.002 4.59 490.0
2453669.70650 14.893 0.003 6.61 484.0
2453671.63255 14.888 0.002 4.93 469.0
2453673.67741 14.935 0.003 6.11 597.0
2453675.66199 14.867 0.002 4.59 577.0
2453681.63331 14.888 0.003 6.49 885.0
2453683.65130 14.910 0.002 3.94 674.0
2453685.65646 14.912 0.002 3.60 835.0
2453687.65509 14.889 0.002 4.09 811.0
2453689.60351 14.888 0.002 4.29 876.0
2453692.57931 14.882 0.002 4.44 786.0
2453694.56330 14.831 0.003 5.81 630.0
2453696.56381 14.905 0.002 4.57 500.0
2453698.59749 14.871 0.002 5.65 617.0
2453700.57842 14.891 0.002 5.51 513.0
2453702.58773 14.906 0.002 4.90 625.0
2453704.59399 14.867 0.002 3.87 589.0
2453706.61444 14.868 0.002 3.72 517.0
2453708.58731 14.923 0.003 5.51 535.0
2453711.59390 14.845 0.003 5.60 554.0
2453714.52763 14.895 0.003 5.48 1143.0
2453718.60816 14.905 0.003 5.70 872.0
2453721.56174 14.888 0.002 3.06 1037.0
2453724.56673 14.884 0.002 4.72 593.0
2453726.58727 14.926 0.003 5.49 446.0
2453728.56038 14.840 0.002 4.95 645.0
2453734.56384 14.865 0.002 5.48 434.0
2453737.57951 14.882 0.002 4.50 569.0
2453742.53814 14.870 0.003 6.87 1074.0
2453746.56340 14.837 0.003 5.13 1381.0
2453751.54328 14.865 0.003 5.99 1155.0
2453756.55603 14.893 0.003 6.56 508.0
2453761.60627 14.924 0.002 5.98 516.0
2453766.53109 14.900 0.002 4.89 839.0
2453772.55392 14.902 0.002 5.44 555.0
2453776.55397 14.884 0.002 4.68 743.0
2453871.87986 14.935 0.003 6.03 1124.0
2453901.94239 14.969 0.002 4.48 1035.0
2453906.94269 14.958 0.002 4.87 606.0
2453913.91962 14.960 0.002 3.73 496.0
2453918.88313 14.972 0.002 5.01 493.0
2453931.91846 14.968 0.002 4.46 847.0
2453934.86150 14.952 0.002 3.89 600.0
2453936.86968 14.980 0.002 4.67 490.0
2453938.85371 14.961 0.002 5.65 490.0
2453944.90109 14.960 0.002 4.25 619.0
2453946.86923 14.982 0.002 4.87 395.0
2453951.88858 14.969 0.002 4.46 522.0
2453955.85373 15.000 0.003 6.43 732.0
2453958.83324 14.997 0.003 6.39 767.0
2453960.83041 14.972 0.002 4.16 708.0
2453963.82712 15.004 0.003 6.67 789.0
2453965.81899 14.999 0.002 3.65 359.0
2453967.83884 14.981 0.002 4.92 343.0
2453969.80449 14.989 0.002 5.37 402.0
2453971.78068 14.995 0.002 4.52 338.0
2453974.78243 14.961 0.002 5.56 376.0
2453979.73780 15.002 0.002 6.77 281.0
2453980.62114 15.024 0.003 6.18 707.0
2453981.64740 15.020 0.002 3.89 519.0
2453983.83774 15.010 0.002 5.21 641.0
2453987.78626 14.988 0.002 4.95 601.0
2453990.79361 15.040 0.002 4.14 481.0
2453993.73842 15.013 0.002 5.58 483.0
2453995.74370 15.007 0.002 5.45 333.0
2453999.75300 15.031 0.002 3.88 432.0
2454002.72511 15.015 0.002 4.19 429.0
2454004.67688 15.023 0.002 4.33 429.0
2454006.70313 15.023 0.002 3.70 470.0
2454007.56650 15.054 0.002 3.96 702.0
2454008.57543 15.044 0.002 4.32 465.0
2454009.74377 15.011 0.003 6.70 323.0
2454013.70198 15.028 0.002 5.15 749.0
2454015.68427 15.036 0.003 5.30 3580.0
2454015.70052 15.028 0.003 4.91 1551.0
2454018.69968 15.039 0.002 4.38 608.0
2454019.68825 15.029 0.002 4.67 714.0
2454021.68072 15.033 0.002 4.20 395.0
2454024.65421 15.047 0.002 5.12 356.0
2454026.63309 15.023 0.002 4.62 460.0
2454028.62905 15.046 0.002 4.08 342.0
2454030.64160 15.063 0.002 5.37 352.0
2454032.69370 15.059 0.003 6.14 544.0
2454037.66988 15.052 0.002 4.15 412.0
2454039.60781 15.045 0.002 4.74 398.0
2454041.60735 15.041 0.003 5.02 756.0
2454043.59306 15.071 0.003 4.84 915.0
2454046.60238 15.067 0.002 4.33 741.0
2454048.56830 15.065 0.003 5.91 668.0
2454050.61040 15.079 0.002 3.67 719.0
2454052.56249 15.068 0.002 5.17 421.0
2454054.61667 15.051 0.003 5.02 575.0
2454056.58875 15.068 0.003 7.43 484.0
2454058.62231 15.049 0.002 4.77 775.0
2454060.52114 15.091 0.003 5.55 609.0
2454064.51877 15.090 0.002 3.64 687.0
2454066.56024 15.064 0.002 4.49 415.0
2454069.51861 15.083 0.003 4.89 1111.0
2454073.60218 15.081 0.003 5.47 872.0
2454077.52552 15.108 0.003 4.79 753.0
2454079.52747 15.085 0.003 7.07 832.0
2454082.52740 15.109 0.003 5.91 846.0
2454085.56513 15.076 0.002 4.86 622.0
2454092.56117 15.091 0.002 4.52 428.0
2454096.58713 15.089 0.003 5.29 608.0
2454100.58992 15.124 0.003 5.66 692.0
2454105.55771 15.104 0.003 5.55 594.0
2454108.53396 15.117 0.003 4.78 833.0
2454113.61185 15.129 0.002 5.27 475.0
2454120.58269 15.140 0.003 5.39 465.0
2454126.58051 15.175 0.003 6.56 699.0
2454252.92975 15.830 0.005 4.81 1393.0
2454255.84907 15.821 0.005 5.25 1195.0
2454268.90236 15.869 0.005 4.99 850.0
2454275.92451 15.859 0.005 4.69 933.0
2454279.80223 15.884 0.007 5.89 2147.0
2454282.81273 15.884 0.005 4.93 1050.0
2454283.86567 15.894 0.005 4.35 1279.0
2454285.92000 15.918 0.005 4.86 884.0
2454291.94079 15.886 0.005 5.66 943.0
2454292.85932 15.873 0.004 3.76 632.0
2454295.86335 15.887 0.004 3.88 588.0
2454296.89311 15.909 0.005 5.14 393.0
2454297.92597 15.898 0.005 5.05 399.0
2454299.86081 15.911 0.004 4.83 395.0
2454300.88229 15.903 0.004 3.54 746.0
2454301.90029 15.921 0.004 4.21 294.0
2454302.92192 15.913 0.005 5.34 593.0
2454307.90082 15.904 0.004 4.38 491.0
2454308.66197 15.925 0.005 4.49 862.0
2454308.86997 15.910 0.005 4.27 664.0
2454310.84231 15.901 0.005 4.38 1042.0
2454311.82986 15.905 0.007 6.59 1398.0
2454312.90373 15.908 0.004 3.94 612.0
2454314.92320 15.933 0.005 5.71 750.0
2454316.82974 15.920 0.005 4.92 950.0
2454319.86692 15.934 0.005 7.00 479.0
2454320.89381 15.930 0.005 5.70 622.0
2454326.83769 15.908 0.005 4.67 598.0
2454327.81618 15.925 0.006 6.46 722.0
2454328.83182 15.921 0.005 5.45 950.0
2454329.83410 15.910 0.005 4.54 823.0
2454330.86261 15.939 0.005 4.86 444.0
2454333.86389 15.940 0.005 5.57 525.0
2454338.90427 15.948 0.006 5.57 1170.0
2454340.77674 15.915 0.005 3.75 1414.0
2454341.77191 15.923 0.005 4.43 1142.0
2454342.82779 15.940 0.006 5.13 1324.0
2454343.76542 15.936 0.005 4.83 741.0
2454344.74756 15.932 0.005 4.95 727.0
2454345.79352 15.919 0.005 4.65 716.0
2454347.78245 15.933 0.005 4.37 701.0
2454349.79565 15.956 0.005 4.97 574.0
2454351.82288 15.952 0.005 6.41 364.0
2454353.75595 15.936 0.005 6.25 466.0
2454357.70482 15.944 0.005 6.62 442.0
2454359.70276 15.928 0.004 4.79 583.0
2454361.70532 15.929 0.005 6.07 639.0
2454362.72805 15.941 0.005 5.76 490.0
2454364.58709 15.949 0.006 6.75 872.0
2454367.68460 15.935 0.005 5.44 881.0
2454370.67626 15.958 0.005 4.55 1122.0
2454372.73970 15.951 0.005 4.15 655.0
2454376.65508 15.945 0.005 6.12 468.0
2454378.62167 15.944 0.005 6.01 541.0
2454379.64964 15.938 0.006 6.69 761.0
2454380.76248 15.939 0.005 4.76 719.0
2454382.68995 15.935 0.005 5.50 461.0
2454386.66500 15.958 0.005 6.16 411.0
2454388.66549 15.943 0.005 5.02 577.0
2454390.67447 15.937 0.004 3.83 648.0
2454393.64827 15.950 0.005 5.10 658.0
2454395.68313 15.952 0.005 5.23 875.0
2454398.64858 15.927 0.005 4.12 1083.0
2454400.67145 15.948 0.005 5.27 839.0
2454403.69725 15.965 0.005 5.54 747.0
2454407.63733 15.936 0.005 6.02 540.0
2454408.68352 15.951 0.005 5.19 709.0
2454410.70644 15.936 0.005 4.97 844.0
2454415.69059 15.939 0.005 4.96 874.0
2454418.59725 15.940 0.005 4.28 633.0
2454422.65845 15.948 0.005 4.96 624.0
2454424.65553 15.951 0.005 4.94 998.0
2454427.54220 15.963 0.005 5.54 970.0
2454429.56815 15.929 0.007 6.39 1222.0
2454431.57262 15.936 0.005 5.67 646.0
2454433.57845 15.931 0.005 5.09 602.0
2454435.56679 15.952 0.005 5.01 729.0
2454437.65585 15.962 0.006 6.11 980.0
2454439.56769 15.944 0.005 5.92 657.0
2454441.60354 15.939 0.005 5.79 616.0
2454443.59425 15.940 0.006 6.75 523.0
2454449.64828 15.927 0.005 5.55 563.0
2454451.60341 15.930 0.005 5.51 624.0
2454453.58538 15.958 0.005 5.54 816.0
2454456.58680 15.950 0.006 5.68 1054.0
2454459.53933 15.963 0.006 5.48 834.0
2454464.54257 15.961 0.005 6.26 568.0
2454464.57900 15.971 0.005 5.70 420.0
2454464.59443 15.978 0.005 6.31 470.0
2454465.54495 15.937 0.005 5.32 873.0
2454465.59436 15.953 0.005 5.52 768.0
2454466.56666 15.957 0.005 5.47 673.0
2454466.59627 15.948 0.005 5.86 668.0
2454467.56304 15.924 0.006 7.23 582.0
2454468.58828 15.932 0.005 5.45 602.0
2454468.62316 15.934 0.005 5.33 589.0
2454469.57113 15.950 0.006 7.89 461.0
2454469.58202 15.943 0.005 6.59 442.0
2454469.60822 15.954 0.005 6.39 507.0
2454470.54760 15.937 0.005 5.40 757.0
2454470.56385 15.949 0.005 5.95 799.0
2454471.53571 15.949 0.005 5.50 960.0
2454472.54790 15.960 0.005 5.24 646.0
2454472.56954 15.959 0.005 5.77 638.0
2454474.60034 15.968 0.007 7.82 893.0
2454476.57848 15.965 0.005 6.30 499.0
2454479.60329 15.952 0.006 6.75 791.0
2454481.58796 15.939 0.005 6.40 724.0
2454484.60464 15.935 0.007 7.10 1215.0
2454487.62618 15.947 0.007 6.73 1705.0
2454609.89945 15.943 0.005 4.73 1107.0
2454643.88417 15.925 0.005 6.28 588.0
2454649.93437 15.917 0.005 5.19 947.0
2454655.94586 15.930 0.005 4.28 1086.0
2454661.89753 15.937 0.005 4.95 695.0
2454662.78023 15.929 0.004 3.58 832.0
2454662.89717 15.925 0.004 4.07 711.0
2454663.75193 15.930 0.005 5.13 1005.0
2454663.93583 15.921 0.005 5.33 1090.0
2454665.82490 15.915 0.005 4.78 1241.0
2454665.91883 15.891 0.005 5.21 1283.0
2454666.91270 15.918 0.005 5.64 932.0
2454670.90713 15.889 0.004 4.58 816.0
2454671.82138 15.889 0.005 5.35 632.0
2454672.88111 15.916 0.005 4.84 680.0
2454675.89873 15.905 0.005 5.03 772.0
2454681.87847 15.846 0.004 5.04 448.0
2454683.87371 15.863 0.004 4.52 520.0
2454685.85982 15.845 0.005 5.12 648.0
2454688.81121 15.797 0.004 4.39 587.0
2454690.73673 15.761 0.004 5.38 411.0
2454691.73963 15.773 0.005 7.02 1025.0
2454693.89470 15.742 0.005 5.44 1078.0
2454696.84464 15.679 0.005 6.52 824.0
2454698.75645 15.656 0.004 4.66 421.0
2454699.75045 15.654 0.004 5.29 542.0
2454700.78795 15.625 0.004 4.49 540.0
2454701.79316 15.630 0.004 5.98 431.0
2454702.85331 15.615 0.004 5.63 575.0
2454703.75236 15.608 0.004 5.11 434.0
2454704.77121 15.605 0.004 5.42 328.0
2454705.77846 15.606 0.004 6.60 412.0
2454707.77113 15.578 0.003 4.57 375.0
2454708.83935 15.577 0.004 4.50 424.0
2454710.75536 15.559 0.003 6.10 413.0
2454716.75687 15.505 0.003 5.43 391.0
2454719.74902 15.487 0.003 4.37 1364.0
2454721.73799 15.478 0.004 5.96 1834.0
2454724.76768 15.463 0.003 4.04 942.0
2454726.66336 15.467 0.004 7.67 639.0
2454729.67438 15.435 0.004 6.72 558.0
2454730.70298 15.419 0.003 4.51 393.0
2454731.72747 15.419 0.003 4.92 334.0
2454731.76460 15.417 0.003 4.49 339.0
2454733.70945 15.417 0.003 5.31 420.0
2454733.80495 15.411 0.003 5.47 518.0
2454734.66637 15.409 0.003 5.18 364.0
2454734.74691 15.403 0.003 4.47 395.0
2454736.67069 15.381 0.004 7.14 472.0
2454736.71168 15.389 0.004 6.85 374.0
2454737.77794 15.387 0.003 6.75 461.0
2454738.75240 15.384 0.004 6.60 485.0
2454739.65299 15.376 0.004 7.01 460.0
2454741.72755 15.373 0.003 4.11 351.0
2454747.59416 15.345 0.003 4.78 648.0
2454749.59377 15.342 0.004 6.36 781.0
2454753.66287 15.329 0.003 5.18 829.0
2454755.65682 15.322 0.003 3.81 698.0
2454757.64128 15.325 0.003 3.72 706.0
2454759.65387 15.332 0.003 4.19 552.0
2454761.62416 15.329 0.003 3.94 328.0
2454763.63679 15.325 0.004 6.64 502.0
2454766.60499 15.297 0.003 6.04 670.0
2454769.64307 15.332 0.004 7.00 617.0
2454771.55412 15.292 0.004 6.47 692.0
2454772.59926 15.281 0.003 5.15 551.0
2454772.67595 15.281 0.003 5.15 576.0
2454773.56342 15.285 0.003 4.28 611.0
2454773.67897 15.294 0.003 5.29 566.0
2454774.53234 15.299 0.003 5.11 768.0
2454774.65539 15.308 0.003 4.94 689.0
2454775.53198 15.311 0.003 6.01 776.0
2454775.66582 15.296 0.003 6.04 765.0
2454776.54130 15.292 0.004 5.92 948.0
2454777.50938 15.285 0.004 6.95 932.0
2454777.59955 15.286 0.003 5.04 714.0
2454779.63515 15.296 0.003 4.09 848.0
2454781.58504 15.291 0.003 4.12 838.0
2454783.56867 15.266 0.003 4.49 1050.0
2454785.59977 15.291 0.003 5.60 772.0
2454787.55613 15.265 0.004 5.48 1857.0
2454789.53519 15.254 0.003 5.78 674.0
2454790.61740 15.261 0.003 3.80 440.0
2454791.61568 15.265 0.003 4.03 494.0
2454793.51981 15.258 0.003 4.92 940.0
2454795.53687 15.260 0.003 3.90 590.0
2454797.52907 15.273 0.003 4.85 650.0
2454798.59236 15.278 0.004 6.59 666.0
2454800.63966 15.239 0.003 4.75 865.0
2454803.53098 15.257 0.003 5.68 813.0
2454804.58117 15.253 0.003 5.94 861.0
2454805.54289 15.236 0.003 5.29 637.0
2454806.59018 15.138 0.003 5.01 558.0
2454806.62668 15.237 0.003 5.94 654.0
2454807.54336 15.237 0.004 6.38 754.0
2454807.60545 15.252 0.004 6.44 833.0
2454808.54841 15.245 0.003 5.37 858.0
2454808.61620 15.245 0.003 5.48 778.0
2454809.55051 15.246 0.003 4.93 692.0
2454809.63039 15.247 0.003 4.83 759.0
2454810.55883 15.251 0.003 4.34 865.0
2454811.56374 15.239 0.003 5.12 936.0
2454812.58976 15.261 0.005 9.06 1005.0
2454812.63156 15.240 0.004 7.71 1127.0
2454813.59818 15.237 0.003 5.04 995.0
2454815.57433 15.255 0.003 5.72 817.0
2454817.59084 15.227 0.003 4.02 672.0
2454819.59045 15.233 0.003 5.57 522.0
2454821.63235 15.233 0.003 6.01 390.0
2454822.57254 15.221 0.003 6.05 458.0
2454823.53713 15.213 0.003 6.69 641.0
2454823.59314 15.215 0.003 5.98 499.0
2454824.54550 15.225 0.003 5.52 772.0
2454824.62841 15.221 0.003 6.02 649.0
2454825.56977 15.216 0.003 6.33 540.0
2454825.62160 15.226 0.003 5.87 533.0
2454826.58470 15.237 0.003 6.41 576.0
2454832.59470 15.228 0.003 6.62 553.0
2454835.57652 15.207 0.003 6.76 705.0
2454839.59804 15.216 0.004 7.14 769.0
2454842.56509 15.191 0.003 5.45 1154.0
2454844.57356 15.189 0.003 5.09 739.0
2454847.62986 15.172 0.004 6.39 1432.0
2454849.58972 15.180 0.003 4.75 567.0
2454853.58713 15.161 0.003 5.77 575.0
2454856.58110 15.157 0.003 6.01 554.0
2454865.55420 15.141 0.003 4.86 951.0
2454935.92066 15.110 0.003 4.33 2334.0
2454937.92098 15.094 0.003 4.15 2070.0
2454940.92254 15.102 0.003 4.88 1586.0
2454952.92202 15.090 0.003 5.61 1014.0
