 id name                       ogle2 ogle3 ogle2 ogle3
                                 I     I     V     V

  1 RX-J0513.9-6951               0   626     0    38
  2 RX-J0516.0-6916             396   489    44    61
  3 RX-J0520.5-6932             510   489    51    61
  4 XMMU-J054134.7-682550         0   425     0    36
  5 CAL-83                        0   437     0    37
  6 RX-J0544.1-7100               0   400     0    34
  7 SXP0.92                     597   703    38    52
  8 SXP2.37                       0   707     0    55
  9 SXP2.763                      0   711     0    54
 10 SXP7.78                       0   762     0    89
 11 SXP8.80                     341   753    42    88
 12 SXP9.13                     346   731    46    53
 13 SXP15.3                     343   732    40    53
 14 SXP18.3                     349   762    46    89
 15 SXP22.07                      0   656     0    49
 16 SXP25.5                     335   732    41    53
 17 SXP31.0                       0   656     0    49
 18 SXP34.08                      0   724     0    69
 19 SXP46.6                       0  1857     0   148
 20 SXP59.0                     302  1258    30   110
 21 SXP74.7                     349  1366    43   133
 22 SXP82.4                     343   762    42    89
 23 SXP91.1                       0   713     0    50
 24 SXP101                        0   737     0    71
 25 SXP138                        0   762     0    89
 26 SXP140                        0   724     0    67
 27 SXP152.1                      0   718     0    67
 28 SXP169.3                      0   712     0    50
 29 SXP172                      343   732    42    53
 30 SXP202                      311   729    36    69
 31 SXP202B                     187   724    31    57
 32 SXP264                      335   732    41    53
 33 SXP280.4                      0   728     0    69
 34 SXP293                      312   725    36    57
 35 SXP304                      325   727    33    69
 36 SXP323                      328   732    44    53
 37 SXP327                        0   762     0    89
 38 SXP342                        0  1116     0   116
 39 SXP455A                     325  1437    32   161
 40 SXP455B                     325  1437    32   161
 41 SXP504                      305   709    30    54
 42 SXP565                      299   546    36    42
 43 SXP645                      305   725    30    57
 44 SXP701                      305   725    30    57
 45 SXP726                      299   723    32    95
 46 SXP756                      348   732    45    53
 47 SXP893                      348   732    45    53
 48 SXP967                        0   690     0    57
 49 SXP1323                     297   724    32    95
 50 RX-J0052.1-7319             343   732    42    53
 51 MA93-798                    270   729    28    69
 52 OGLE-SMC-SC5-180008         348   732    45    43
 53 SXP0.09                     132  1226     0   114
 54 SXP7.92                     326   700    33    57
