2455346.93503 14.462 0.003 5.26 1134.0
2455347.91477 14.458 0.003 5.53 1298.0
2455358.90541 14.423 0.003 6.96 525.0
2455364.91763 14.425 0.003 7.13 267.0
2455376.93961 14.423 0.003 5.36 879.0
2455378.94102 14.423 0.003 4.80 625.0
2455380.91418 14.403 0.003 8.05 458.0
2455381.92329 14.406 0.003 6.28 664.0
2455384.88907 14.398 0.003 6.97 605.0
2455385.93604 14.400 0.003 4.41 333.0
2455387.86271 14.407 0.003 4.13 320.0
2455388.87903 14.402 0.003 6.37 271.0
2455389.88944 14.407 0.003 4.78 345.0
2455390.89203 14.408 0.003 6.35 274.0
2455392.87457 14.418 0.003 7.13 355.0
2455393.90517 14.413 0.003 7.39 401.0
2455395.89126 14.414 0.003 6.58 443.0
2455399.83002 14.408 0.003 4.97 474.0
2455400.88482 14.411 0.003 4.15 590.0
2455401.87407 14.395 0.003 7.24 696.0
2455403.87062 14.405 0.003 4.35 820.0
2455404.85239 14.400 0.003 4.89 692.0
2455405.85823 14.395 0.003 4.02 514.0
2455407.89147 14.387 0.003 8.42 479.0
2455408.87670 14.380 0.003 6.66 438.0
2455409.85012 14.378 0.003 5.36 338.0
2455410.85161 14.372 0.003 4.99 425.0
2455411.83891 14.376 0.003 5.40 452.0
2455412.83283 14.385 0.003 5.81 408.0
2455414.83193 14.397 0.003 4.71 229.0
2455421.80738 14.399 0.003 5.57 273.0
2455422.89813 14.394 0.003 4.37 406.0
2455425.88287 14.394 0.003 5.88 285.0
2455426.84901 14.395 0.003 5.09 290.0
2455427.88458 14.392 0.003 3.61 491.0
2455428.78787 14.384 0.003 4.81 462.0
2455430.76913 14.383 0.003 5.14 602.0
2455432.84100 14.368 0.003 8.21 816.0
2455433.81766 14.358 0.003 5.65 726.0
2455434.78847 14.366 0.003 4.51 572.0
2455435.78496 14.358 0.003 4.33 478.0
2455436.79436 14.357 0.003 3.72 381.0
2455437.83666 14.364 0.003 3.50 482.0
2455438.77172 14.366 0.003 4.35 335.0
2455439.75105 14.377 0.003 6.35 424.0
2455443.75121 14.373 0.003 5.77 256.0
2455444.75973 14.375 0.003 5.32 356.0
2455445.77715 14.378 0.003 4.69 340.0
2455447.76487 14.377 0.003 4.28 372.0
2455448.72841 14.372 0.003 4.79 229.0
2455449.72338 14.366 0.003 5.12 249.0
2455450.76781 14.374 0.003 5.46 282.0
2455451.70037 14.373 0.003 5.12 308.0
2455453.79529 14.370 0.003 3.64 364.0
2455454.74541 14.369 0.003 3.93 369.0
2455457.69682 14.372 0.003 3.80 375.0
2455458.73214 14.363 0.003 4.77 481.0
2455459.73203 14.363 0.003 3.34 557.0
2455462.68566 14.360 0.003 5.34 671.0
2455463.74655 14.370 0.003 5.18 615.0
2455464.77844 14.370 0.003 6.30 510.0
2455465.78585 14.373 0.003 7.37 544.0
2455467.70637 14.370 0.003 4.01 387.0
2455468.68621 14.369 0.003 6.37 322.0
2455469.73043 14.379 0.003 4.78 420.0
2455470.68077 14.380 0.003 4.27 276.0
2455471.67850 14.382 0.003 6.38 265.0
2455472.68619 14.383 0.003 6.59 309.0
2455473.70818 14.383 0.003 4.12 239.0
2455475.80182 14.385 0.003 4.44 328.0
2455476.70308 14.393 0.003 4.51 402.0
2455477.66908 14.377 0.003 5.39 294.0
2455478.62888 14.372 0.003 5.24 348.0
2455479.80020 14.378 0.003 5.57 285.0
2455480.63879 14.381 0.003 4.99 384.0
2455481.61564 14.380 0.003 7.64 351.0
2455482.63048 14.392 0.003 6.94 408.0
2455483.60633 14.385 0.003 5.89 438.0
2455484.63230 14.373 0.003 6.08 529.0
2455485.60234 14.366 0.003 5.65 481.0
2455487.64963 14.387 0.003 3.87 397.0
2455488.59567 14.395 0.003 4.04 723.0
2455489.61752 14.407 0.003 4.81 628.0
2455490.61454 14.401 0.003 5.14 670.0
2455491.59631 14.399 0.003 5.83 859.0
2455492.60746 14.393 0.003 5.03 732.0
2455493.57767 14.396 0.003 5.79 717.0
2455494.61842 14.405 0.003 4.74 671.0
2455495.60818 14.411 0.003 4.56 490.0
2455497.58763 14.410 0.003 5.29 495.0
2455498.59554 14.407 0.003 8.13 419.0
2455499.60609 14.401 0.003 5.47 375.0
2455502.60651 14.404 0.003 4.59 309.0
2455503.57704 14.398 0.003 4.98 365.0
2455504.58744 14.400 0.003 4.58 482.0
2455505.58866 14.401 0.003 5.20 509.0
2455506.59208 14.416 0.003 3.77 417.0
2455507.57528 14.414 0.003 4.20 396.0
2455508.55799 14.399 0.003 5.49 392.0
2455509.55121 14.383 0.003 5.21 484.0
2455510.59430 14.389 0.003 4.98 393.0
2455511.58007 14.391 0.003 5.59 408.0
2455512.56777 14.395 0.003 4.91 404.0
2455513.56831 14.414 0.003 6.09 442.0
2455514.62879 14.419 0.003 4.68 507.0
2455515.57038 14.418 0.003 6.60 474.0
2455516.57681 14.397 0.003 4.73 422.0
2455517.55632 14.417 0.003 5.75 493.0
2455518.56802 14.422 0.003 5.72 484.0
2455519.56550 14.427 0.003 6.46 566.0
2455521.57011 14.419 0.003 6.11 762.0
2455522.57733 14.428 0.003 3.97 1227.0
2455523.60152 14.419 0.003 4.36 558.0
2455525.54171 14.419 0.003 4.78 438.0
2455526.57086 14.418 0.003 4.23 396.0
2455527.57352 14.411 0.003 3.52 300.0
2455529.54213 14.403 0.003 6.62 329.0
2455530.58574 14.409 0.003 4.28 479.0
2455533.54970 14.415 0.003 5.53 328.0
2455534.58998 14.387 0.003 5.02 376.0
2455535.59330 14.382 0.003 5.33 421.0
2455539.57740 14.413 0.003 4.71 318.0
2455540.58265 14.411 0.003 4.76 387.0
2455542.55270 14.408 0.003 4.80 404.0
2455544.60923 14.424 0.003 4.84 425.0
2455546.55233 14.419 0.003 6.24 578.0
2455547.59075 14.424 0.003 5.44 550.0
2455550.60117 14.412 0.003 6.65 751.0
2455551.59442 14.407 0.003 4.71 941.0
2455554.58857 14.406 0.003 7.16 532.0
2455556.59794 14.422 0.003 5.62 341.0
2455558.57765 14.394 0.003 6.11 325.0
2455561.56456 14.379 0.003 5.62 389.0
2455563.56980 14.411 0.003 5.76 473.0
2455567.57316 14.386 0.003 5.11 244.0
2455570.63060 14.398 0.003 7.68 484.0
2455573.56147 14.399 0.003 5.86 310.0
2455578.56079 14.380 0.003 5.51 605.0
2455581.56408 14.419 0.003 6.02 856.0
2455583.55991 14.387 0.003 5.06 519.0
2455592.55288 14.388 0.003 6.01 316.0
2455699.89220 14.675 0.003 6.11 1095.0
2455724.87166 14.839 0.003 5.14 493.0
2455725.91640 14.869 0.003 5.13 504.0
2455729.92820 14.884 0.003 6.84 931.0
2455734.95281 14.952 0.003 5.24 1828.0
2455737.93009 14.984 0.003 5.48 435.0
2455740.91962 15.001 0.003 5.24 454.0
2455740.94955 15.001 0.003 5.34 1400.0
2455743.90848 15.010 0.003 6.42 495.0
2455744.93079 15.020 0.003 4.87 605.0
2455746.89973 15.020 0.003 7.74 435.0
2455753.93445 15.044 0.003 6.82 405.0
2455754.88568 15.036 0.003 6.49 513.0
2455756.89138 15.064 0.003 7.20 902.0
2455761.84671 15.097 0.003 4.60 2725.0
2455762.84078 15.110 0.003 5.34 520.0
2455763.94161 15.107 0.003 5.47 591.0
2455764.86274 15.117 0.003 4.54 319.0
2455765.84643 15.123 0.003 5.39 485.0
2455766.86054 15.133 0.003 5.56 400.0
2455767.89312 15.120 0.003 5.22 456.0
2455768.89141 15.116 0.003 4.80 462.0
2455770.89236 15.123 0.003 4.66 242.0
2455776.88764 15.144 0.003 6.18 360.0
2455777.91801 15.136 0.003 5.31 328.0
2455782.88003 15.155 0.003 5.60 284.0
2455783.69615 15.158 0.003 5.18 775.0
2455785.76134 15.162 0.003 4.94 546.0
2455786.80903 15.149 0.003 4.87 674.0
2455787.80430 15.128 0.003 4.41 614.0
2455790.92263 15.092 0.003 4.77 408.0
2455793.83302 15.045 0.003 8.71 341.0
2455794.82506 15.078 0.003 5.17 328.0
2455795.83978 15.061 0.003 5.73 203.0
2455796.77388 15.065 0.003 6.75 474.0
2455798.84688 15.090 0.003 6.44 264.0
2455801.78736 15.050 0.003 7.29 210.0
2455802.77565 15.030 0.003 6.92 331.0
2455803.76102 15.022 0.003 4.86 360.0
2455804.83928 15.030 0.003 4.66 468.0
2455805.76981 15.024 0.003 5.69 416.0
2455806.77999 15.016 0.003 5.92 393.0
2455807.79202 15.035 0.003 5.55 321.0
2455809.76886 15.029 0.003 4.43 294.0
2455810.68693 15.034 0.003 5.11 391.0
2455811.67073 15.013 0.003 5.89 485.0
2455812.73552 15.013 0.003 5.67 466.0
2455813.74244 15.017 0.003 3.68 466.0
2455814.74239 15.035 0.003 5.52 544.0
2455815.78882 15.047 0.003 4.92 617.0
2455816.71959 15.038 0.003 5.47 622.0
2455817.73530 15.023 0.003 4.35 619.0
2455818.68798 15.038 0.003 5.71 653.0
2455819.73419 15.052 0.003 5.89 524.0
2455820.73481 15.056 0.003 5.15 469.0
2455822.71498 15.078 0.003 5.88 343.0
2455823.68912 15.070 0.003 4.99 313.0
2455824.71420 15.071 0.003 6.24 244.0
2455825.77691 15.068 0.003 4.24 273.0
2455826.69411 15.065 0.003 4.94 306.0
2455827.70896 15.090 0.003 4.85 350.0
2455828.71003 15.079 0.003 4.08 314.0
2455829.69076 15.080 0.003 3.95 327.0
2455830.68618 15.064 0.003 4.14 376.0
2455831.69880 15.057 0.003 4.66 314.0
2455832.65756 15.067 0.003 5.10 407.0
2455833.69440 15.052 0.003 5.04 313.0
2455835.66338 15.064 0.003 5.76 303.0
2455836.65670 15.076 0.003 3.94 349.0
2455837.64825 15.074 0.003 4.72 331.0
2455839.66547 15.063 0.003 5.50 341.0
2455840.70437 15.048 0.003 4.97 449.0
2455841.70261 15.040 0.003 5.45 544.0
2455842.73131 15.053 0.003 6.40 481.0
2455843.72546 15.054 0.003 4.75 504.0
2455844.68478 15.050 0.003 6.62 568.0
2455845.72430 15.014 0.003 7.23 682.0
2455846.67329 15.029 0.003 5.59 920.0
2455850.67559 15.026 0.003 6.08 409.0
2455851.68791 15.029 0.003 6.52 377.0
2455852.62578 15.010 0.003 6.87 371.0
2455853.70622 15.016 0.003 7.78 433.0
2455854.64631 15.020 0.003 4.75 386.0
2455855.74852 15.007 0.003 4.41 322.0
2455856.62783 14.976 0.003 4.50 358.0
2455857.61980 14.970 0.003 6.92 325.0
2455858.63917 14.966 0.003 6.46 294.0
2455860.62734 14.939 0.003 5.48 406.0
2455861.62397 14.928 0.003 4.26 371.0
2455862.61088 14.935 0.003 4.61 297.0
2455863.64831 14.925 0.003 5.11 389.0
2455864.56485 14.937 0.003 4.84 401.0
2455865.61827 14.922 0.003 4.89 488.0
2455866.59728 14.928 0.003 4.55 387.0
2455867.58604 14.923 0.003 4.09 437.0
2455868.62748 14.925 0.003 3.92 424.0
2455870.62853 14.915 0.003 3.64 443.0
2455871.56487 14.899 0.003 4.52 493.0
2455872.64405 14.875 0.003 3.93 510.0
2455873.59827 14.871 0.003 3.90 610.0
2455874.65772 14.869 0.003 6.25 657.0
2455875.64615 14.875 0.003 5.29 648.0
2455878.61449 14.868 0.003 6.80 751.0
2455881.61607 14.868 0.003 5.95 437.0
2455882.68020 14.876 0.003 4.94 457.0
2455887.59559 14.824 0.003 4.73 428.0
2455888.66858 14.844 0.003 4.19 571.0
2455889.61777 14.830 0.003 5.01 500.0
2455890.64524 14.830 0.003 4.39 543.0
2455891.60655 14.821 0.003 5.43 505.0
2455893.57280 14.806 0.003 4.76 370.0
2455894.57345 14.796 0.003 5.06 368.0
2455895.54510 14.782 0.003 4.66 346.0
2455896.57369 14.773 0.003 4.82 410.0
2455897.58308 14.765 0.003 5.41 366.0
2455898.58080 14.755 0.003 5.58 510.0
2455899.57965 14.749 0.003 6.02 482.0
2455900.58207 14.734 0.003 5.08 484.0
2455901.56455 14.730 0.003 7.73 628.0
2455902.58209 14.735 0.003 5.68 617.0
2455903.61714 14.734 0.003 6.00 824.0
2455904.59775 14.734 0.003 4.54 636.0
2455905.55120 14.730 0.003 5.74 730.0
2455906.58223 14.731 0.003 5.62 1036.0
2455907.59393 14.723 0.003 6.06 583.0
2455909.57770 14.719 0.003 5.58 415.0
2455911.55549 14.694 0.003 4.93 366.0
2455913.58910 14.686 0.003 6.04 545.0
2455914.62085 14.700 0.003 4.45 393.0
2455915.58534 14.701 0.003 4.88 291.0
2455916.58834 14.710 0.003 4.99 354.0
2455917.58817 14.715 0.003 4.25 351.0
2455918.58448 14.699 0.003 5.09 351.0
2455922.63345 14.711 0.003 4.86 338.0
2455924.55867 14.692 0.003 4.88 373.0
2455925.61957 14.700 0.003 5.09 458.0
2455926.63294 14.688 0.003 7.48 428.0
2455929.58710 14.713 0.003 8.17 436.0
2455931.61488 14.711 0.003 6.15 638.0
2455932.58651 14.697 0.003 6.00 732.0
2455933.64851 14.687 0.003 5.30 924.0
2455934.63359 14.683 0.003 3.99 902.0
2455935.60217 14.680 0.003 5.02 931.0
2455936.60851 14.644 0.003 4.90 1837.0
2455937.60791 14.668 0.003 5.69 725.0
2455938.56735 14.674 0.003 5.69 503.0
2455939.62923 14.681 0.003 5.22 684.0
2455940.62863 14.679 0.003 5.72 381.0
2455941.58547 14.682 0.003 4.75 526.0
2455942.60338 14.695 0.003 5.29 426.0
2455943.62280 14.697 0.003 6.39 722.0
2455944.61636 14.683 0.003 4.92 368.0
2455945.59534 14.676 0.003 5.36 640.0
2455946.58274 14.665 0.003 5.64 342.0
2455947.61294 14.664 0.003 6.86 558.0
2455948.56070 14.649 0.003 5.13 320.0
2455950.55850 14.635 0.003 5.54 322.0
2455953.55649 14.654 0.003 4.79 482.0
2455954.59906 14.667 0.003 3.97 292.0
2455955.58480 14.665 0.003 4.29 401.0
2455958.56104 14.672 0.003 5.10 411.0
2455961.54341 14.676 0.003 5.20 512.0
2455964.55145 14.663 0.003 6.77 913.0
2455973.56325 14.640 0.003 5.24 301.0
2455981.53995 14.649 0.003 6.73 495.0
2455984.53270 14.665 0.003 5.07 395.0
2456083.91832 14.524 0.003 5.39 828.0
2456084.89219 14.513 0.003 6.03 766.0
2456094.94777 14.505 0.003 6.25 1167.0
2456100.91040 14.497 0.003 6.20 564.0
2456110.76740 14.474 0.003 5.88 760.0
2456115.93596 14.475 0.003 5.29 571.0
2456116.87642 14.472 0.003 4.02 436.0
2456125.92592 14.444 0.003 4.40 260.0
2456131.85091 14.427 0.003 4.91 357.0
2456135.89954 14.440 0.003 5.26 337.0
2456140.81218 14.448 0.003 6.18 649.0
2456151.83033 14.406 0.003 5.16 367.0
2456159.84834 14.418 0.003 4.77 294.0
2456169.75051 14.408 0.003 4.88 718.0
2456181.71421 14.388 0.003 5.00 363.0
2456183.71922 14.394 0.003 4.57 169.0
2456189.77489 14.389 0.003 8.25 266.0
2456195.80160 14.394 0.003 4.47 427.0
2456202.64506 14.364 0.003 5.81 514.0
2456207.77339 14.382 0.003 5.92 391.0
2456211.75809 14.381 0.003 5.24 391.0
2456211.78851 14.375 0.003 6.14 497.0
2456214.72868 14.395 0.003 6.81 300.0
2456216.73426 14.388 0.003 3.59 322.0
2456218.73681 14.385 0.003 5.78 304.0
2456219.74892 14.387 0.003 6.77 278.0
2456221.70806 14.374 0.003 6.96 277.0
2456232.74329 14.390 0.003 5.61 556.0
2456234.75784 14.390 0.003 5.57 469.0
2456236.71282 14.392 0.003 4.54 441.0
2456239.66098 14.401 0.003 6.56 287.0
2456245.64802 14.404 0.003 4.36 397.0
2456248.53675 14.386 0.003 6.29 298.0
2456251.53739 14.385 0.003 5.00 351.0
2456254.54688 14.375 0.003 5.38 393.0
2456257.54184 14.399 0.003 5.09 543.0
2456262.55824 14.416 0.003 7.75 487.0
2456265.63198 14.408 0.003 4.43 288.0
2456270.59809 14.410 0.003 4.93 307.0
2456275.55351 14.402 0.003 4.81 309.0
2456283.55767 14.410 0.003 4.25 420.0
2456286.55856 14.415 0.003 4.81 527.0
2456290.59430 14.427 0.003 3.92 562.0
2456293.61602 14.416 0.003 5.77 386.0
2456296.60989 14.403 0.003 6.16 380.0
2456305.55984 14.391 0.003 5.73 299.0
2456438.87469 14.554 0.003 7.35 871.0
2456454.94696 14.664 0.003 4.69 1203.0
2456465.91130 14.698 0.003 4.93 595.0
2456467.88217 14.672 0.003 6.11 689.0
2456476.91744 14.768 0.003 5.24 464.0
2456483.87904 14.787 0.003 6.95 358.0
2456491.91424 14.801 0.003 3.87 396.0
2456497.89396 14.830 0.003 5.41 562.0
2456505.88446 14.884 0.003 5.62 388.0
2456511.83898 14.875 0.003 5.01 232.0
2456518.82697 14.860 0.003 4.26 222.0
2456522.71056 14.854 0.003 5.66 481.0
2456525.80527 14.878 0.003 5.80 793.0
2456531.77690 14.905 0.003 4.73 301.0
2456532.73591 14.924 0.003 6.62 290.0
2456533.76224 14.915 0.003 4.25 237.0
2456534.76345 14.920 0.003 4.02 252.0
2456537.76103 14.950 0.003 7.19 256.0
2456539.82715 14.936 0.003 4.27 291.0
2456543.74722 14.908 0.003 4.57 245.0
2456545.71767 14.916 0.003 4.74 210.0
2456548.68152 14.904 0.003 4.97 273.0
2456555.74123 14.875 0.003 4.98 542.0
2456558.76034 14.875 0.003 4.49 405.0
2456561.72378 14.871 0.003 5.67 202.0
2456564.63669 14.858 0.003 5.24 272.0
2456569.68716 14.839 0.003 4.09 208.0
2456573.67380 14.840 0.003 4.55 255.0
2456577.71479 14.821 0.003 4.27 289.0
2456582.65386 14.801 0.003 3.76 567.0
2456586.60898 14.818 0.003 6.26 415.0
2456593.60153 14.761 0.003 4.88 354.0
2456603.53276 14.717 0.003 5.45 384.0
2456608.62164 14.701 0.003 3.50 433.0
2456611.60109 14.695 0.003 6.00 447.0
2456614.56875 14.705 0.003 5.43 568.0
2456618.54740 14.677 0.003 5.43 315.0
2456624.54283 14.682 0.003 5.13 296.0
2456633.57760 14.691 0.003 4.69 430.0
2456639.58399 14.710 0.003 4.77 406.0
2456646.59738 14.669 0.003 4.73 443.0
2456653.57782 14.661 0.003 5.82 268.0
2456658.57694 14.665 0.003 5.49 374.0
2456666.60496 14.652 0.003 5.22 323.0
2456671.56629 14.650 0.003 7.52 565.0
2456683.55256 14.660 0.003 5.20 296.0
2456793.93277 14.572 0.003 4.46 1304.0
2456795.88542 14.554 0.003 5.27 941.0
2456829.92420 14.542 0.003 5.94 386.0
2456834.91403 14.552 0.003 5.38 716.0
2456840.90708 14.534 0.003 7.18 417.0
2456847.89536 14.527 0.003 4.27 385.0
2456856.89131 14.517 0.003 3.84 438.0
2456864.85593 14.500 0.003 5.30 384.0
2456870.85510 14.484 0.003 4.91 418.0
2456874.82647 14.494 0.003 5.78 300.0
2456879.82836 14.490 0.003 4.78 839.0
2456883.78865 14.489 0.003 5.07 504.0
2456887.79386 14.488 0.003 4.43 355.0
2456890.82327 14.469 0.003 4.97 445.0
2456896.79024 14.450 0.003 7.63 412.0
2456906.78576 14.453 0.003 6.27 527.0
2456910.75136 14.449 0.003 5.86 689.0
2456919.71282 14.413 0.003 6.20 253.0
2456923.71211 14.408 0.003 6.90 300.0
2456927.72418 14.429 0.003 5.60 364.0
2456931.69671 14.434 0.003 4.74 354.0
2456937.68081 14.418 0.003 4.64 747.0
2456941.64717 14.397 0.003 6.56 1034.0
2456944.66811 14.404 0.003 4.10 400.0
2456950.66421 14.404 0.003 5.07 419.0
2456953.67136 14.410 0.003 4.35 335.0
2456956.63633 14.416 0.003 5.77 357.0
2456961.71361 14.421 0.003 5.98 427.0
2456965.57896 14.410 0.003 6.06 649.0
2456969.61525 14.405 0.003 6.61 583.0
2456973.57075 14.396 0.003 5.73 348.0
2456977.59023 14.411 0.003 7.04 349.0
2456980.56811 14.407 0.003 5.35 504.0
2456984.60060 14.422 0.003 4.62 482.0
2456988.62395 14.408 0.003 4.64 423.0
2456994.58146 14.402 0.003 3.98 537.0
2456998.58480 14.395 0.003 4.37 713.0
2457002.62651 14.412 0.003 5.42 368.0
2457006.55391 14.416 0.003 6.33 521.0
2457011.58299 14.417 0.003 5.37 409.0
2457013.56448 14.409 0.003 6.97 381.0
2457017.54506 14.398 0.003 6.06 400.0
2457029.55594 14.419 0.003 4.46 632.0
2457033.56058 14.423 0.003 5.40 511.0
2457039.56134 14.410 0.003 6.58 579.0
2457044.55187 14.407 0.003 5.46 315.0
2457198.90953 14.674 0.003 6.39 475.0
2457204.89213 14.671 0.003 4.95 955.0
2457205.87783 14.677 0.003 5.05 1036.0
2457210.91100 14.672 0.003 5.50 560.0
2457217.93285 14.692 0.003 5.76 383.0
2457226.86221 14.712 0.003 5.20 317.0
2457229.89686 14.721 0.003 4.88 420.0
2457235.85962 14.707 0.003 5.74 822.0
2457249.80619 14.691 0.003 5.55 290.0
2457253.84158 14.696 0.003 5.49 296.0
2457258.80397 14.688 0.003 4.56 259.0
2457262.80537 14.659 0.003 5.01 1130.0
2457265.80347 14.669 0.003 5.94 566.0
2457268.82190 14.663 0.003 4.23 390.0
2457274.78451 14.665 0.003 5.64 252.0
2457277.79746 14.649 0.003 8.01 267.0
2457277.80209 14.648 0.003 6.31 279.0
2457287.71424 14.639 0.003 7.19 299.0
2457293.73776 14.628 0.003 4.12 967.0
2457298.72479 14.645 0.003 7.65 476.0
2457306.71881 14.648 0.003 6.31 331.0
2457312.65336 14.626 0.003 6.62 398.0
2457317.64042 14.625 0.003 6.38 499.0
2457324.61706 14.621 0.003 6.67 572.0
2457334.58421 14.656 0.003 6.63 404.0
2457339.60218 14.608 0.003 5.79 330.0
2457344.61755 14.647 0.003 5.06 427.0
2457348.60375 14.643 0.003 7.81 573.0
2457354.63193 14.619 0.003 5.59 556.0
2457357.59337 14.651 0.003 5.30 397.0
2457361.57472 14.611 0.003 5.46 321.0
2457364.57381 14.632 0.003 5.25 444.0
2457367.60639 14.594 0.003 4.71 362.0
2457374.60632 14.588 0.003 5.26 381.0
2457378.55632 14.627 0.003 4.82 602.0
2457383.58252 14.600 0.003 5.52 540.0
2457387.60793 14.601 0.003 5.49 287.0
2457390.56183 14.580 0.003 6.54 390.0
2457396.54946 14.604 0.003 6.38 382.0
2457401.53948 14.610 0.003 7.46 465.0
2457404.54610 14.586 0.003 4.68 459.0
2457407.55647 14.612 0.003 4.11 471.0
2457416.54627 14.579 0.003 7.42 367.0
2457433.52957 14.551 0.003 3.94 497.0
2457557.93506 14.416 0.003 5.69 403.0
2457560.91181 14.403 0.003 6.30 704.0
2457576.94408 14.418 0.003 6.34 547.0
2457583.89382 14.417 0.003 5.89 252.0
2457587.92522 14.399 0.003 5.06 434.0
2457593.87753 14.401 0.003 5.69 390.0
2457601.85863 14.417 0.003 5.83 363.0
2457604.82399 14.415 0.003 5.35 253.0
2457611.82081 14.408 0.003 4.88 297.0
2457617.82405 14.381 0.003 5.01 702.0
2457621.77972 14.406 0.003 5.28 434.0
2457624.79385 14.411 0.003 6.77 301.0
2457629.81177 14.403 0.003 5.64 242.0
2457632.78043 14.401 0.003 5.40 332.0
2457636.78437 14.387 0.003 6.47 300.0
2457639.76076 14.394 0.003 4.32 236.0
2457646.73569 14.403 0.003 4.97 978.0
2457649.76050 14.394 0.003 4.11 576.0
2457652.71982 14.411 0.003 4.37 304.0
2457656.70529 14.404 0.003 4.35 319.0
2457659.70968 14.397 0.003 4.69 349.0
2457662.73033 14.392 0.003 5.93 303.0
2457666.68035 14.392 0.003 4.71 298.0
2457671.70497 14.414 0.003 4.54 342.0
2457681.72496 14.404 0.003 5.80 443.0
2457686.65632 14.396 0.003 7.57 480.0
2457690.69374 14.425 0.003 5.20 390.0
2457697.65244 14.416 0.003 3.67 338.0
2457700.60794 14.422 0.003 4.87 503.0
2457704.56223 14.421 0.003 5.07 779.0
2457708.58411 14.420 0.003 5.05 713.0
2457712.60056 14.448 0.003 7.35 324.0
2457716.60834 14.426 0.003 5.85 398.0
2457724.59494 14.453 0.003 5.11 267.0
2457734.60072 14.445 0.003 5.33 650.0
2457739.56879 14.525 0.003 5.83 358.0
2457744.54197 14.513 0.003 4.49 317.0
2457754.57921 14.529 0.003 5.79 336.0
2457758.57721 14.517 0.003 4.95 437.0
2457763.58458 14.614 0.003 4.30 793.0
2457767.56159 14.623 0.003 4.42 597.0
2457772.58056 14.647 0.003 5.54 465.0
2457923.94596 15.197 0.003 5.18 1462.0
2457934.91244 15.188 0.003 5.71 224.0
2457944.87503 15.216 0.003 5.24 648.0
2457948.88401 15.221 0.003 5.16 490.0
2457952.91889 15.232 0.003 5.75 310.0
2457958.81860 15.202 0.003 6.90 282.0
2457960.93713 15.213 0.003 4.56 456.0
2457964.93271 15.223 0.003 4.42 492.0
2457971.86337 15.225 0.003 4.87 612.0
2457973.82719 15.229 0.003 5.79 1167.0
2457980.79385 15.188 0.003 4.98 460.0
2457983.82107 15.209 0.003 4.16 347.0
2457986.77903 15.231 0.003 5.08 334.0
2457991.81814 15.228 0.003 4.95 250.0
2457994.78288 15.238 0.003 5.78 440.0
2458001.75794 15.230 0.003 4.82 601.0
2458004.74872 15.217 0.003 5.34 605.0
2458010.73700 15.204 0.003 7.98 257.0
2458017.77864 15.234 0.003 7.44 346.0
2458020.77872 15.201 0.003 3.96 287.0
2458027.65824 15.207 0.003 6.07 573.0
2458031.80734 15.124 0.003 7.14 909.0
2458034.73670 15.115 0.003 7.01 510.0
2458037.68473 15.098 0.003 5.83 389.0
2458040.79261 15.123 0.003 6.50 332.0
2458043.68431 15.054 0.003 5.31 265.0
2458046.62692 15.038 0.003 5.39 357.0
2458053.67968 14.978 0.003 5.01 353.0
2458064.57044 14.935 0.003 5.41 422.0
2458067.59866 14.933 0.003 4.84 455.0
2458071.56440 14.917 0.003 4.60 280.0
2458075.57760 14.880 0.003 6.23 327.0
2458080.57019 14.820 0.003 3.91 470.0
2458085.57372 14.797 0.003 6.15 534.0
2458090.59918 14.769 0.003 6.32 815.0
2458094.58214 14.781 0.003 5.62 325.0
2458103.55301 14.762 0.003 4.49 306.0
2458110.59767 14.717 0.003 5.23 538.0
2458115.58831 14.718 0.003 4.97 369.0
2458122.58505 14.684 0.003 4.91 511.0
2458132.61330 14.703 0.003 6.15 354.0
2458136.56315 14.664 0.003 5.84 406.0
2458140.58316 14.697 0.003 6.00 511.0
2458142.52639 14.669 0.003 6.89 2770.0
2458143.53919 14.670 0.003 5.68 426.0
2458285.93369 14.493 0.003 4.71 344.0
2458291.93931 14.498 0.003 4.80 540.0
2458306.89675 14.450 0.003 2.51 401.0
2458311.89277 14.452 0.003 4.58 411.0
2458312.90598 14.449 0.003 4.36 301.0
2458318.91874 14.458 0.003 6.83 365.0
2458328.83159 14.441 0.003 5.94 760.0
2458332.84009 14.425 0.003 5.64 384.0
2458335.85984 14.422 0.003 5.10 457.0
2458336.88996 14.420 0.003 3.96 463.0
2458340.82921 14.435 0.003 4.70 231.0
2458344.83890 14.428 0.003 3.84 247.0
2458347.77416 14.433 0.003 4.21 197.0
2458355.80906 14.409 0.003 3.93 557.0
2458358.80369 14.392 0.003 5.84 579.0
2458362.82418 14.394 0.003 6.73 328.0
2458366.86318 14.412 0.003 5.27 295.0
2458371.76777 14.416 0.003 4.90 277.0
2458376.74164 14.404 0.003 6.78 330.0
2458383.69472 14.381 0.003 5.07 498.0
2458385.73179 14.388 0.003 4.54 563.0
2458393.71935 14.400 0.003 4.47 224.0
2458406.65751 14.388 0.003 6.09 314.0
2458410.65299 14.387 0.003 5.96 381.0
2458415.60788 14.409 0.003 6.27 789.0
2458423.60424 14.407 0.003 4.81 336.0
2458427.59090 14.408 0.003 5.06 301.0
2458432.58761 14.401 0.003 6.67 263.0
2458436.55482 14.387 0.003 6.58 334.0
2458440.59464 14.416 0.003 3.75 490.0
2458444.64699 14.413 0.003 5.35 714.0
2458448.56742 14.408 0.003 3.60 279.0
2458451.57389 14.404 0.003 4.77 477.0
2458454.57888 14.390 0.003 4.78 335.0
2458457.62110 14.401 0.003 7.06 368.0
2458461.57198 14.383 0.003 6.56 274.0
2458465.57858 14.406 0.003 4.41 238.0
2458468.57714 14.397 0.003 5.56 353.0
2458474.58184 14.401 0.003 7.16 616.0
2458479.58148 14.382 0.003 3.72 251.0
2458487.56132 14.388 0.003 5.41 306.0
2458491.56054 14.385 0.003 5.77 283.0
2458496.58340 14.399 0.003 5.82 306.0
2458500.56152 14.397 0.003 5.59 446.0
2458504.58389 14.366 0.003 4.17 947.0
2458510.59507 14.370 0.003 7.40 329.0
2458516.57574 14.400 0.003 6.00 352.0
2458643.93829 14.878 0.003 5.30 640.0
2458650.94270 14.873 0.003 6.11 801.0
2458656.90688 14.943 0.003 5.77 1077.0
2458663.92452 14.997 0.003 7.50 408.0
2458667.89629 15.035 0.003 6.25 380.0
2458669.90044 15.043 0.003 5.00 298.0
2458676.88734 15.060 0.003 5.86 352.0
2458683.88045 15.103 0.003 6.13 475.0
2458691.90329 15.124 0.003 4.17 343.0
2458695.84972 15.144 0.003 4.33 294.0
2458701.82357 15.127 0.003 4.40 408.0
2458705.85259 15.148 0.003 5.87 256.0
2458711.81718 15.171 0.003 5.68 1493.0
2458715.79415 15.087 0.003 4.49 310.0
2458719.80277 15.089 0.003 5.90 284.0
2458723.76607 15.109 0.003 4.42 243.0
2458727.74969 15.100 0.003 5.13 236.0
2458734.72633 15.082 0.003 7.46 385.0
2458738.73472 15.081 0.003 6.48 617.0
2458741.71509 15.052 0.003 5.88 536.0
2458746.76325 14.998 0.003 8.04 362.0
2458750.71037 14.983 0.003 4.75 239.0
2458755.71503 14.919 0.003 4.68 289.0
2458759.67127 14.945 0.003 7.12 300.0
2458762.65140 14.936 0.003 6.24 324.0
2458764.65433 14.921 0.003 5.63 356.0
2458768.64753 14.868 0.003 6.59 537.0
2458772.70929 14.845 0.003 6.79 529.0
2458774.65657 14.837 0.003 5.42 421.0
2458775.62292 14.826 0.003 6.69 270.0
2458777.62697 14.811 0.003 6.06 346.0
2458780.61857 14.792 0.003 4.17 452.0
2458783.64245 14.782 0.003 4.01 213.0
2458786.59593 14.771 0.003 6.53 280.0
2458791.61805 14.746 0.003 5.78 409.0
2458794.57353 14.763 0.003 4.25 409.0
2458797.58830 14.754 0.003 4.24 663.0
2458800.63195 14.744 0.003 5.82 913.0
2458803.61676 14.720 0.003 6.31 470.0
2458806.61017 14.722 0.003 5.18 305.0
2458810.58879 14.720 0.003 4.47 362.0
2458816.56907 14.694 0.003 5.21 405.0
2458821.56854 14.686 0.003 5.98 346.0
2458824.57417 14.671 0.003 5.10 449.0
2458827.57607 14.670 0.003 6.00 577.0
2458831.57298 14.678 0.003 4.89 422.0
2458836.57316 14.681 0.003 4.84 344.0
2458840.57812 14.683 0.003 5.33 295.0
2458844.57522 14.683 0.003 4.70 227.0
2458848.60796 14.652 0.003 4.90 365.0
2458857.59428 14.591 0.003 6.12 776.0
2458862.60587 14.639 0.003 4.49 502.0
2458869.58959 14.630 0.003 6.50 333.0
