2455346.91893 15.953 0.005 5.54 1083.0
2455353.92913 15.942 0.004 3.71 679.0
2455362.93745 15.951 0.004 5.43 654.0
2455365.92021 15.950 0.005 5.63 586.0
2455376.92478 15.932 0.004 5.19 885.0
2455378.92596 15.950 0.004 5.02 527.0
2455380.89935 15.958 0.005 6.37 499.0
2455381.90824 15.948 0.005 6.06 723.0
2455382.93076 15.930 0.005 7.66 590.0
2455384.92933 15.937 0.005 6.70 584.0
2455385.92120 15.957 0.004 4.54 296.0
2455386.89157 15.937 0.004 4.18 328.0
2455387.90322 15.940 0.004 4.46 386.0
2455389.87445 15.933 0.004 4.69 336.0
2455390.87695 15.933 0.004 5.91 243.0
2455391.92902 15.942 0.004 4.24 283.0
2455393.89033 15.947 0.005 7.06 372.0
2455395.87629 15.938 0.005 6.89 485.0
2455399.81508 15.953 0.004 5.10 510.0
2455400.86958 15.937 0.004 4.96 691.0
2455401.85919 15.952 0.005 6.66 755.0
2455403.85583 15.952 0.004 4.60 910.0
2455404.83741 15.949 0.004 4.78 697.0
2455405.84303 15.939 0.004 4.03 551.0
2455407.87652 15.948 0.004 5.90 489.0
2455408.83370 15.937 0.004 4.75 585.0
2455409.83519 15.946 0.004 4.21 362.0
2455410.83676 15.949 0.004 4.71 445.0
2455411.82396 15.948 0.004 5.91 428.0
2455412.81790 15.955 0.004 6.08 368.0
2455414.81739 15.942 0.003 4.19 223.0
2455421.79276 15.939 0.004 5.26 280.0
2455422.88356 15.937 0.004 4.42 404.0
2455425.86830 15.949 0.004 5.84 269.0
2455426.83445 15.928 0.003 4.21 311.0
2455427.87000 15.947 0.004 3.69 515.0
2455428.77329 15.945 0.004 5.16 472.0
2455430.75457 15.955 0.004 5.73 627.0
2455432.80970 15.947 0.005 6.95 825.0
2455433.80308 15.949 0.004 4.87 737.0
2455434.77383 15.934 0.004 3.84 562.0
2455435.77040 15.934 0.004 4.27 491.0
2455436.77976 15.930 0.003 3.63 390.0
2455437.82210 15.927 0.004 3.83 465.0
2455438.75713 15.946 0.004 4.29 344.0
2455439.73646 15.937 0.004 5.39 389.0
2455443.73661 15.941 0.004 5.77 275.0
2455444.74508 15.940 0.004 6.50 349.0
2455445.76253 15.929 0.003 3.99 331.0
2455447.75022 15.924 0.003 4.76 361.0
2455448.71385 15.921 0.003 4.28 266.0
2455449.70872 15.927 0.004 4.97 249.0
2455450.75320 15.924 0.004 5.07 303.0
2455451.68578 15.934 0.003 4.16 322.0
2455453.78071 15.919 0.003 3.77 399.0
2455454.73075 15.926 0.004 3.93 421.0
2455455.77167 15.929 0.003 3.91 351.0
2455457.68221 15.938 0.003 3.78 387.0
2455458.71744 15.922 0.004 4.01 485.0
2455459.71732 15.937 0.004 3.60 565.0
2455462.67081 15.935 0.004 5.71 691.0
2455463.73196 15.901 0.004 5.23 649.0
2455464.76383 15.918 0.004 6.39 508.0
2455465.77126 15.942 0.005 6.72 543.0
2455467.69175 15.932 0.004 4.36 406.0
2455468.67162 15.924 0.004 6.32 327.0
2455469.71585 15.923 0.003 4.24 393.0
2455470.66618 15.929 0.004 4.53 284.0
2455471.66389 15.926 0.004 5.82 273.0
2455472.67155 15.927 0.004 5.71 338.0
2455473.69354 15.927 0.004 5.01 244.0
2455475.78724 15.934 0.004 4.58 343.0
2455476.68845 15.925 0.004 4.11 388.0
2455477.65445 15.921 0.003 3.87 335.0
2455478.61430 15.925 0.004 4.59 346.0
2455479.78561 15.921 0.004 5.27 281.0
2455480.62418 15.920 0.004 5.95 389.0
2455481.60100 15.924 0.004 6.77 384.0
2455482.61589 15.925 0.005 7.51 428.0
2455483.59171 15.924 0.004 5.93 431.0
2455484.61702 15.926 0.004 5.63 549.0
2455485.58773 15.924 0.004 5.96 520.0
2455487.63500 15.922 0.003 3.75 436.0
2455488.58106 15.914 0.004 4.04 710.0
2455489.60286 15.923 0.004 4.56 632.0
2455490.59989 15.921 0.004 4.95 676.0
2455491.58166 15.931 0.005 5.75 942.0
2455492.59282 15.929 0.004 4.87 728.0
2455493.56301 15.927 0.005 6.71 726.0
2455494.60382 15.930 0.004 4.98 661.0
2455495.59355 15.937 0.004 4.85 487.0
2455497.57299 15.923 0.004 5.75 506.0
2455498.58091 15.922 0.004 6.43 464.0
2455499.59139 15.918 0.004 5.65 396.0
2455502.59184 15.909 0.003 4.23 351.0
2455503.56238 15.918 0.004 5.11 394.0
2455504.57283 15.916 0.004 4.91 502.0
2455505.57404 15.915 0.004 5.32 517.0
2455506.57603 15.917 0.004 4.04 426.0
2455507.56063 15.921 0.004 5.22 436.0
2455508.54332 15.920 0.004 6.09 447.0
2455509.53652 15.909 0.004 4.63 505.0
2455510.57959 15.916 0.004 5.49 433.0
2455511.56539 15.909 0.004 5.89 438.0
2455512.55313 15.912 0.004 4.94 436.0
2455513.55363 15.926 0.004 5.55 449.0
2455514.61409 15.920 0.004 4.07 518.0
2455515.55569 15.930 0.005 7.32 499.0
2455516.54485 15.914 0.004 5.47 450.0
2455517.54166 15.925 0.004 5.17 492.0
2455518.55332 15.933 0.004 6.21 513.0
2455519.55077 15.915 0.005 7.09 591.0
2455521.55542 15.916 0.005 6.17 755.0
2455522.56264 15.907 0.004 3.78 1199.0
2455523.58681 15.910 0.004 5.38 578.0
2455525.52700 15.910 0.004 5.37 500.0
2455526.55615 15.911 0.004 4.69 415.0
2455527.55879 15.919 0.004 4.28 344.0
2455529.52740 15.914 0.004 5.34 432.0
2455530.57100 15.913 0.004 4.20 532.0
2455533.53501 15.912 0.004 5.79 367.0
2455534.57527 15.908 0.004 5.23 408.0
2455535.57855 15.907 0.004 5.20 435.0
2455539.56266 15.912 0.004 4.98 319.0
2455540.56793 15.911 0.004 4.83 421.0
2455542.53798 15.895 0.004 4.38 470.0
2455544.59450 15.901 0.004 4.67 439.0
2455546.53759 15.926 0.005 6.19 697.0
2455547.57603 15.909 0.004 4.68 482.0
2455550.58643 15.910 0.005 6.70 786.0
2455551.57969 15.908 0.005 5.67 953.0
2455554.57383 15.900 0.004 5.80 438.0
2455556.58322 15.908 0.004 5.49 340.0
2455558.56290 15.910 0.004 5.84 338.0
2455561.54983 15.912 0.004 6.30 426.0
2455563.55506 15.897 0.004 6.28 492.0
2455567.55839 15.907 0.004 5.22 273.0
2455570.61586 15.922 0.004 7.06 486.0
2455573.54592 15.913 0.004 6.54 387.0
2455578.54576 15.920 0.004 5.53 636.0
2455581.54870 15.912 0.005 6.53 856.0
2455583.54442 15.911 0.004 5.04 492.0
2455592.53812 15.917 0.003 4.80 334.0
2455699.87743 15.880 0.004 6.03 1129.0
2455700.92819 15.879 0.005 7.30 1576.0
2455724.85703 15.868 0.004 5.20 504.0
2455725.90181 15.866 0.003 4.36 557.0
2455727.94122 15.878 0.005 5.89 1743.0
2455729.91352 15.868 0.005 6.76 950.0
2455734.93822 15.900 0.004 4.96 595.0
2455737.91546 15.879 0.003 5.16 420.0
2455740.90505 15.862 0.003 5.14 477.0
2455740.93493 15.854 0.004 5.18 507.0
2455743.89385 15.864 0.004 6.10 485.0
2455744.91619 15.874 0.004 5.82 625.0
2455746.88512 15.863 0.004 6.55 455.0
2455748.92731 15.861 0.004 7.61 334.0
2455753.94079 15.886 0.004 7.02 556.0
2455756.79495 15.863 0.005 7.07 785.0
2455756.87597 15.868 0.005 6.72 932.0
2455757.80276 15.855 0.005 6.75 1596.0
2455757.83848 15.861 0.005 7.28 984.0
2455759.90595 15.861 0.004 5.30 736.0
2455761.81635 15.875 0.004 4.53 2656.0
2455762.82362 15.870 0.004 6.37 602.0
2455763.92702 15.873 0.004 5.97 479.0
2455764.84667 15.868 0.003 5.29 317.0
2455765.83187 15.870 0.004 5.27 466.0
2455766.84596 15.879 0.004 5.72 380.0
2455767.87854 15.873 0.004 6.20 410.0
2455768.87683 15.867 0.003 4.24 465.0
2455770.87773 15.865 0.003 4.60 256.0
2455776.87301 15.854 0.004 6.36 371.0
2455777.90347 15.856 0.003 5.53 366.0
2455782.86548 15.856 0.003 5.55 273.0
2455783.68157 15.871 0.004 5.58 1179.0
2455785.74678 15.869 0.004 5.16 555.0
2455786.79448 15.851 0.004 5.24 691.0
2455787.78973 15.856 0.004 4.70 655.0
2455788.80561 15.871 0.005 8.20 546.0
2455790.90806 15.845 0.003 4.88 414.0
2455793.81842 15.858 0.004 6.84 321.0
2455794.81045 15.848 0.004 5.75 343.0
2455795.82523 15.855 0.003 5.09 201.0
2455796.75931 15.853 0.004 6.07 445.0
2455798.83231 15.858 0.004 6.19 259.0
2455801.77278 15.845 0.004 8.70 215.0
2455802.76110 15.848 0.004 6.26 335.0
2455803.74647 15.855 0.003 5.08 349.0
2455804.82472 15.849 0.003 4.59 471.0
2455805.75526 15.859 0.003 4.56 417.0
2455806.76539 15.864 0.003 5.44 401.0
2455807.77739 15.879 0.004 6.20 351.0
2455809.75426 15.871 0.003 4.18 339.0
2455810.67235 15.862 0.003 4.41 385.0
2455811.65605 15.848 0.004 6.56 577.0
2455812.72095 15.845 0.004 5.49 478.0
2455813.72784 15.841 0.003 3.66 491.0
2455814.72779 15.825 0.004 6.35 548.0
2455815.77426 15.837 0.003 4.09 628.0
2455816.70501 15.833 0.004 5.38 607.0
2455817.72072 15.842 0.003 4.66 599.0
2455818.67339 15.844 0.004 5.22 705.0
2455819.71963 15.843 0.003 5.04 521.0
2455820.72019 15.860 0.004 5.60 482.0
2455822.70035 15.857 0.004 5.92 332.0
2455823.67447 15.846 0.003 5.33 308.0
2455824.69962 15.852 0.004 6.49 229.0
2455825.76227 15.846 0.003 4.60 267.0
2455826.67951 15.850 0.003 5.42 296.0
2455827.69438 15.845 0.003 4.69 318.0
2455828.69542 15.842 0.003 4.61 331.0
2455829.67616 15.838 0.003 3.62 379.0
2455830.67158 15.832 0.003 4.32 362.0
2455831.68415 15.829 0.003 4.50 333.0
2455832.64299 15.837 0.003 4.57 461.0
2455833.67978 15.837 0.003 4.06 323.0
2455835.64881 15.833 0.003 5.54 319.0
2455836.64207 15.845 0.003 4.04 358.0
2455837.63363 15.845 0.003 4.55 341.0
2455839.65084 15.838 0.003 5.10 347.0
2455840.68971 15.842 0.003 4.95 492.0
2455841.68794 15.845 0.004 5.58 559.0
2455842.71668 15.846 0.004 5.85 509.0
2455843.71085 15.849 0.003 5.14 535.0
2455844.67014 15.835 0.004 7.18 612.0
2455845.70967 15.838 0.004 6.60 737.0
2455846.65863 15.849 0.004 5.48 931.0
2455850.66096 15.847 0.003 5.04 433.0
2455851.67328 15.855 0.003 5.42 381.0
2455852.61113 15.843 0.004 6.18 436.0
2455853.69160 15.847 0.004 7.18 410.0
2455854.63119 15.835 0.003 4.44 436.0
2455855.73340 15.828 0.003 4.14 309.0
2455856.61282 15.839 0.003 4.53 388.0
2455857.60515 15.825 0.003 6.32 344.0
2455858.62403 15.839 0.004 6.80 287.0
2455860.61221 15.832 0.004 7.00 414.0
2455861.60931 15.834 0.003 4.43 368.0
2455862.59479 15.826 0.003 4.66 330.0
2455863.63369 15.833 0.003 5.01 396.0
2455864.55026 15.820 0.003 5.14 435.0
2455865.60362 15.823 0.003 4.43 513.0
2455866.58264 15.823 0.003 4.66 415.0
2455867.57109 15.816 0.003 3.98 450.0
2455868.61250 15.834 0.003 4.25 414.0
2455870.61388 15.810 0.003 3.72 497.0
2455871.55026 15.806 0.003 4.41 540.0
2455872.62939 15.815 0.003 3.90 539.0
2455873.58360 15.813 0.003 4.48 1048.0
2455874.64307 15.823 0.004 6.93 658.0
2455875.63146 15.811 0.003 4.64 638.0
2455878.59985 15.857 0.005 7.53 758.0
2455881.60142 15.843 0.004 6.14 408.0
2455882.66552 15.817 0.003 4.71 474.0
2455885.65685 15.782 0.004 6.24 412.0
2455888.65395 15.786 0.003 4.48 617.0
2455889.60310 15.804 0.003 5.41 490.0
2455890.63057 15.807 0.003 4.46 540.0
2455891.59183 15.812 0.004 5.49 511.0
2455893.55814 15.816 0.003 5.23 379.0
2455894.55877 15.822 0.003 4.61 355.0
2455895.53037 15.813 0.003 4.66 385.0
2455896.55899 15.812 0.003 5.47 430.0
2455897.56841 15.808 0.003 4.49 406.0
2455898.56604 15.817 0.004 6.01 569.0
2455899.56498 15.806 0.004 5.95 539.0
2455900.56733 15.804 0.004 5.15 497.0
2455901.54136 15.800 0.005 8.16 654.0
2455902.56733 15.803 0.004 7.30 612.0
2455903.60245 15.798 0.004 5.11 835.0
2455904.58303 15.801 0.003 5.16 628.0
2455905.53647 15.805 0.004 5.46 739.0
2455906.56751 15.808 0.004 5.09 1331.0
2455907.57920 15.807 0.004 6.11 565.0
2455909.56301 15.809 0.003 5.17 430.0
2455911.54078 15.824 0.004 5.91 429.0
2455913.57439 15.794 0.004 6.01 561.0
2455914.60608 15.800 0.003 3.98 387.0
2455915.57063 15.791 0.003 4.78 297.0
2455916.57363 15.789 0.003 5.28 372.0
2455917.57346 15.782 0.003 4.14 347.0
2455918.56973 15.776 0.003 5.43 356.0
2455922.59516 15.765 0.003 4.48 347.0
2455923.57615 15.757 0.003 4.16 337.0
2455924.54393 15.767 0.003 4.59 401.0
2455925.60483 15.775 0.003 5.37 462.0
2455926.61818 15.771 0.004 6.83 415.0
2455929.57234 15.765 0.004 7.32 449.0
2455931.60013 15.768 0.004 7.42 680.0
2455932.57115 15.746 0.003 5.20 719.0
2455933.64211 15.743 0.004 5.17 985.0
2455934.61884 15.733 0.003 3.67 858.0
2455935.58737 15.732 0.004 5.32 1074.0
2455936.59402 15.736 0.004 4.87 1841.0
2455936.62435 15.754 0.004 4.93 1770.0
2455937.59248 15.723 0.004 5.77 749.0
2455938.55257 15.707 0.003 6.10 447.0
2455939.61446 15.706 0.003 4.43 658.0
2455940.61347 15.698 0.003 4.65 360.0
2455941.57013 15.710 0.003 5.30 518.0
2455942.57292 15.709 0.003 4.89 379.0
2455943.60803 15.708 0.004 5.91 722.0
2455944.60161 15.707 0.003 4.85 346.0
2455945.58849 15.699 0.003 4.26 692.0
2455946.56713 15.703 0.003 5.55 356.0
2455947.59775 15.718 0.004 7.13 525.0
2455948.54569 15.706 0.003 5.57 362.0
2455950.54316 15.730 0.004 7.11 331.0
2455953.54167 15.719 0.003 4.88 559.0
2455955.57420 15.717 0.003 4.58 426.0
2455958.54628 15.685 0.003 5.74 407.0
2455961.53493 15.697 0.003 5.33 587.0
2455964.53666 15.716 0.004 6.53 943.0
2455973.54844 15.741 0.003 5.81 326.0
2455981.52513 15.770 0.004 7.00 522.0
2455984.51704 15.758 0.003 5.05 537.0
2456083.90366 15.767 0.003 5.11 788.0
2456084.87705 15.752 0.004 5.62 826.0
2456089.94526 15.779 0.004 5.47 1097.0
2456094.93315 15.798 0.003 5.34 447.0
2456097.94545 15.784 0.003 5.21 628.0
2456110.75283 15.802 0.004 5.44 819.0
2456115.92134 15.797 0.004 5.97 531.0
2456116.86182 15.801 0.003 4.29 438.0
2456124.94815 15.807 0.004 4.33 1086.0
2456131.83631 15.801 0.003 4.99 363.0
2456135.88493 15.806 0.003 5.43 370.0
2456140.79763 15.799 0.004 6.37 657.0
2456151.81573 15.802 0.003 5.41 366.0
2456159.83377 15.806 0.003 5.05 291.0
2456169.73590 15.810 0.003 5.04 799.0
2456181.69961 15.803 0.003 5.99 387.0
2456183.70464 15.811 0.003 4.53 175.0
2456187.70418 15.797 0.003 6.70 288.0
2456189.74909 15.796 0.004 8.99 300.0
2456195.78704 15.793 0.003 4.38 438.0
2456202.63047 15.809 0.004 6.52 640.0
2456207.75876 15.809 0.004 7.65 446.0
2456211.74346 15.803 0.003 5.44 361.0
2456211.77391 15.785 0.003 5.38 444.0
2456214.71404 15.791 0.003 6.75 293.0
2456216.71963 15.797 0.003 4.12 312.0
2456218.72220 15.814 0.004 6.42 329.0
2456219.73428 15.797 0.003 5.90 289.0
2456232.72862 15.799 0.004 5.56 581.0
2456234.74318 15.811 0.003 4.55 488.0
2456236.69816 15.819 0.003 4.37 462.0
2456239.64629 15.807 0.003 5.66 289.0
2456245.63268 15.790 0.003 4.63 422.0
2456248.52208 15.808 0.003 5.47 345.0
2456251.52271 15.817 0.003 3.79 392.0
2456254.52696 15.834 0.004 6.02 425.0
2456257.52712 15.833 0.004 4.84 582.0
2456262.53607 15.831 0.004 6.98 373.0
2456265.61727 15.815 0.003 4.46 289.0
2456270.58298 15.825 0.003 4.22 281.0
2456275.53832 15.815 0.003 5.24 371.0
2456283.54293 15.821 0.003 4.22 461.0
2456286.54383 15.817 0.004 5.40 552.0
2456290.57958 15.811 0.003 4.54 550.0
2456293.60129 15.822 0.003 4.98 397.0
2456296.59515 15.804 0.003 6.00 381.0
2456305.54507 15.832 0.003 6.18 326.0
2456438.85996 15.834 0.004 6.03 918.0
2456452.94571 15.822 0.003 4.25 880.0
2456463.95036 15.795 0.004 4.57 1255.0
2456467.86753 15.821 0.004 7.12 714.0
2456476.90278 15.841 0.003 5.91 427.0
2456483.86387 15.852 0.004 7.61 382.0
2456491.89959 15.849 0.003 4.49 407.0
2456497.87878 15.862 0.003 5.10 596.0
2456505.86951 15.844 0.003 5.51 370.0
2456511.82435 15.856 0.003 5.23 240.0
2456518.81233 15.850 0.003 4.69 223.0
2456522.69595 15.856 0.003 5.31 501.0
2456525.79064 15.847 0.004 5.63 804.0
2456531.76228 15.839 0.003 7.23 287.0
2456532.72128 15.833 0.003 5.78 319.0
2456533.74761 15.849 0.003 4.14 237.0
2456534.74879 15.847 0.003 4.76 244.0
2456537.74640 15.842 0.003 6.42 237.0
2456539.80616 15.843 0.003 4.12 287.0
2456543.73259 15.829 0.003 4.52 254.0
2456545.70301 15.851 0.003 4.59 218.0
2456548.66690 15.847 0.003 4.78 292.0
2456555.72657 15.845 0.003 4.86 557.0
2456558.74568 15.855 0.003 3.99 415.0
2456561.70908 15.848 0.003 5.63 207.0
2456564.62203 15.848 0.003 4.71 299.0
2456569.67249 15.856 0.003 4.29 223.0
2456573.65845 15.879 0.003 4.31 272.0
2456577.70011 15.895 0.003 4.42 297.0
2456582.63874 15.879 0.003 3.67 565.0
2456586.59432 15.896 0.004 6.84 382.0
2456593.58682 15.919 0.003 5.76 349.0
2456603.51804 15.927 0.004 6.62 419.0
2456608.60688 15.919 0.003 3.88 457.0
2456611.58639 15.939 0.003 4.27 451.0
2456614.55397 15.930 0.004 5.17 568.0
2456616.57832 15.913 0.003 4.66 481.0
2456618.53263 15.924 0.004 6.97 322.0
2456622.60652 15.930 0.003 4.44 275.0
2456624.52693 15.908 0.003 5.96 354.0
2456629.57816 15.902 0.003 5.18 275.0
2456631.55535 15.919 0.003 5.60 368.0
2456633.56284 15.911 0.003 4.20 511.0
2456635.55530 15.904 0.003 5.02 385.0
2456637.57924 15.924 0.004 6.01 472.0
2456639.56920 15.912 0.003 5.70 431.0
2456641.55458 15.918 0.003 5.00 509.0
2456644.56002 15.919 0.004 5.64 487.0
2456645.56347 15.910 0.003 5.46 409.0
2456646.56890 15.913 0.003 4.80 416.0
2456647.55470 15.910 0.004 6.74 294.0
2456648.55257 15.920 0.004 6.08 403.0
2456649.70412 15.925 0.004 6.06 420.0
2456650.59622 15.921 0.003 3.88 334.0
2456651.59312 15.910 0.003 6.77 290.0
2456653.57563 15.935 0.003 5.68 277.0
2456655.56536 15.918 0.003 5.56 295.0
2456657.57656 15.925 0.003 4.78 403.0
2456660.57987 15.926 0.004 7.35 395.0
2456663.57353 15.921 0.003 6.16 373.0
2456666.60277 15.918 0.003 5.20 333.0
2456670.57962 15.948 0.003 5.46 539.0
2456676.53538 15.939 0.004 7.84 405.0
2456677.55443 15.925 0.003 4.88 389.0
2456678.54675 15.838 0.003 6.20 285.0
2456679.54802 15.933 0.003 5.87 314.0
2456680.55680 15.950 0.003 5.25 263.0
2456683.53772 15.941 0.004 6.77 391.0
2456687.54679 15.934 0.004 7.70 275.0
2456689.52487 15.945 0.006 7.08 1459.0
2456700.52073 15.923 0.004 5.38 1128.0
2456701.51948 15.925 0.005 6.83 1234.0
2456702.52114 15.918 0.005 7.75 1113.0
2456704.51961 15.929 0.005 7.77 1012.0
2456793.91802 16.019 0.004 4.05 947.0
2456795.87069 16.026 0.005 5.19 1047.0
2456828.94016 16.029 0.004 5.34 557.0
2456834.89939 16.037 0.005 5.43 754.0
2456839.91941 16.035 0.005 6.47 824.0
2456847.88069 16.042 0.004 3.81 395.0
2456855.92451 16.043 0.004 4.70 513.0
2456864.84128 16.069 0.004 5.33 402.0
2456870.84043 16.071 0.004 5.17 357.0
2456874.81184 16.070 0.004 6.70 292.0
2456879.81371 16.071 0.005 5.34 861.0
2456883.77401 16.083 0.004 4.68 532.0
2456887.77923 16.087 0.004 4.60 348.0
2456890.80863 16.096 0.005 6.24 426.0
2456896.77558 16.087 0.006 8.72 408.0
2456906.77110 16.087 0.005 7.31 529.0
2456910.73365 16.089 0.005 6.87 678.0
2456919.69780 16.126 0.004 5.99 269.0
2456923.68894 16.113 0.005 8.10 310.0
2456927.70951 16.138 0.005 6.28 374.0
2456931.68204 16.105 0.004 4.23 418.0
2456937.66612 16.138 0.005 4.46 750.0
2456941.63159 16.133 0.006 6.64 857.0
2456944.65343 16.114 0.003 4.09 362.0
2456950.64954 16.135 0.004 4.99 438.0
2456953.65667 16.143 0.004 5.10 344.0
2456956.62160 16.124 0.004 4.68 364.0
2456961.69890 16.139 0.005 6.13 448.0
2456965.56371 16.146 0.005 5.99 680.0
2456969.60052 16.157 0.005 5.73 599.0
2456973.55602 16.160 0.005 6.25 373.0
2456977.57552 16.150 0.005 6.26 355.0
2456980.55336 16.145 0.005 5.54 504.0
2456984.58585 16.147 0.004 4.63 438.0
2456988.60916 16.152 0.004 5.42 436.0
2456994.56643 16.175 0.004 4.92 519.0
2456998.56999 16.170 0.005 4.93 758.0
2457001.60509 16.159 0.006 7.49 432.0
2457006.53911 16.160 0.005 6.01 572.0
2457011.56819 16.170 0.004 5.68 398.0
2457013.54724 16.189 0.006 8.17 415.0
2457017.54710 16.206 0.005 5.55 421.0
2457029.54108 16.179 0.004 4.69 693.0
2457033.54998 16.180 0.005 6.59 565.0
2457039.54650 16.214 0.005 5.12 549.0
2457044.53702 16.211 0.005 5.86 441.0
2457190.93520 16.276 0.006 5.92 723.0
2457197.94177 16.264 0.006 7.24 499.0
2457204.87752 16.287 0.005 5.22 1027.0
2457205.86325 16.291 0.005 5.33 1056.0
2457210.89641 16.280 0.005 5.50 604.0
2457217.91824 16.300 0.005 6.64 384.0
2457223.91286 16.274 0.005 7.01 360.0
2457229.88227 16.283 0.004 4.79 444.0
2457235.84499 16.301 0.005 4.86 817.0
2457249.79162 16.322 0.005 5.96 302.0
2457253.82696 16.296 0.004 5.03 270.0
2457258.78936 16.277 0.004 4.39 277.0
2457262.79072 16.300 0.005 4.94 608.0
2457265.78850 16.295 0.005 5.39 568.0
2457268.80731 16.304 0.004 4.53 396.0
2457274.76986 16.299 0.005 6.68 248.0
2457277.78226 16.291 0.005 7.14 272.0
2457287.69156 16.290 0.005 7.59 295.0
2457293.72309 16.276 0.005 4.32 985.0
2457298.71011 16.300 0.005 6.26 456.0
2457306.70417 16.301 0.005 6.60 344.0
2457312.63868 16.306 0.005 6.26 430.0
2457317.62575 16.309 0.005 5.94 626.0
2457324.59942 16.308 0.005 6.10 640.0
2457334.55478 16.322 0.005 5.30 421.0
2457339.58743 16.306 0.005 5.57 379.0
2457344.60281 16.304 0.005 5.66 429.0
2457348.58907 16.309 0.006 6.68 579.0
2457354.61717 16.332 0.005 5.45 564.0
2457357.57835 16.314 0.005 5.91 434.0
2457361.55998 16.314 0.004 5.11 330.0
2457364.55905 16.330 0.005 5.92 473.0
2457367.59163 16.302 0.004 4.95 334.0
2457374.59154 16.332 0.005 4.91 406.0
2457378.54154 16.327 0.005 4.96 633.0
2457383.56776 16.326 0.005 5.73 536.0
2457387.59312 16.325 0.005 5.64 325.0
2457390.54703 16.325 0.005 6.30 419.0
2457396.54729 16.327 0.005 5.84 411.0
2457401.53729 16.304 0.007 8.13 573.0
2457404.54389 16.337 0.004 4.46 502.0
2457407.55428 16.318 0.004 3.81 486.0
2457416.54409 16.322 0.005 7.07 376.0
2457433.52313 16.323 0.005 4.30 806.0
2457550.94621 16.328 0.007 6.54 1368.0
2457560.89673 16.349 0.006 5.99 709.0
2457567.93808 16.338 0.005 5.93 538.0
2457576.92946 16.349 0.005 6.45 386.0
2457583.87920 16.330 0.005 6.21 272.0
2457587.91057 16.334 0.005 5.43 509.0
2457593.86290 16.338 0.005 5.72 379.0
2457601.84400 16.324 0.005 5.80 372.0
2457604.80940 16.328 0.004 4.95 257.0
2457611.80621 16.318 0.004 5.57 310.0
2457617.80946 16.327 0.005 5.77 608.0
2457621.76510 16.325 0.005 6.75 414.0
2457622.77525 16.302 0.004 4.38 402.0
2457623.74418 16.299 0.004 5.38 288.0
2457624.76429 16.306 0.005 6.28 350.0
2457624.77924 16.308 0.005 6.31 345.0
2457625.75830 16.299 0.004 4.79 268.0
2457626.74200 16.299 0.004 5.09 332.0
2457629.79710 16.291 0.005 6.49 235.0
2457630.74546 16.303 0.004 5.90 257.0
2457631.79739 16.294 0.004 4.32 281.0
2457632.76582 16.291 0.004 4.76 312.0
2457633.80743 16.278 0.004 5.46 298.0
2457634.75019 16.297 0.004 5.33 297.0
2457635.78056 16.274 0.005 7.74 334.0
2457636.75711 16.295 0.005 6.54 266.0
2457637.72246 16.300 0.004 5.23 322.0
2457638.71921 16.298 0.004 4.70 339.0
2457639.74612 16.277 0.004 4.74 244.0
2457643.70148 16.294 0.005 6.43 401.0
2457644.72407 16.294 0.006 6.31 881.0
2457646.69017 16.293 0.005 5.52 667.0
2457647.71929 16.288 0.004 4.38 763.0
2457648.73320 16.283 0.005 4.66 730.0
2457649.74589 16.296 0.004 4.01 563.0
2457650.72670 16.304 0.005 5.58 425.0
2457651.73073 16.286 0.004 4.77 458.0
2457652.70458 16.278 0.004 4.21 327.0
2457653.73247 16.290 0.004 4.42 412.0
2457655.72544 16.282 0.004 6.17 256.0
2457656.69066 16.265 0.004 4.30 330.0
2457657.68496 16.260 0.004 4.44 312.0
2457658.69810 16.265 0.004 4.71 298.0
2457659.69504 16.270 0.004 4.68 368.0
2457660.67706 16.279 0.005 6.57 269.0
2457661.69737 16.273 0.004 4.33 249.0
2457662.71349 16.283 0.004 5.78 257.0
2457663.64278 16.261 0.004 4.50 280.0
2457664.66815 16.258 0.005 6.11 410.0
2457666.66570 16.259 0.004 5.15 306.0
2457667.65473 16.258 0.004 4.54 316.0
2457671.69031 16.257 0.004 4.35 353.0
2457679.77930 16.256 0.007 7.44 803.0
2457680.67002 16.278 0.006 7.52 529.0
2457681.71030 16.274 0.005 5.67 473.0
2457682.68667 16.265 0.004 4.00 418.0
2457683.63921 16.264 0.005 6.31 354.0
2457684.66062 16.238 0.005 6.06 396.0
2457686.64161 16.256 0.005 6.64 512.0
2457687.66543 16.268 0.005 5.30 518.0
2457689.65352 16.236 0.004 5.10 340.0
2457690.67846 16.255 0.004 5.01 428.0
2457691.62499 16.252 0.004 4.42 356.0
2457692.63217 16.241 0.005 7.64 379.0
2457697.63714 16.249 0.004 4.50 368.0
2457700.59323 16.244 0.005 6.07 521.0
2457704.54756 16.225 0.005 5.12 751.0
2457708.56935 16.232 0.005 5.24 658.0
2457712.57643 16.237 0.005 7.22 334.0
2457714.61324 16.248 0.005 7.14 308.0
2457716.59304 16.227 0.005 6.87 398.0
2457724.57958 16.240 0.004 5.47 274.0
2457734.58599 16.227 0.005 5.50 672.0
2457739.57083 16.226 0.005 5.45 378.0
2457744.53981 16.224 0.004 4.65 361.0
2457754.56438 16.221 0.005 5.56 355.0
2457758.56242 16.211 0.004 4.77 456.0
2457763.58238 16.197 0.005 4.43 805.0
2457767.54680 16.191 0.005 5.46 568.0
2457772.54418 16.199 0.005 6.65 439.0
2457923.93131 16.148 0.005 5.75 517.0
2457932.94336 16.152 0.005 6.50 654.0
2457938.89924 16.134 0.005 7.34 357.0
2457944.86040 16.143 0.005 5.29 629.0
2457948.86942 16.136 0.005 5.77 488.0
2457952.90315 16.138 0.005 6.52 312.0
2457957.93443 16.145 0.004 6.04 294.0
2457960.92247 16.139 0.004 4.77 314.0
2457964.91807 16.142 0.004 4.78 440.0
2457971.84873 16.156 0.005 5.10 626.0
2457973.81260 16.156 0.006 6.80 847.0
2457980.77928 16.159 0.004 5.04 509.0
2457983.80645 16.153 0.004 4.23 374.0
2457986.76382 16.149 0.004 4.57 323.0
2457991.80133 16.144 0.003 5.12 299.0
2457994.76822 16.158 0.005 5.86 406.0
2458001.74326 16.170 0.004 4.77 613.0
2458004.73410 16.151 0.005 6.58 625.0
2458010.71163 16.172 0.005 6.18 273.0
2458017.78081 16.140 0.005 6.84 350.0
2458020.76409 16.149 0.004 3.85 286.0
2458027.64365 16.142 0.006 7.13 598.0
2458031.79270 16.136 0.006 6.60 917.0
2458034.68063 16.134 0.006 7.23 527.0
2458037.67004 16.128 0.005 6.36 343.0
2458040.77739 16.142 0.004 5.28 319.0
2458043.66965 16.134 0.004 5.26 279.0
2458046.60975 16.134 0.005 5.84 422.0
2458053.66441 16.133 0.004 4.77 403.0
2458057.63842 16.128 0.004 4.44 522.0
2458064.55574 16.128 0.005 6.41 412.0
2458067.58394 16.116 0.004 4.18 443.0
2458071.54966 16.111 0.004 4.90 290.0
2458075.56286 16.128 0.004 5.64 319.0
2458080.55540 16.113 0.004 4.21 447.0
2458085.55897 16.125 0.005 5.79 586.0
2458090.58442 16.113 0.006 6.75 765.0
2458094.56737 16.114 0.004 4.78 311.0
2458103.53826 16.109 0.004 4.76 327.0
2458110.58287 16.093 0.005 6.01 552.0
2458115.57353 16.105 0.004 5.04 379.0
2458122.57027 16.106 0.004 4.77 502.0
2458132.59850 16.106 0.004 4.83 320.0
2458136.54668 16.101 0.005 6.73 422.0
2458138.55761 16.076 0.005 6.07 632.0
2458139.58371 16.089 0.004 5.23 381.0
2458140.56840 16.098 0.004 4.99 505.0
2458142.53049 16.087 0.007 7.41 1309.0
2458284.93872 16.084 0.004 4.99 400.0
2458291.92463 16.073 0.004 4.42 393.0
2458306.88215 16.077 0.005 6.56 428.0
2458311.87816 16.092 0.004 4.32 423.0
2458312.89133 16.074 0.004 5.32 288.0
2458318.90411 16.081 0.005 8.60 353.0
2458328.81698 16.081 0.005 6.85 744.0
2458332.82552 16.087 0.004 4.96 404.0
2458335.84521 16.077 0.004 5.53 486.0
2458336.87482 16.087 0.004 3.97 462.0
2458340.81457 16.103 0.004 4.51 262.0
2458344.76998 16.066 0.003 4.47 244.0
2458347.75704 16.063 0.004 4.39 210.0
2458355.79445 16.082 0.004 3.95 565.0
2458358.78903 16.072 0.005 5.79 617.0
2458362.79805 16.071 0.005 6.87 349.0
2458366.84856 16.075 0.004 6.04 305.0
2458371.75309 16.078 0.004 4.30 258.0
2458376.72705 16.061 0.005 6.89 341.0
2458383.68008 16.085 0.004 4.83 565.0
2458385.70714 16.057 0.004 4.04 613.0
2458393.70463 16.064 0.004 4.55 193.0
2458406.64287 16.060 0.005 7.13 323.0
2458410.63832 16.083 0.004 5.21 442.0
2458415.59320 16.059 0.005 6.22 833.0
2458422.77257 16.052 0.004 5.65 411.0
2458423.58954 16.062 0.004 5.64 326.0
2458424.64905 16.055 0.004 4.16 423.0
2458426.62251 16.048 0.004 4.53 369.0
2458427.57623 16.067 0.004 5.28 325.0
2458430.60655 16.057 0.003 4.58 285.0
2458432.57290 16.047 0.004 5.40 283.0
2458432.59118 16.058 0.004 5.62 269.0
2458436.52688 16.033 0.005 7.85 429.0
2458436.64229 16.037 0.004 6.68 327.0
2458437.60629 16.050 0.004 4.62 493.0
2458440.57993 16.050 0.003 3.65 497.0
2458441.61036 16.050 0.004 5.31 600.0
2458442.56999 16.050 0.004 4.90 572.0
2458443.54176 16.070 0.004 5.28 574.0
2458444.60173 16.051 0.004 5.16 675.0
2458444.60509 16.041 0.004 4.25 657.0
2458444.63220 16.040 0.004 5.07 791.0
2458445.63653 16.055 0.005 5.37 787.0
2458446.64519 16.053 0.004 3.57 631.0
2458447.56437 16.039 0.004 4.72 554.0
2458448.53752 16.052 0.004 4.85 293.0
2458448.55264 16.045 0.003 4.31 288.0
2458449.58843 16.047 0.004 3.93 370.0
2458450.59384 16.042 0.004 4.99 323.0
2458451.55915 16.041 0.004 4.70 495.0
2458451.60233 16.038 0.004 4.57 449.0
2458452.60553 16.053 0.004 4.22 401.0
2458453.59860 16.048 0.004 4.44 416.0
2458454.56411 16.040 0.004 4.74 305.0
2458454.63365 16.053 0.004 4.63 336.0
2458456.66416 16.048 0.005 7.48 283.0
2458457.60635 16.043 0.004 6.66 368.0
2458458.67129 16.058 0.005 7.42 365.0
2458459.60452 16.058 0.004 6.39 290.0
2458461.55725 16.042 0.004 6.65 285.0
2458461.60841 16.045 0.004 5.43 271.0
2458462.57405 16.048 0.004 6.90 274.0
2458464.60244 16.047 0.004 4.89 372.0
2458465.56378 16.047 0.004 4.53 242.0
2458465.60670 16.049 0.003 4.22 250.0
2458467.61079 16.055 0.003 4.32 333.0
2458468.56192 16.059 0.004 5.46 365.0
2458469.55691 16.063 0.004 5.96 376.0
2458471.57760 16.042 0.004 4.55 472.0
2458472.58077 16.037 0.004 5.13 588.0
2458473.55372 16.040 0.004 4.53 617.0
2458474.56705 16.044 0.004 5.93 603.0
2458475.56038 16.037 0.004 4.39 663.0
2458476.55207 16.047 0.004 5.81 512.0
2458477.56080 16.050 0.004 4.71 265.0
2458478.56204 16.046 0.004 4.97 236.0
2458479.56673 16.051 0.003 4.22 243.0
2458480.55481 16.047 0.004 4.71 307.0
2458481.54173 16.058 0.003 4.33 382.0
2458482.54447 16.063 0.004 4.95 335.0
2458483.55931 16.058 0.004 4.76 379.0
2458484.55666 16.057 0.003 4.60 246.0
2458487.54650 16.064 0.004 5.02 323.0
2458488.53265 16.054 0.004 4.07 1209.0
2458491.54575 16.048 0.004 6.19 318.0
2458495.55703 16.047 0.004 6.50 340.0
2458496.56859 16.045 0.004 5.58 305.0
2458500.54361 16.055 0.004 6.21 446.0
2458503.56044 16.057 0.004 4.17 801.0
2458504.56906 16.051 0.004 3.91 963.0
2458507.56562 16.037 0.004 5.15 552.0
2458510.57439 16.044 0.004 6.01 289.0
2458511.56880 16.039 0.004 4.90 532.0
2458516.56061 16.031 0.004 6.66 354.0
2458643.92372 16.027 0.004 4.98 381.0
2458648.93494 16.020 0.004 5.56 405.0
2458650.92818 16.021 0.005 6.66 799.0
2458655.93022 16.001 0.004 5.50 537.0
2458663.90877 16.012 0.005 7.72 409.0
2458667.88171 15.998 0.004 5.52 354.0
2458669.88588 16.012 0.004 5.65 292.0
2458676.87277 16.019 0.004 5.29 397.0
2458683.86221 16.007 0.004 5.97 456.0
2458691.88876 16.005 0.003 4.10 346.0
2458695.83519 16.014 0.003 4.58 305.0
2458701.80903 16.038 0.004 4.75 363.0
2458705.79530 16.042 0.004 6.24 293.0
2458711.80266 16.008 0.006 6.83 1219.0
2458715.77961 16.027 0.003 4.57 351.0
2458719.78823 16.033 0.003 5.05 276.0
2458723.75148 16.029 0.003 4.27 257.0
2458727.73483 16.014 0.003 5.01 246.0
2458734.71057 16.033 0.004 7.07 391.0
2458738.72016 16.016 0.005 7.04 646.0
2458741.70055 16.021 0.004 5.11 573.0
2458746.73910 16.032 0.004 6.70 335.0
2458750.69582 16.023 0.003 5.34 230.0
2458755.70044 16.022 0.003 4.74 295.0
2458759.65115 16.022 0.004 6.85 317.0
2458762.63682 16.023 0.004 5.56 348.0
2458764.63928 16.019 0.004 6.67 369.0
2458768.63292 16.033 0.005 6.77 554.0
2458772.69469 16.068 0.005 7.11 500.0
2458774.65032 16.068 0.004 5.87 440.0
2458775.60836 16.061 0.004 6.71 299.0
2458777.62074 16.045 0.004 6.00 349.0
2458780.57717 16.016 0.003 5.06 508.0
2458783.62781 16.012 0.003 4.01 231.0
2458786.58135 16.023 0.004 6.64 315.0
2458791.60340 16.019 0.004 6.02 413.0
2458791.67814 16.034 0.004 6.37 454.0
2458794.55888 16.016 0.004 4.80 419.0
2458797.57364 16.001 0.004 4.12 693.0
2458800.61671 16.018 0.004 5.53 878.0
2458803.60215 16.027 0.004 6.54 448.0
2458806.59497 16.007 0.003 4.52 315.0
2458810.57260 16.011 0.003 4.08 347.0
2458816.55442 16.025 0.004 5.60 385.0
2458821.55387 16.007 0.005 7.50 380.0
2458821.62409 16.009 0.004 6.45 378.0
2458824.55880 16.017 0.004 5.36 458.0
2458827.56142 16.027 0.004 6.49 543.0
2458828.62356 16.009 0.004 4.76 701.0
2458831.55826 16.013 0.003 4.97 384.0
2458836.55841 16.018 0.003 5.56 347.0
2458840.56342 16.023 0.003 5.16 301.0
2458844.56052 16.051 0.003 4.79 230.0
2458848.59324 16.039 0.003 5.20 328.0
2458857.57788 16.018 0.004 6.32 737.0
2458862.59113 16.014 0.003 4.92 433.0
2458869.57316 16.008 0.004 6.47 317.0
