2452090.91753 15.300 0.003 5.93 1034.0
2452105.91540 15.301 0.003 5.00 592.0
2452106.88003 15.306 0.003 6.47 683.0
2452113.86125 15.296 0.003 6.43 594.0
2452116.86357 15.291 0.003 5.96 440.0
2452122.80273 15.280 0.004 5.64 2542.0
2452123.81036 15.297 0.003 4.99 1004.0
2452124.82740 15.291 0.005 5.65 4371.0
2452127.82530 15.315 0.005 1.62 1193.0
2452128.81818 15.305 0.003 5.50 1042.0
2452129.85014 15.303 0.003 5.41 829.0
2452130.88039 15.281 0.003 3.90 986.0
2452131.86800 15.301 0.003 5.30 951.0
2452132.79839 15.282 0.003 6.26 769.0
2452133.88705 15.281 0.004 6.39 886.0
2452134.80213 15.309 0.004 7.25 658.0
2452135.83479 15.305 0.003 6.12 854.0
2452136.85638 15.286 0.003 6.20 872.0
2452137.84342 15.294 0.003 6.45 771.0
2452140.80374 15.294 0.003 5.85 711.0
2452141.83852 15.289 0.004 7.25 985.0
2452142.77956 15.284 0.003 5.13 823.0
2452143.81033 15.289 0.003 5.08 725.0
2452144.86519 15.284 0.003 4.61 783.0
2452155.87114 15.284 0.004 6.20 1126.0
2452156.81778 15.284 0.003 5.90 780.0
2452160.74273 15.292 0.003 5.78 512.0
2452162.75369 15.288 0.003 6.31 400.0
2452165.73203 15.281 0.003 7.64 407.0
2452166.74824 15.275 0.003 5.38 483.0
2452167.79442 15.292 0.003 5.48 532.0
2452168.70391 15.292 0.003 7.57 439.0
2452169.71174 15.282 0.004 7.28 577.0
2452171.73199 15.282 0.002 5.13 531.0
2452172.73865 15.282 0.003 4.93 685.0
2452173.71919 15.279 0.003 4.71 589.0
2452177.61012 15.285 0.003 6.84 981.0
2452178.66572 15.288 0.004 7.74 554.0
2452183.66195 15.294 0.004 8.51 974.0
2452184.69335 15.295 0.003 5.87 864.0
2452185.65728 15.286 0.003 5.78 897.0
2452186.68205 15.294 0.004 7.42 873.0
2452187.71470 15.278 0.003 6.04 961.0
2452188.72452 15.281 0.003 6.56 688.0
2452190.68373 15.283 0.003 5.65 685.0
2452191.69428 15.294 0.003 5.91 539.0
2452192.65576 15.283 0.003 4.63 494.0
2452193.67690 15.282 0.003 4.22 557.0
2452194.64502 15.290 0.003 4.10 614.0
2452195.71178 15.294 0.002 4.75 636.0
2452200.62254 15.284 0.003 4.24 772.0
2452201.65963 15.286 0.003 5.18 537.0
2452203.71609 15.282 0.002 4.76 536.0
2452206.59973 15.281 0.004 6.98 951.0
2452211.63364 15.293 0.003 4.84 913.0
2452212.63463 15.294 0.003 5.40 928.0
2452213.64302 15.287 0.003 5.15 1161.0
2452214.62723 15.291 0.003 4.87 1098.0
2452215.64166 15.287 0.003 4.43 1077.0
2452217.62865 15.286 0.003 5.58 1176.0
2452219.67113 15.292 0.004 6.48 859.0
2452222.63971 15.299 0.004 8.01 745.0
2452224.70635 15.281 0.003 5.40 760.0
2452226.62690 15.280 0.003 6.01 831.0
2452228.55117 15.284 0.003 5.62 716.0
2452229.60941 15.291 0.003 5.22 727.0
2452231.56107 15.285 0.003 5.54 753.0
2452233.60536 15.282 0.003 5.29 945.0
2452235.65947 15.287 0.003 4.69 738.0
2452238.53998 15.294 0.003 5.74 849.0
2452240.64382 15.295 0.003 5.31 939.0
2452242.61160 15.284 0.003 5.54 1032.0
2452245.52738 15.295 0.004 5.99 1084.0
2452248.59259 15.280 0.003 3.92 592.0
2452250.56418 15.284 0.003 4.46 790.0
2452252.61752 15.276 0.003 5.01 825.0
2452255.59990 15.293 0.003 6.93 641.0
2452257.61732 15.281 0.003 4.75 655.0
2452262.60793 15.294 0.003 6.12 779.0
2452264.59252 15.290 0.003 5.64 907.0
2452266.59737 15.285 0.003 4.89 1176.0
2452272.57498 15.283 0.003 5.01 1128.0
2452274.56058 15.279 0.004 5.95 1217.0
2452277.59564 15.273 0.003 4.26 784.0
2452283.59251 15.279 0.003 4.85 764.0
2452290.59160 15.301 0.003 5.24 895.0
2452292.60457 15.292 0.003 5.56 816.0
2452294.60111 15.291 0.003 5.27 1124.0
2452296.56729 15.308 0.004 7.37 1176.0
2452298.57792 15.326 0.004 6.27 966.0
2452300.57667 15.291 0.003 5.80 1098.0
2452303.56021 15.286 0.004 6.80 1241.0
2452445.90221 15.300 0.003 5.25 1171.0
2452458.94408 15.304 0.004 5.62 1091.0
2452463.90776 15.298 0.003 4.65 972.0
2452465.92045 15.296 0.003 4.86 672.0
2452467.89327 15.309 0.003 5.85 522.0
2452469.89288 15.303 0.003 4.97 708.0
2452470.92716 15.299 0.003 4.44 510.0
2452473.87840 15.280 0.003 4.50 658.0
2452483.85081 15.294 0.003 4.19 783.0
2452486.86834 15.295 0.004 6.50 789.0
2452488.86501 15.302 0.004 6.96 691.0
2452489.91484 15.293 0.003 5.32 774.0
2452492.89593 15.281 0.004 6.11 746.0
2452495.88561 15.289 0.003 5.25 791.0
2452496.89553 15.288 0.003 3.94 1137.0
2452497.91900 15.294 0.003 4.52 1188.0
2452498.92178 15.290 0.003 3.81 885.0
2452499.85193 15.293 0.003 4.30 712.0
2452500.85637 15.292 0.003 4.03 1031.0
2452501.84628 15.292 0.003 4.04 767.0
2452502.82613 15.285 0.003 5.02 843.0
2452516.76878 15.292 0.003 5.82 861.0
2452517.81559 15.286 0.003 4.53 915.0
2452518.78659 15.291 0.003 6.71 546.0
2452519.86541 15.282 0.003 4.03 910.0
2452520.78359 15.289 0.003 4.96 757.0
2452521.85481 15.282 0.003 5.15 643.0
2452524.85256 15.290 0.003 4.67 741.0
2452526.77011 15.304 0.003 4.64 397.0
2452534.82636 15.299 0.003 4.79 916.0
2452535.84715 15.302 0.004 5.73 1006.0
2452537.69449 15.312 0.004 6.97 921.0
2452538.78815 15.307 0.003 4.56 1105.0
2452539.69452 15.304 0.003 4.95 1057.0
2452540.71351 15.301 0.004 7.13 875.0
2452541.70643 15.314 0.003 4.37 784.0
2452542.67621 15.294 0.003 4.73 697.0
2452544.65455 15.300 0.003 5.55 481.0
2452545.66995 15.296 0.003 4.45 588.0
2452547.68780 15.307 0.003 5.92 653.0
2452548.70406 15.307 0.003 4.45 596.0
2452550.69895 15.299 0.003 6.01 516.0
2452551.68567 15.309 0.003 5.78 403.0
2452552.70181 15.312 0.003 5.51 500.0
2452553.64138 15.319 0.005 8.98 677.0
2452554.69501 15.302 0.003 4.78 532.0
2452555.70294 15.313 0.003 5.63 475.0
2452556.68186 15.301 0.003 4.46 658.0
2452557.69447 15.305 0.003 4.68 503.0
2452558.65095 15.312 0.003 4.73 804.0
2452559.60770 15.299 0.003 4.93 990.0
2452560.64086 15.301 0.003 4.31 737.0
2452561.66649 15.299 0.004 5.91 1004.0
2452562.65934 15.294 0.003 4.52 959.0
2452563.66716 15.306 0.004 5.90 824.0
2452564.68272 15.293 0.003 4.75 883.0
2452565.66886 15.288 0.003 4.30 869.0
2452566.65385 15.291 0.003 4.36 947.0
2452568.68524 15.286 0.004 5.30 1264.0
2452571.63753 15.295 0.004 5.93 933.0
2452572.73418 15.309 0.004 6.78 835.0
2452573.65118 15.306 0.003 5.60 1172.0
2452574.63507 15.300 0.003 5.01 719.0
2452576.63472 15.324 0.004 7.73 599.0
2452577.62074 15.313 0.004 5.65 970.0
2452578.61905 15.323 0.004 6.53 828.0
2452579.62845 15.304 0.003 5.06 910.0
2452580.64052 15.297 0.003 3.78 853.0
2452583.61187 15.301 0.004 6.33 959.0
2452584.61939 15.300 0.003 5.06 932.0
2452587.60063 15.294 0.003 4.73 809.0
2452588.62949 15.296 0.003 5.09 957.0
2452589.59062 15.289 0.003 4.42 1017.0
2452590.60539 15.290 0.003 5.56 830.0
2452591.60660 15.301 0.003 4.16 1133.0
2452593.59713 15.292 0.003 4.10 962.0
2452594.60091 15.291 0.004 6.08 1019.0
2452596.57706 15.285 0.004 5.39 1086.0
2452597.56443 15.294 0.003 4.17 2813.0
2452598.61736 15.292 0.003 4.37 1369.0
2452599.59755 15.287 0.003 4.83 1190.0
2452607.61738 15.299 0.004 6.05 786.0
2452610.53771 15.302 0.004 6.94 930.0
2452613.52972 15.293 0.003 4.67 864.0
2452615.56157 15.301 0.003 5.43 591.0
2452619.54099 15.306 0.004 7.47 795.0
2452621.55781 15.287 0.003 4.35 890.0
2452623.60558 15.290 0.003 4.39 1108.0
2452626.54915 15.295 0.003 4.85 1044.0
2452629.55510 15.295 0.004 5.65 1243.0
2452635.55618 15.298 0.003 3.72 628.0
2452639.53663 15.291 0.004 5.94 937.0
2452641.58283 15.297 0.003 3.81 728.0
2452646.56163 15.281 0.003 4.61 1148.0
2452650.58125 15.299 0.003 5.26 815.0
2452654.54800 15.300 0.004 5.53 987.0
2452656.59604 15.280 0.004 5.75 1251.0
2452660.54592 15.288 0.003 4.80 904.0
2452664.56668 15.295 0.003 5.26 1050.0
2452669.54385 15.299 0.003 5.30 594.0
2452673.55634 15.294 0.004 6.51 762.0
2452675.57225 15.294 0.003 4.41 963.0
2452678.57256 15.321 0.004 7.48 812.0
2452682.53291 15.292 0.004 7.12 765.0
2452777.89541 15.301 0.004 5.29 1351.0
2452804.90136 15.291 0.004 4.28 2870.0
2452805.83660 15.293 0.005 7.87 1950.0
2452810.93370 15.293 0.003 4.72 1364.0
2452814.93126 15.301 0.003 4.13 724.0
2452817.91926 15.291 0.004 5.37 1312.0
2452825.89495 15.285 0.004 6.49 841.0
2452830.93349 15.306 0.004 7.40 973.0
2452831.77365 15.290 0.004 4.88 1825.0
2452832.73913 15.294 0.003 4.81 1352.0
2452833.85720 15.303 0.004 5.49 1381.0
2452834.92643 15.306 0.004 4.61 1319.0
2452836.87076 15.301 0.004 4.72 2659.0
2452837.86740 15.299 0.004 6.53 1340.0
2452839.89890 15.299 0.003 4.32 689.0
2452841.87960 15.306 0.003 4.05 851.0
2452844.86483 15.289 0.003 4.13 708.0
2452845.91085 15.297 0.004 6.96 654.0
2452848.94781 15.292 0.005 6.18 2397.0
2452850.88095 15.290 0.003 5.51 655.0
2452851.92424 15.294 0.003 5.37 752.0
2452852.79484 15.298 0.003 4.94 902.0
2452853.93477 15.291 0.003 4.63 952.0
2452856.80792 15.298 0.004 5.54 984.0
2452858.90198 15.287 0.003 3.81 721.0
2452860.86801 15.296 0.003 4.47 821.0
2452861.73900 15.296 0.003 3.94 838.0
2452862.91799 15.298 0.003 4.24 1064.0
2452863.82711 15.308 0.004 5.54 1477.0
2452866.87374 15.309 0.004 5.46 896.0
2452867.85468 15.296 0.003 4.80 856.0
2452868.79838 15.294 0.003 4.49 799.0
2452870.80809 15.299 0.003 3.85 816.0
2452872.76550 15.297 0.003 4.56 536.0
2452876.76825 15.287 0.003 5.11 630.0
2452877.79011 15.296 0.003 5.12 538.0
2452879.79886 15.289 0.003 4.52 454.0
2452883.81729 15.299 0.003 3.26 669.0
2452885.75242 15.296 0.003 5.60 394.0
2452888.80073 15.287 0.003 5.24 680.0
2452892.79228 15.290 0.004 5.40 961.0
2452894.75859 15.306 0.003 4.53 818.0
2452896.75570 15.298 0.003 5.71 573.0
2452898.77659 15.290 0.003 4.93 655.0
2452900.73855 15.284 0.003 3.80 498.0
2452902.73808 15.286 0.003 4.23 622.0
2452905.74528 15.297 0.003 6.39 481.0
2452907.74652 15.304 0.003 5.14 464.0
2452909.73551 15.300 0.003 4.68 363.0
2452911.72699 15.297 0.003 3.24 413.0
2452915.69836 15.307 0.003 3.61 661.0
2452917.72435 15.288 0.003 3.68 789.0
2452921.72227 15.299 0.003 4.89 1014.0
2452923.74355 15.310 0.003 3.59 1122.0
2452925.70714 15.297 0.003 4.02 785.0
2452927.70454 15.297 0.003 4.43 881.0
2452930.72240 15.304 0.003 4.74 659.0
2452932.72877 15.296 0.003 4.67 716.0
2452934.70888 15.289 0.003 3.92 692.0
2452937.62942 15.286 0.003 5.34 729.0
2452939.72299 15.288 0.003 4.42 813.0
2452940.62600 15.276 0.003 3.23 538.0
2452941.61965 15.292 0.003 4.11 545.0
2452942.62580 15.284 0.003 3.76 711.0
2452943.57821 15.286 0.003 5.22 936.0
2452944.58167 15.289 0.003 4.08 899.0
2452945.59840 15.297 0.004 5.21 1359.0
2452947.59525 15.289 0.004 6.39 846.0
2452949.58938 15.278 0.003 3.87 1097.0
2452951.62115 15.275 0.003 4.78 1304.0
2452952.64854 15.278 0.003 3.77 1096.0
2452954.67506 15.282 0.003 4.73 1103.0
2452956.62110 15.289 0.003 3.41 567.0
2452958.61062 15.291 0.003 5.13 717.0
2452961.58662 15.289 0.004 6.55 887.0
2452965.62492 15.285 0.003 4.96 614.0
2452968.58613 15.298 0.003 4.64 924.0
2452970.60550 15.293 0.003 4.36 718.0
2452972.58962 15.302 0.003 4.55 763.0
2452974.58395 15.295 0.003 5.10 661.0
2452976.53988 15.292 0.003 4.88 913.0
2452977.60693 15.288 0.004 6.12 843.0
2452979.57122 15.303 0.003 4.94 1105.0
2452981.61623 15.314 0.004 5.52 1589.0
2452984.56483 15.312 0.004 6.60 594.0
2452987.63994 15.306 0.003 5.61 474.0
2452989.56222 15.298 0.003 4.77 605.0
2452992.57546 15.316 0.004 7.01 495.0
2452995.60687 15.306 0.003 3.82 455.0
2452998.56898 15.315 0.003 5.14 661.0
2453001.56621 15.305 0.003 4.70 761.0
2453004.55814 15.298 0.003 4.25 771.0
2453007.56582 15.294 0.003 3.92 842.0
2453010.56339 15.296 0.003 4.26 1010.0
2453016.58055 15.286 0.003 4.83 889.0
2453019.59399 15.311 0.003 6.34 579.0
2453021.60793 15.319 0.003 4.72 407.0
2453023.56324 15.303 0.003 5.20 550.0
2453025.56223 15.294 0.003 5.73 502.0
2453027.59590 15.296 0.003 5.33 650.0
2453029.56779 15.301 0.003 4.85 691.0
2453031.57217 15.309 0.003 5.65 549.0
2453033.57463 15.302 0.003 4.16 751.0
2453036.59190 15.300 0.003 5.52 695.0
2453040.55490 15.293 0.003 4.42 1220.0
2453160.85236 15.308 0.003 4.35 1448.0
2453177.90674 15.291 0.003 7.45 891.0
2453183.90427 15.313 0.003 6.10 669.0
2453193.87200 15.294 0.003 5.39 588.0
2453195.93102 15.296 0.003 3.97 825.0
2453197.90658 15.304 0.003 5.10 801.0
2453201.86403 15.300 0.003 5.21 638.0
2453203.87116 15.291 0.003 4.13 574.0
2453204.93958 15.283 0.003 5.43 696.0
2453210.88579 15.287 0.003 5.58 630.0
2453211.91402 15.294 0.003 6.37 456.0
2453215.69248 15.280 0.003 6.74 801.0
2453216.71670 15.294 0.003 5.10 1510.0
2453217.78979 15.303 0.003 4.97 908.0
2453218.89982 15.297 0.004 8.11 1088.0
2453223.82728 15.303 0.003 6.02 564.0
2453226.81580 15.312 0.003 7.29 540.0
2453229.82488 15.303 0.003 4.47 446.0
2453231.77555 15.307 0.004 7.11 798.0
2453239.78509 15.299 0.003 5.92 437.0
2453240.77440 15.302 0.003 6.53 557.0
2453241.84362 15.310 0.003 6.78 710.0
2453242.70614 15.284 0.003 5.99 507.0
2453243.83872 15.300 0.003 6.35 553.0
2453244.81982 15.301 0.003 5.24 742.0
2453245.76527 15.288 0.003 5.84 670.0
2453246.76151 15.283 0.003 5.96 681.0
2453247.75287 15.313 0.003 4.51 903.0
2453249.72002 15.295 0.003 5.23 711.0
2453251.73274 15.295 0.003 4.81 413.0
2453254.72010 15.305 0.003 5.73 330.0
2453256.78595 15.300 0.003 5.47 497.0
2453258.72201 15.295 0.003 6.83 381.0
2453260.69606 15.294 0.003 5.64 616.0
2453262.73204 15.300 0.003 3.29 410.0
2453264.68376 15.299 0.003 4.24 404.0
2453266.75471 15.316 0.003 5.96 397.0
2453268.68800 15.317 0.003 4.07 493.0
2453270.66834 15.309 0.003 6.06 550.0
2453271.65584 15.304 0.003 5.72 612.0
2453272.71270 15.302 0.003 4.61 568.0
2453274.69480 15.302 0.003 5.30 602.0
2453276.70365 15.304 0.003 5.32 886.0
2453277.73650 15.287 0.003 4.31 1212.0
2453279.66910 15.302 0.003 4.19 690.0
2453281.62854 15.294 0.003 4.86 472.0
2453283.63433 15.286 0.002 4.43 413.0
2453287.60045 15.311 0.003 6.64 441.0
2453289.61139 15.307 0.003 5.64 487.0
2453293.58840 15.294 0.003 6.99 322.0
2453295.60715 15.306 0.002 4.36 340.0
2453297.58839 15.311 0.002 4.18 462.0
2453299.64529 15.295 0.002 4.19 663.0
2453301.61944 15.311 0.003 6.72 698.0
2453303.68163 15.314 0.003 5.05 837.0
2453306.61422 15.303 0.002 3.98 543.0
2453308.60205 15.299 0.003 5.44 960.0
2453310.60124 15.293 0.003 4.22 829.0
2453312.64326 15.314 0.002 4.20 769.0
2453314.55592 15.294 0.003 6.22 852.0
2453320.59364 15.304 0.003 4.14 614.0
2453321.58934 15.300 0.003 4.93 682.0
2453323.53722 15.289 0.003 5.53 577.0
2453327.54842 15.304 0.003 5.67 568.0
2453330.54239 15.309 0.003 5.13 787.0
2453335.58347 15.297 0.003 5.12 1021.0
2453338.59047 15.305 0.003 4.45 683.0
2453349.58759 15.298 0.002 4.35 445.0
2453353.56487 15.305 0.003 5.45 542.0
2453360.57573 15.289 0.003 4.61 647.0
2453363.54542 15.288 0.003 4.73 854.0
2453367.60861 15.294 0.003 3.82 1102.0
2453375.54162 15.293 0.003 4.72 522.0
2453378.58714 15.294 0.003 5.36 596.0
2453386.55355 15.295 0.003 4.42 528.0
2453390.56198 15.298 0.003 6.80 589.0
2453398.54900 15.288 0.003 4.73 534.0
2453402.53711 15.289 0.002 5.60 453.0
2453538.94584 15.291 0.003 5.92 1044.0
2453547.90711 15.306 0.003 4.71 709.0
2453554.91530 15.288 0.003 5.96 551.0
2453556.87095 15.303 0.003 6.45 480.0
2453558.88889 15.300 0.003 5.29 533.0
2453559.87716 15.303 0.002 5.50 559.0
2453560.89533 15.315 0.002 3.98 404.0
2453561.88500 15.316 0.002 3.80 452.0
2453561.93448 15.316 0.002 3.76 444.0
2453562.85790 15.310 0.003 3.77 544.0
2453562.88671 15.306 0.003 3.54 578.0
2453562.92060 15.310 0.002 3.51 465.0
2453562.94738 15.297 0.003 3.64 941.0
2453563.84279 15.317 0.003 6.83 566.0
2453563.87946 15.326 0.003 7.13 643.0
2453563.94125 15.302 0.003 5.60 1116.0
2453564.82304 15.311 0.003 6.40 328.0
2453564.86429 15.301 0.003 6.11 340.0
2453564.90256 15.300 0.003 5.06 347.0
2453564.93667 15.304 0.002 5.41 363.0
2453568.82272 15.277 0.003 4.50 594.0
2453568.85614 15.294 0.003 4.65 677.0
2453568.88958 15.299 0.002 3.42 717.0
2453568.91210 15.299 0.003 3.99 738.0
2453568.93521 15.298 0.003 4.51 789.0
2453569.84461 15.295 0.003 4.42 734.0
2453569.87073 15.302 0.003 4.43 676.0
2453569.90537 15.303 0.003 4.59 597.0
2453569.92443 15.293 0.003 4.97 621.0
2453570.77026 15.306 0.003 6.87 859.0
2453570.82779 15.309 0.003 6.36 896.0
2453570.85907 15.293 0.003 5.73 872.0
2453570.89429 15.301 0.003 4.93 832.0
2453570.91810 15.296 0.003 5.55 649.0
2453571.81916 15.298 0.003 6.80 881.0
2453571.86036 15.294 0.003 6.10 923.0
2453571.88675 15.299 0.003 5.79 941.0
2453572.84463 15.296 0.003 4.98 1030.0
2453572.88523 15.294 0.003 4.87 1005.0
2453572.92528 15.308 0.003 5.01 1056.0
2453572.94595 15.288 0.003 4.81 1479.0
2453573.81166 15.304 0.003 5.39 957.0
2453573.84959 15.281 0.003 5.79 921.0
2453573.94172 15.307 0.003 5.55 1218.0
2453574.80852 15.306 0.003 4.82 754.0
2453574.83670 15.307 0.003 4.99 659.0
2453574.85873 15.298 0.003 4.95 674.0
2453574.89971 15.304 0.003 5.06 716.0
2453575.82048 15.311 0.003 4.74 589.0
2453575.84305 15.323 0.003 4.58 613.0
2453575.86534 15.314 0.003 4.68 646.0
2453575.88782 15.303 0.003 4.61 705.0
2453576.79604 15.308 0.003 5.79 528.0
2453576.81900 15.313 0.003 5.70 482.0
2453576.90632 15.304 0.003 5.83 679.0
2453577.81684 15.303 0.003 6.14 414.0
2453577.85431 15.305 0.003 6.30 499.0
2453577.87670 15.303 0.003 6.22 539.0
2453577.92217 15.303 0.003 5.07 635.0
2453577.94432 15.305 0.003 5.65 1013.0
2453578.85349 15.298 0.003 4.90 486.0
2453578.87534 15.295 0.003 5.16 557.0
2453578.91299 15.297 0.002 3.61 583.0
2453578.93537 15.292 0.002 3.88 605.0
2453579.79511 15.288 0.002 4.83 406.0
2453579.81776 15.297 0.002 4.69 381.0
2453579.84061 15.293 0.002 4.75 405.0
2453579.86305 15.284 0.002 4.11 572.0
2453579.88535 15.300 0.003 4.44 538.0
2453579.91664 15.288 0.003 4.89 600.0
2453580.80190 15.302 0.003 6.65 597.0
2453580.82444 15.294 0.003 6.29 603.0
2453580.91325 15.286 0.003 5.17 555.0
2453581.79993 15.292 0.002 4.44 527.0
2453581.82180 15.287 0.003 4.58 668.0
2453581.84024 15.288 0.003 5.35 728.0
2453581.86276 15.299 0.003 4.72 971.0
2453581.88718 15.286 0.003 5.23 956.0
2453581.90956 15.279 0.003 4.99 807.0
2453582.73735 15.296 0.002 5.14 506.0
2453582.76020 15.303 0.003 5.36 425.0
2453582.78288 15.300 0.003 5.80 424.0
2453582.82516 15.304 0.003 5.26 615.0
2453583.77818 15.290 0.003 4.98 683.0
2453583.84241 15.287 0.002 4.53 503.0
2453583.87609 15.294 0.003 5.04 463.0
2453583.90330 15.292 0.002 4.48 492.0
2453584.78089 15.286 0.003 5.44 326.0
2453584.82374 15.300 0.003 5.91 519.0
2453584.84637 15.294 0.003 4.96 715.0
2453584.85346 15.309 0.003 5.37 684.0
2453584.89460 15.296 0.002 4.83 590.0
2453585.80189 15.292 0.002 4.75 275.0
2453585.82444 15.296 0.002 3.96 316.0
2453585.85175 15.290 0.002 3.72 317.0
2453585.90992 15.291 0.002 3.51 521.0
2453586.78490 15.303 0.002 3.73 490.0
2453586.80394 15.303 0.002 3.54 434.0
2453586.82659 15.304 0.002 3.93 388.0
2453586.85286 15.304 0.002 4.21 310.0
2453586.86737 15.305 0.002 4.09 264.0
2453586.89341 15.291 0.002 4.07 255.0
2453588.78813 15.308 0.003 4.26 540.0
2453588.80084 15.309 0.003 4.50 509.0
2453588.84478 15.300 0.002 4.20 560.0
2453588.86765 15.308 0.003 5.93 631.0
2453588.89253 15.300 0.003 4.85 700.0
2453589.77385 15.296 0.002 4.76 446.0
2453589.81464 15.297 0.003 4.77 502.0
2453589.83904 15.307 0.003 4.84 569.0
2453589.86522 15.304 0.003 4.22 604.0
2453589.90563 15.295 0.002 3.90 616.0
2453590.80139 15.305 0.003 4.78 479.0
2453590.82794 15.296 0.002 3.62 506.0
2453590.85066 15.307 0.002 3.80 479.0
2453590.87305 15.298 0.002 4.10 418.0
2453591.77949 15.305 0.002 3.63 569.0
2453591.80278 15.304 0.002 3.70 559.0
2453591.82937 15.316 0.002 3.76 468.0
2453591.86930 15.307 0.002 3.05 596.0
2453592.76493 15.303 0.002 4.51 375.0
2453592.78834 15.299 0.002 4.44 383.0
2453592.81480 15.296 0.002 4.38 377.0
2453592.83690 15.304 0.002 3.81 326.0
2453593.82307 15.299 0.003 4.46 804.0
2453593.84339 15.284 0.003 5.10 691.0
2453593.86428 15.293 0.003 4.53 675.0
2453593.89532 15.306 0.003 4.80 643.0
2453594.77531 15.293 0.002 4.59 422.0
2453594.79787 15.295 0.002 4.23 429.0
2453594.82869 15.292 0.002 4.84 428.0
2453594.85163 15.293 0.003 4.56 518.0
2453596.69046 15.308 0.003 6.15 503.0
2453596.72312 15.293 0.003 6.04 555.0
2453596.73690 15.299 0.003 5.25 579.0
2453596.76836 15.311 0.003 5.69 588.0
2453596.86128 15.306 0.003 4.81 590.0
2453596.88753 15.312 0.003 5.83 527.0
2453596.90987 15.307 0.002 3.77 506.0
2453597.80457 15.304 0.003 5.47 561.0
2453597.84469 15.301 0.003 5.15 500.0
2453597.86968 15.290 0.003 4.86 503.0
2453600.87399 15.289 0.003 5.04 1915.0
2453600.91758 15.303 0.003 5.16 1551.0
2453601.73912 15.290 0.003 4.34 948.0
2453601.76129 15.296 0.003 3.86 892.0
2453601.78688 15.296 0.003 4.43 834.0
2453601.80519 15.290 0.003 4.38 939.0
2453601.82730 15.302 0.003 4.23 984.0
2453602.66903 15.294 0.003 5.22 1197.0
2453602.74248 15.299 0.003 5.47 1160.0
2453602.77203 15.282 0.003 5.37 1107.0
2453603.69844 15.291 0.003 5.27 713.0
2453603.74121 15.285 0.003 5.34 667.0
2453603.76352 15.286 0.003 4.40 596.0
2453603.78580 15.293 0.003 4.72 562.0
2453607.76408 15.297 0.002 4.65 335.0
2453607.78650 15.296 0.002 5.09 345.0
2453607.83332 15.299 0.003 5.17 340.0
2453607.85602 15.297 0.003 5.92 334.0
2453608.74791 15.299 0.002 4.40 364.0
2453608.77409 15.289 0.002 4.49 396.0
2453608.79781 15.301 0.002 4.43 413.0
2453608.82023 15.316 0.003 4.87 421.0
2453614.75397 15.313 0.002 4.59 239.0
2453614.78136 15.319 0.002 4.70 259.0
2453614.80481 15.324 0.003 5.84 270.0
2453614.82839 15.303 0.002 4.15 282.0
2453614.85357 15.321 0.003 5.40 303.0
2453615.73135 15.304 0.003 5.35 355.0
2453615.85691 15.312 0.003 5.25 386.0
2453615.88106 15.309 0.003 5.65 365.0
2453615.88555 15.311 0.003 5.23 355.0
2453617.69121 15.294 0.003 5.91 380.0
2453617.73800 15.312 0.003 5.64 402.0
2453617.76071 15.298 0.002 4.59 344.0
2453617.81229 15.303 0.002 4.50 433.0
2453618.71229 15.309 0.002 4.28 442.0
2453618.76425 15.301 0.003 4.37 460.0
2453618.81221 15.297 0.003 4.16 577.0
2453618.84436 15.315 0.002 3.76 600.0
2453619.66832 15.314 0.003 5.84 545.0
2453619.69043 15.305 0.003 5.71 506.0
2453619.72150 15.306 0.003 4.38 469.0
2453619.76685 15.299 0.002 4.27 506.0
2453620.70015 15.297 0.002 4.14 335.0
2453620.77876 15.314 0.002 3.52 353.0
2453620.84005 15.309 0.003 4.17 471.0
2453620.88357 15.307 0.002 4.10 430.0
2453621.69144 15.295 0.003 5.24 384.0
2453621.73923 15.311 0.003 4.93 399.0
2453621.78355 15.301 0.003 5.39 397.0
2453621.85459 15.293 0.002 4.19 532.0
2453622.76751 15.288 0.003 4.83 482.0
2453622.79358 15.295 0.003 5.35 528.0
2453622.81728 15.296 0.003 5.43 498.0
2453625.68780 15.280 0.003 5.53 553.0
2453625.73903 15.290 0.003 5.02 475.0
2453625.76521 15.293 0.002 4.56 511.0
2453625.82754 15.285 0.002 3.90 401.0
2453626.66833 15.287 0.003 5.88 522.0
2453626.69261 15.297 0.003 5.32 492.0
2453626.73318 15.288 0.003 5.19 523.0
2453628.70673 15.304 0.003 5.38 888.0
2453628.78601 15.304 0.003 5.18 782.0
2453628.84966 15.304 0.003 5.01 762.0
2453629.66330 15.290 0.003 6.00 1027.0
2453629.69505 15.316 0.003 5.35 941.0
2453629.72042 15.317 0.003 5.48 889.0
2453629.74337 15.299 0.003 6.05 836.0
2453630.67372 15.294 0.003 5.06 1005.0
2453630.69984 15.316 0.003 4.44 936.0
2453630.72401 15.305 0.003 5.78 976.0
2453630.74785 15.297 0.003 4.53 1023.0
2453630.79788 15.303 0.003 4.67 1065.0
2453631.66990 15.295 0.003 5.60 1208.0
2453631.70125 15.312 0.003 5.65 1055.0
2453631.72508 15.300 0.003 5.16 1022.0
2453631.74910 15.304 0.003 4.94 1040.0
2453632.63537 15.314 0.004 6.78 1061.0
2453632.74838 15.294 0.003 4.84 1088.0
2453633.67026 15.297 0.003 5.97 670.0
2453633.69069 15.287 0.003 6.45 719.0
2453633.72890 15.310 0.003 6.23 887.0
2453633.80455 15.305 0.003 4.88 781.0
2453634.67757 15.300 0.003 5.60 424.0
2453634.69684 15.289 0.002 4.97 442.0
2453634.73142 15.291 0.003 5.27 458.0
2453634.77126 15.298 0.002 4.66 492.0
2453636.71410 15.291 0.003 6.01 451.0
2453637.64555 15.290 0.003 5.96 595.0
2453637.66794 15.287 0.003 5.53 572.0
2453637.69030 15.294 0.003 5.07 595.0
2453637.71263 15.290 0.003 6.25 626.0
2453638.64847 15.290 0.003 5.64 443.0
2453638.67080 15.288 0.003 5.63 444.0
2453638.71122 15.285 0.002 4.68 480.0
2453638.74973 15.298 0.003 5.17 474.0
2453639.68017 15.301 0.002 3.40 482.0
2453639.71793 15.295 0.002 3.53 485.0
2453639.74259 15.297 0.002 3.17 443.0
2453640.65542 15.297 0.003 5.13 387.0
2453640.68261 15.299 0.003 5.54 336.0
2453640.70497 15.282 0.002 4.95 328.0
2453640.72918 15.300 0.002 4.77 329.0
2453641.64392 15.289 0.003 6.02 442.0
2453641.65535 15.295 0.003 5.94 404.0
2453641.67761 15.304 0.003 5.29 341.0
2453641.71465 15.293 0.003 6.15 339.0
2453643.71668 15.300 0.002 4.88 361.0
2453643.73903 15.318 0.002 4.25 402.0
2453644.65052 15.302 0.002 3.94 460.0
2453644.69103 15.302 0.002 3.97 475.0
2453644.71338 15.303 0.002 3.96 508.0
2453644.73569 15.304 0.002 3.58 482.0
2453646.63143 15.291 0.003 6.01 445.0
2453646.65159 15.296 0.003 6.11 443.0
2453646.66681 15.297 0.003 5.70 454.0
2453646.67797 15.291 0.003 5.94 396.0
2453646.70717 15.292 0.003 5.66 439.0
2453650.63644 15.302 0.003 5.85 489.0
2453650.65490 15.278 0.003 6.28 498.0
2453650.67893 15.289 0.003 5.08 465.0
2453650.70122 15.292 0.003 4.82 423.0
2453651.65714 15.297 0.003 4.64 417.0
2453651.68845 15.307 0.003 4.22 466.0
2453651.71044 15.291 0.002 4.20 492.0
2453651.72878 15.295 0.002 3.78 513.0
2453652.64069 15.294 0.003 4.64 370.0
2453652.66348 15.295 0.003 4.67 425.0
2453652.69087 15.302 0.002 3.79 466.0
2453652.71346 15.289 0.002 4.14 429.0
2453653.63230 15.292 0.003 4.02 711.0
2453653.65485 15.302 0.003 3.90 635.0
2453653.67671 15.312 0.003 4.02 541.0
2453653.69994 15.317 0.003 3.78 571.0
2453654.64163 15.309 0.003 3.69 602.0
2453654.66422 15.293 0.003 4.01 525.0
2453654.68686 15.301 0.003 3.62 536.0
2453654.71642 15.298 0.003 4.17 557.0
2453655.65024 15.289 0.003 4.17 616.0
2453655.67220 15.297 0.003 4.41 604.0
2453655.69116 15.298 0.002 3.84 578.0
2453655.71348 15.292 0.002 3.93 582.0
2453656.69484 15.296 0.003 3.93 579.0
2453656.73815 15.298 0.003 4.64 482.0
2453656.78285 15.294 0.003 5.41 500.0
2453657.61971 15.301 0.003 3.87 706.0
2453657.66717 15.294 0.003 4.50 570.0
2453657.69259 15.296 0.003 4.98 552.0
2453657.72302 15.304 0.003 4.14 609.0
2453658.62771 15.295 0.003 5.93 681.0
2453658.64634 15.305 0.003 4.78 606.0
2453658.66279 15.291 0.003 5.24 588.0
2453658.71896 15.297 0.003 4.51 627.0
2453659.68069 15.308 0.003 5.32 916.0
2453659.70317 15.300 0.003 5.55 961.0
2453659.72561 15.299 0.003 6.13 909.0
2453659.75284 15.305 0.003 4.90 857.0
2453660.66009 15.317 0.003 3.79 1019.0
2453660.68677 15.321 0.003 4.26 1077.0
2453660.70878 15.317 0.003 3.98 1134.0
2453660.72060 15.297 0.003 4.24 1209.0
2453661.60707 15.304 0.003 6.74 905.0
2453661.62939 15.299 0.003 4.62 869.0
2453661.67738 15.304 0.003 4.19 760.0
2453661.72005 15.298 0.003 4.38 825.0
2453663.59350 15.306 0.003 4.81 869.0
2453663.62999 15.312 0.003 6.41 850.0
2453663.65238 15.298 0.003 4.85 789.0
2453663.67725 15.283 0.003 4.33 786.0
2453664.60965 15.303 0.002 3.38 482.0
2453664.63632 15.297 0.002 3.21 586.0
2453664.69992 15.287 0.002 3.25 528.0
2453664.74319 15.292 0.002 3.69 582.0
2453665.65397 15.300 0.003 5.18 552.0
2453665.70554 15.299 0.003 4.89 689.0
2453665.72777 15.288 0.003 5.55 666.0
2453666.65581 15.292 0.002 3.75 564.0
2453666.72117 15.297 0.003 5.30 572.0
2453666.74617 15.288 0.003 4.83 577.0
2453668.56808 15.300 0.003 5.04 499.0
2453668.61132 15.294 0.003 5.50 418.0
2453668.63411 15.300 0.003 5.26 393.0
2453668.65654 15.289 0.003 5.46 378.0
2453668.67906 15.307 0.003 5.07 376.0
2453669.63382 15.306 0.003 5.80 545.0
2453670.70528 15.301 0.003 5.91 440.0
2453671.57911 15.294 0.003 5.87 633.0
2453671.60472 15.312 0.003 5.83 538.0
2453671.62354 15.294 0.003 5.50 562.0
2453671.68723 15.277 0.003 5.23 461.0
2453672.57792 15.305 0.003 5.73 632.0
2453672.60039 15.296 0.003 5.06 621.0
2453672.62400 15.287 0.003 4.56 688.0
2453672.64642 15.291 0.003 4.33 661.0
2453673.69216 15.295 0.003 4.48 571.0
2453674.62437 15.313 0.002 3.13 575.0
2453674.71937 15.289 0.002 4.18 444.0
2453674.79665 15.298 0.003 5.35 633.0
2453674.82210 15.291 0.003 5.25 779.0
2453675.59419 15.291 0.003 4.01 565.0
2453675.65426 15.296 0.003 3.83 573.0
2453675.76234 15.293 0.003 4.35 752.0
2453676.62344 15.302 0.003 4.08 539.0
2453676.64887 15.296 0.003 3.60 593.0
2453676.67720 15.268 0.003 4.12 595.0
2453676.69920 15.294 0.003 4.78 633.0
2453681.59067 15.312 0.003 5.97 783.0
2453682.57754 15.315 0.003 4.91 832.0
2453682.59995 15.308 0.003 5.31 856.0
2453682.62264 15.308 0.003 4.97 874.0
2453682.64769 15.297 0.003 5.28 911.0
2453683.57141 15.299 0.003 4.51 714.0
2453683.59874 15.307 0.003 4.38 760.0
2453683.62507 15.295 0.003 4.37 739.0
2453683.64356 15.291 0.003 4.29 709.0
2453684.61341 15.306 0.003 3.86 731.0
2453684.69009 15.294 0.003 4.32 698.0
2453684.72535 15.296 0.002 4.02 640.0
2453684.75122 15.293 0.002 4.11 669.0
2453685.59532 15.303 0.003 3.31 788.0
2453685.61760 15.291 0.003 3.51 783.0
2453685.64877 15.301 0.003 3.34 828.0
2453685.67595 15.288 0.002 3.19 803.0
2453686.56015 15.298 0.003 4.02 992.0
2453686.60554 15.288 0.003 3.86 824.0
2453686.62815 15.295 0.003 4.38 773.0
2453686.65045 15.302 0.003 3.63 856.0
2453687.57533 15.294 0.003 4.13 822.0
2453687.60029 15.292 0.003 3.88 824.0
2453687.62272 15.291 0.003 4.45 790.0
2453687.64343 15.287 0.003 3.87 801.0
2453688.53329 15.285 0.003 4.12 797.0
2453688.55583 15.287 0.003 3.87 917.0
2453688.57854 15.291 0.003 3.47 872.0
2453688.60085 15.269 0.003 3.56 787.0
2453689.55357 15.293 0.003 3.97 731.0
2453689.57564 15.288 0.003 4.01 790.0
2453689.59581 15.279 0.003 4.23 841.0
2453689.62559 15.290 0.003 4.16 813.0
2453690.53917 15.281 0.003 5.56 867.0
2453690.56481 15.297 0.003 5.00 808.0
2453690.59222 15.287 0.003 4.45 818.0
2453690.64961 15.288 0.003 5.52 891.0
2453691.54450 15.294 0.003 5.60 627.0
2453691.58283 15.299 0.003 4.69 684.0
2453692.54716 15.293 0.003 4.89 653.0
2453692.56694 15.308 0.003 4.73 754.0
2453692.61398 15.301 0.003 4.41 793.0
2453693.53420 15.292 0.003 5.58 881.0
2453693.55892 15.297 0.003 5.39 996.0
2453693.61280 15.300 0.003 4.13 1088.0
2453694.57849 15.301 0.003 4.08 616.0
2453694.62337 15.315 0.002 3.57 599.0
2453695.56248 15.311 0.003 3.96 673.0
2453695.58616 15.305 0.003 4.77 738.0
2453695.63607 15.293 0.003 4.28 615.0
2453696.51461 15.300 0.003 4.59 831.0
2453696.55137 15.294 0.003 3.89 522.0
2453696.59733 15.311 0.003 3.83 483.0
2453696.64361 15.301 0.002 3.61 519.0
2453699.55705 15.304 0.003 4.96 526.0
2453699.59910 15.300 0.003 4.55 541.0
2453699.62979 15.304 0.003 4.42 592.0
2453699.65497 15.295 0.002 3.92 556.0
2453700.55414 15.302 0.003 5.14 559.0
2453700.64068 15.298 0.003 5.63 621.0
2453701.53733 15.302 0.003 5.04 537.0
2453701.58614 15.279 0.003 4.99 587.0
2453701.63330 15.302 0.003 4.50 536.0
2453701.68106 15.290 0.003 4.47 638.0
2453702.56096 15.299 0.003 5.52 591.0
2453702.58006 15.302 0.003 5.06 614.0
2453702.60474 15.296 0.003 4.96 599.0
2453702.65363 15.293 0.003 4.57 547.0
2453703.59278 15.309 0.002 4.09 426.0
2453703.63816 15.284 0.002 4.49 479.0
2453703.70310 15.292 0.002 4.82 439.0
2453704.51859 15.292 0.003 5.12 1275.0
2453704.58302 15.297 0.003 4.78 640.0
2453704.65328 15.289 0.003 4.90 428.0
2453705.52182 15.280 0.003 4.79 885.0
2453705.56252 15.293 0.002 4.02 394.0
2453705.62589 15.292 0.002 4.02 522.0
2453705.67168 15.305 0.003 4.43 501.0
2453706.52763 15.295 0.003 3.96 555.0
2453706.57210 15.291 0.003 4.16 527.0
2453706.60718 15.295 0.002 3.93 500.0
2453706.66816 15.304 0.002 3.71 516.0
2453707.54787 15.299 0.003 5.61 533.0
2453707.56998 15.298 0.003 5.35 467.0
2453707.59249 15.290 0.002 4.57 431.0
2453708.59475 15.298 0.003 5.77 513.0
2453708.60620 15.303 0.003 5.85 492.0
2453708.62845 15.291 0.003 5.39 615.0
2453708.63642 15.300 0.003 5.27 646.0
2453711.56775 15.304 0.003 5.47 546.0
2453711.58612 15.295 0.003 5.30 584.0
2453711.60862 15.295 0.003 5.10 558.0
2453711.61657 15.294 0.003 5.37 588.0
2453712.55774 15.283 0.003 3.86 665.0
2453712.58503 15.298 0.003 4.24 658.0
2453712.60720 15.291 0.003 4.66 713.0
2453712.65321 15.294 0.003 4.88 634.0
2453713.54321 15.288 0.003 5.08 808.0
2453713.56835 15.295 0.003 4.60 757.0
2453713.59016 15.300 0.003 4.74 630.0
2453713.60868 15.292 0.003 4.16 648.0
2453714.56537 15.296 0.003 4.67 696.0
2453714.58763 15.290 0.003 4.59 657.0
2453714.61385 15.291 0.003 4.54 653.0
2453714.62156 15.291 0.003 4.52 637.0
2453715.54318 15.288 0.003 4.57 643.0
2453715.56604 15.290 0.003 4.01 572.0
2453715.59415 15.287 0.003 4.40 638.0
2453715.61670 15.302 0.003 5.42 728.0
2453716.55097 15.303 0.003 5.48 993.0
2453717.59500 15.285 0.003 4.43 773.0
2453717.62094 15.310 0.003 3.87 769.0
2453717.62852 15.293 0.003 4.01 791.0
2453718.54823 15.302 0.003 4.82 878.0
2453718.57120 15.296 0.003 4.54 840.0
2453718.60055 15.294 0.003 4.82 922.0
2453718.62289 15.293 0.003 4.49 971.0
2453719.54708 15.299 0.003 5.23 873.0
2453719.57582 15.297 0.003 4.50 914.0
2453719.59109 15.297 0.003 4.29 953.0
2453719.62216 15.283 0.003 4.18 1055.0
2453720.53948 15.285 0.003 4.37 1284.0
2453720.56155 15.290 0.003 4.86 1302.0
2453720.58669 15.299 0.003 4.68 1127.0
2453720.60861 15.293 0.003 4.49 1080.0
2453721.54083 15.296 0.003 4.73 1210.0
2453721.55779 15.296 0.003 3.25 1167.0
2453721.57657 15.290 0.003 3.82 1137.0
2453721.60334 15.291 0.003 4.71 1156.0
2453722.54733 15.300 0.003 4.79 814.0
2453722.56920 15.306 0.003 4.75 855.0
2453722.59132 15.300 0.003 4.25 900.0
2453722.59907 15.290 0.003 4.64 938.0
2453724.60021 15.283 0.003 4.25 738.0
2453724.62518 15.285 0.003 4.20 804.0
2453725.55619 15.286 0.003 3.77 662.0
2453725.60983 15.288 0.003 3.59 619.0
2453725.67153 15.286 0.003 4.94 997.0
2453726.54330 15.283 0.003 4.24 536.0
2453726.57748 15.292 0.003 4.80 484.0
2453726.62066 15.288 0.003 4.73 530.0
2453726.65186 15.302 0.003 5.70 561.0
2453727.55049 15.293 0.003 5.08 614.0
2453727.57270 15.286 0.003 4.42 641.0
2453728.54877 15.284 0.003 4.69 703.0
2453728.57541 15.288 0.003 4.76 687.0
2453728.60063 15.282 0.003 4.31 730.0
2453730.53401 15.290 0.003 4.33 817.0
2453730.59999 15.291 0.002 3.86 412.0
2453731.53268 15.298 0.004 5.82 1319.0
2453731.53765 15.296 0.003 5.49 860.0
2453732.59545 15.294 0.003 6.10 594.0
2453732.61775 15.294 0.003 4.67 540.0
2453734.60464 15.287 0.003 4.81 519.0
2453734.62722 15.290 0.003 4.47 517.0
2453734.63956 15.294 0.003 3.96 532.0
2453735.55474 15.293 0.003 4.75 582.0
2453735.57724 15.291 0.003 4.00 572.0
2453735.59954 15.293 0.003 3.71 531.0
2453736.56225 15.292 0.003 3.75 549.0
2453736.60727 15.275 0.003 4.21 547.0
2453737.57184 15.280 0.003 4.37 604.0
2453737.59424 15.285 0.003 4.28 653.0
2453739.53342 15.283 0.003 5.33 819.0
2453739.56197 15.286 0.003 4.04 483.0
2453739.57698 15.288 0.003 4.27 496.0
2453740.53654 15.289 0.003 4.27 904.0
2453740.57342 15.286 0.003 4.29 653.0
2453741.55276 15.287 0.003 6.05 578.0
2453741.57459 15.293 0.003 5.05 586.0
2453742.55294 15.300 0.003 5.35 955.0
2453742.57654 15.308 0.003 5.59 952.0
2453743.55275 15.300 0.003 4.92 554.0
2453743.57600 15.303 0.003 5.32 598.0
2453745.55253 15.312 0.003 6.11 686.0
2453745.57833 15.303 0.003 4.62 587.0
2453746.55203 15.305 0.003 4.83 1398.0
2453746.57813 15.303 0.003 4.08 1381.0
2453747.55392 15.302 0.003 6.37 768.0
2453747.57724 15.301 0.003 4.54 942.0
2453748.55737 15.303 0.004 5.79 1265.0
2453748.57957 15.298 0.004 6.19 1301.0
2453749.55386 15.289 0.004 6.75 1301.0
2453749.57585 15.300 0.004 6.32 1403.0
2453750.55188 15.304 0.004 6.45 798.0
2453751.53968 15.299 0.003 5.53 1282.0
2453751.56268 15.311 0.003 4.88 1472.0
2453751.58510 15.295 0.003 4.95 1481.0
2453752.55190 15.312 0.003 6.98 369.0
2453753.55430 15.306 0.004 6.76 802.0
2453753.57665 15.301 0.004 6.89 792.0
2453755.55320 15.298 0.004 6.86 804.0
2453756.54857 15.298 0.003 6.08 548.0
2453756.57467 15.299 0.003 5.65 599.0
2453758.55406 15.308 0.004 7.63 615.0
2453758.57620 15.286 0.003 5.97 700.0
2453759.55892 15.293 0.003 6.14 624.0
2453759.58145 15.295 0.003 5.50 669.0
2453760.55507 15.297 0.003 5.36 780.0
2453761.58360 15.300 0.003 6.77 473.0
2453762.58524 15.300 0.003 5.29 796.0
2453763.54327 15.298 0.003 4.35 395.0
2453763.56731 15.303 0.003 4.76 404.0
2453764.57483 15.290 0.003 4.18 686.0
2453765.54970 15.302 0.002 3.74 410.0
2453765.56801 15.295 0.002 3.99 401.0
2453766.54597 15.302 0.003 4.42 591.0
2453766.56886 15.295 0.003 3.97 623.0
2453768.54275 15.304 0.003 6.35 655.0
2453769.54419 15.285 0.003 4.99 694.0
2453769.56597 15.285 0.003 5.09 607.0
2453771.53966 15.287 0.003 5.56 756.0
2453771.56164 15.291 0.003 5.11 732.0
2453772.57194 15.291 0.003 6.22 577.0
2453773.53981 15.291 0.003 5.09 790.0
2453774.52393 15.304 0.004 6.15 1390.0
2453775.54477 15.314 0.003 5.41 972.0
2453775.56657 15.299 0.003 4.98 911.0
2453776.52105 15.308 0.004 4.89 2171.0
2453776.53964 15.307 0.003 4.48 876.0
2453777.54355 15.302 0.003 4.63 945.0
2453777.56563 15.297 0.003 4.78 948.0
2453778.52262 15.307 0.003 5.01 1373.0
2453778.56365 15.301 0.003 4.97 926.0
2453779.53696 15.310 0.004 6.08 1319.0
2453780.52707 15.295 0.003 5.56 1006.0
2453786.51812 15.306 0.003 5.31 881.0
2453786.52695 15.295 0.003 5.05 746.0
2453787.52401 15.309 0.003 5.57 661.0
2453787.52834 15.305 0.003 5.27 637.0
2453788.51403 15.291 0.003 4.50 1398.0
2453788.52260 15.308 0.003 5.14 701.0
2453789.51426 15.305 0.003 3.96 1273.0
2453789.51847 15.308 0.003 4.10 879.0
2453791.51486 15.304 0.003 5.17 964.0
2453791.51872 15.312 0.003 5.48 740.0
2453900.90750 15.316 0.003 4.55 810.0
2453901.92244 15.312 0.003 4.69 965.0
2453904.91600 15.309 0.003 4.27 620.0
2453906.93532 15.299 0.003 4.27 552.0
2453908.93285 15.304 0.002 3.24 653.0
2453909.91847 15.308 0.003 4.02 607.0
2453912.93985 15.297 0.002 3.68 589.0
2453913.88984 15.293 0.002 3.83 509.0
2453915.90182 15.290 0.003 4.74 474.0
2453917.88985 15.298 0.003 4.70 567.0
2453918.89805 15.292 0.003 3.99 561.0
2453920.93384 15.284 0.002 4.11 551.0
2453931.86292 15.291 0.003 4.49 934.0
2453933.83089 15.283 0.002 4.76 692.0
2453934.91273 15.284 0.003 3.82 746.0
2453935.86775 15.296 0.003 4.15 510.0
2453936.92116 15.299 0.003 4.25 556.0
2453944.91683 15.291 0.003 4.98 665.0
2453945.89789 15.291 0.002 3.48 620.0
2453946.88795 15.288 0.003 5.71 427.0
2453950.89656 15.300 0.002 4.14 637.0
2453958.86279 15.305 0.003 5.54 931.0
2453959.85883 15.307 0.003 5.03 952.0
2453960.84903 15.300 0.003 3.78 755.0
2453961.86037 15.298 0.003 5.92 945.0
2453963.84179 15.331 0.004 7.07 898.0
2453964.84000 15.297 0.002 3.27 386.0
2453965.83735 15.303 0.002 3.08 364.0
2453966.83617 15.306 0.003 4.43 464.0
2453967.87950 15.303 0.002 4.33 430.0
2453968.82930 15.318 0.003 4.20 588.0
2453969.82888 15.295 0.003 5.39 388.0
2453970.82687 15.304 0.002 4.22 418.0
2453971.79935 15.295 0.002 4.46 403.0
2453973.79421 15.298 0.003 5.69 400.0
2453974.80104 15.308 0.003 6.34 415.0
2453975.80892 15.308 0.003 5.07 423.0
2453979.75857 15.301 0.003 6.62 279.0
2453980.73759 15.286 0.003 4.85 672.0
2453981.73749 15.291 0.003 4.56 601.0
2453982.80333 15.303 0.003 3.92 874.0
2453983.89511 15.292 0.003 5.39 577.0
2453986.77529 15.293 0.003 4.16 879.0
2453987.80079 15.300 0.003 4.84 656.0
2453988.85703 15.294 0.003 4.10 1284.0
2453990.71600 15.294 0.002 4.45 548.0
2453994.73939 15.297 0.003 5.13 392.0
2453995.76379 15.299 0.002 4.33 389.0
2453998.86187 15.294 0.003 5.20 667.0
2453999.77283 15.298 0.002 3.91 459.0
2454001.67868 15.302 0.002 4.03 416.0
2454002.74402 15.303 0.002 3.93 516.0
2454003.69029 15.317 0.003 4.59 410.0
2454004.71571 15.295 0.003 5.52 466.0
2454005.76498 15.308 0.002 3.84 464.0
2454006.72133 15.298 0.002 3.39 407.0
2454007.68234 15.299 0.002 4.39 453.0
2454008.68874 15.297 0.002 3.46 351.0
2454011.71832 15.291 0.002 4.29 517.0
2454013.72332 15.271 0.003 3.85 883.0
2454016.69626 15.312 0.003 4.25 666.0
2454018.69201 15.310 0.003 3.93 687.0
2454019.76025 15.296 0.002 4.34 700.0
2454020.73434 15.293 0.002 4.14 561.0
2454021.70052 15.294 0.003 4.63 439.0
2454023.68160 15.301 0.003 4.74 501.0
2454025.72994 15.299 0.003 4.69 531.0
2454026.65138 15.301 0.002 4.36 422.0
2454027.66978 15.300 0.002 4.08 622.0
2454031.63901 15.308 0.002 3.51 487.0
2454036.69756 15.304 0.003 5.47 353.0
2454037.71337 15.283 0.002 4.97 428.0
2454039.62658 15.302 0.003 4.98 441.0
2454040.61044 15.305 0.003 4.39 725.0
2454041.66466 15.302 0.003 4.78 830.0
2454042.67835 15.309 0.003 4.14 1087.0
2454043.65505 15.304 0.003 4.77 983.0
2454046.63873 15.304 0.003 5.78 962.0
2454047.63199 15.283 0.003 4.47 816.0
2454048.60733 15.288 0.003 4.51 651.0
2454049.64622 15.301 0.002 3.16 817.0
2454050.63025 15.308 0.002 3.40 732.0
2454052.62251 15.289 0.002 3.84 344.0
2454053.64765 15.287 0.002 3.98 467.0
2454054.63920 15.296 0.003 5.50 723.0
2454058.58836 15.300 0.002 3.85 748.0
2454059.53605 15.306 0.003 3.92 757.0
2454060.57865 15.305 0.002 3.94 597.0
2454063.62348 15.293 0.002 3.53 669.0
2454064.57699 15.288 0.002 3.53 505.0
2454066.59386 15.295 0.003 4.45 459.0
2454067.56720 15.311 0.003 4.18 568.0
2454068.53158 15.300 0.002 3.61 719.0
2454070.56722 15.301 0.003 3.99 803.0
2454071.56669 15.301 0.003 4.48 870.0
2454074.58220 15.293 0.003 4.35 939.0
2454077.57285 15.299 0.003 5.97 589.0
2454079.60032 15.292 0.003 5.01 574.0
2454082.63452 15.294 0.003 5.28 908.0
2454087.58154 15.283 0.003 5.11 563.0
2454093.55234 15.298 0.002 4.14 539.0
2454095.62553 15.294 0.002 3.70 694.0
2454096.60335 15.273 0.003 4.73 643.0
2454097.63695 15.289 0.003 6.01 592.0
2454098.55960 15.278 0.003 5.25 694.0
2454100.60601 15.292 0.003 4.59 718.0
2454103.57453 15.287 0.003 4.69 844.0
2454105.61567 15.290 0.003 4.54 709.0
2454108.57689 15.307 0.002 4.05 505.0
2454112.54443 15.300 0.003 5.95 585.0
2454115.57400 15.311 0.002 5.15 519.0
2454119.56137 15.310 0.003 5.35 620.0
2454124.60028 15.301 0.003 4.20 649.0
2454128.58732 15.296 0.003 4.76 678.0
2454132.58098 15.316 0.003 4.55 1219.0
2454255.84175 15.294 0.004 5.48 1261.0
2454268.91607 15.285 0.003 4.86 898.0
2454272.94548 15.290 0.004 5.10 1602.0
2454279.78148 15.294 0.004 5.14 2203.0
2454282.89799 15.297 0.003 3.82 1222.0
2454283.93055 15.301 0.003 3.65 1253.0
2454285.93765 15.291 0.003 4.73 961.0
2454289.92191 15.301 0.003 4.96 739.0
2454293.87100 15.307 0.003 3.57 691.0
2454295.85625 15.308 0.003 4.14 578.0
2454297.87032 15.304 0.003 5.65 423.0
2454298.90269 15.316 0.004 5.73 970.0
2454299.94672 15.297 0.003 4.88 1243.0
2454301.84528 15.308 0.003 3.76 317.0
2454307.82204 15.320 0.003 3.72 653.0
2454307.93747 15.310 0.003 4.04 608.0
2454308.77796 15.316 0.003 3.87 814.0
2454308.94063 15.315 0.003 4.03 856.0
2454310.92910 15.302 0.003 4.15 1129.0
2454312.82018 15.304 0.003 3.76 694.0
2454314.86384 15.305 0.004 5.92 749.0
2454316.92079 15.304 0.003 4.78 715.0
2454332.88543 15.302 0.003 4.45 778.0
2454333.88938 15.287 0.003 5.54 578.0
2454338.89338 15.300 0.004 4.83 1249.0
2454340.76509 15.300 0.003 3.65 1452.0
2454341.76115 15.300 0.003 4.23 1213.0
2454342.78548 15.289 0.003 4.09 1258.0
2454343.75450 15.308 0.003 4.15 719.0
2454344.73669 15.298 0.003 4.68 759.0
2454345.78268 15.302 0.003 5.46 670.0
2454347.77155 15.303 0.003 4.48 696.0
2454349.78479 15.306 0.003 4.18 552.0
2454351.72137 15.302 0.003 6.62 473.0
2454354.75199 15.298 0.003 4.79 592.0
2454357.69249 15.294 0.003 4.99 435.0
2454359.69047 15.299 0.003 5.50 679.0
2454362.65801 15.300 0.004 6.34 864.0
2454363.61737 15.301 0.004 7.03 544.0
2454365.73022 15.293 0.004 7.47 810.0
2454369.64476 15.289 0.004 5.52 1366.0
2454372.66822 15.305 0.003 3.95 557.0
2454377.74723 15.296 0.003 5.07 650.0
2454379.63868 15.290 0.003 6.38 804.0
2454380.73457 15.297 0.003 5.09 676.0
2454382.67884 15.292 0.003 5.74 478.0
2454386.65382 15.283 0.003 5.00 390.0
2454388.65468 15.274 0.003 5.26 703.0
2454390.66367 15.285 0.003 3.84 645.0
2454392.68815 15.291 0.003 3.70 576.0
2454395.67213 15.300 0.003 4.95 946.0
2454397.71012 15.293 0.003 4.51 947.0
2454400.66055 15.306 0.003 5.59 923.0
2454403.64913 15.290 0.003 5.04 689.0
2454407.62634 15.289 0.003 5.49 595.0
2454408.65160 15.293 0.003 4.89 675.0
2454410.73514 15.292 0.003 3.93 798.0
2454412.69617 15.283 0.003 4.76 621.0
2454416.68128 15.290 0.003 4.48 678.0
2454418.69019 15.300 0.003 4.05 534.0
2454421.62378 15.293 0.003 4.94 753.0
2454423.70543 15.297 0.003 4.86 829.0
2454427.64892 15.279 0.003 4.36 1163.0
2454429.55704 15.295 0.004 5.98 1287.0
2454431.56163 15.291 0.003 5.01 635.0
2454433.56758 15.293 0.003 5.33 644.0
2454435.55154 15.291 0.003 4.66 702.0
2454437.64480 15.291 0.004 5.58 980.0
2454439.55672 15.298 0.004 6.66 684.0
2454441.59251 15.285 0.003 5.28 629.0
2454443.61954 15.286 0.003 5.83 641.0
2454449.63732 15.293 0.003 4.87 587.0
2454451.59212 15.291 0.003 5.26 659.0
2454453.57448 15.285 0.003 4.89 834.0
2454456.57600 15.298 0.004 5.34 1116.0
2454458.57686 15.296 0.003 3.65 1160.0
2454464.56811 15.295 0.003 5.24 443.0
2454472.56225 15.293 0.003 4.19 703.0
2454475.58168 15.310 0.003 4.97 449.0
2454478.58831 15.295 0.003 5.90 647.0
2454481.57002 15.285 0.003 5.82 686.0
2454484.58014 15.308 0.004 5.80 1171.0
2454486.61883 15.287 0.004 5.79 1406.0
2454502.57052 15.301 0.003 6.33 625.0
2454609.88358 15.299 0.003 4.37 1007.0
2454638.94851 15.299 0.003 4.73 1560.0
2454643.87337 15.293 0.003 5.18 620.0
2454648.93944 15.293 0.003 4.57 980.0
2454652.93268 15.284 0.003 4.83 829.0
2454656.91339 15.309 0.003 3.49 807.0
2454662.76961 15.296 0.003 4.27 843.0
2454663.74125 15.295 0.003 5.06 982.0
2454665.81418 15.306 0.003 4.69 1267.0
2454666.90198 15.299 0.003 5.63 946.0
2454670.89629 15.287 0.003 4.55 797.0
2454671.88255 15.295 0.003 5.36 741.0
2454672.87050 15.298 0.003 4.38 681.0
2454681.86779 15.309 0.003 3.96 433.0
2454683.86637 15.304 0.003 5.19 499.0
2454685.84909 15.312 0.003 5.82 654.0
2454688.80035 15.306 0.003 4.77 545.0
2454689.75812 15.306 0.003 4.27 575.0
2454690.72576 15.297 0.003 4.72 415.0
2454691.72877 15.299 0.003 5.68 750.0
2454693.88388 15.307 0.003 4.99 984.0
2454696.83374 15.294 0.004 7.01 856.0
2454698.74560 15.294 0.003 5.07 466.0
2454700.77702 15.288 0.003 4.44 591.0
2454701.78220 15.285 0.003 5.70 433.0
2454702.84229 15.293 0.003 5.76 569.0
2454703.74154 15.303 0.003 6.19 434.0
2454704.76040 15.292 0.003 5.30 322.0
2454705.76761 15.306 0.003 7.06 391.0
2454707.75974 15.297 0.003 4.00 345.0
2454708.82846 15.307 0.003 4.17 404.0
2454710.74438 15.289 0.003 5.25 408.0
2454716.74604 15.294 0.003 5.04 367.0
2454719.73817 15.279 0.003 4.20 1656.0
2454721.72686 15.282 0.003 5.99 894.0
2454725.71432 15.297 0.003 4.61 866.0
2454728.74239 15.298 0.003 4.98 613.0
2454731.74791 15.289 0.003 4.66 331.0
2454734.73061 15.301 0.003 4.14 413.0
2454741.69677 15.304 0.003 5.00 338.0
2454747.57413 15.295 0.003 4.50 666.0
2454749.58268 15.303 0.003 5.91 814.0
2454753.65198 15.307 0.003 5.53 842.0
2454755.64073 15.305 0.003 4.19 684.0
2454757.63027 15.315 0.003 4.53 697.0
2454759.64290 15.310 0.003 5.17 551.0
2454761.60813 15.307 0.003 4.04 319.0
2454763.62570 15.323 0.003 6.46 513.0
2454766.59361 15.319 0.003 6.36 771.0
2454769.63198 15.302 0.003 5.71 613.0
2454771.67693 15.302 0.003 4.88 513.0
2454773.66814 15.316 0.003 5.33 642.0
2454775.65472 15.305 0.004 7.75 783.0
2454777.58668 15.320 0.003 5.25 785.0
2454779.60720 15.309 0.003 5.19 842.0
2454781.57408 15.313 0.003 4.49 910.0
2454783.55598 15.310 0.004 5.87 1020.0
2454785.58858 15.318 0.003 6.16 806.0
2454786.64585 15.313 0.003 6.53 734.0
2454788.60398 15.308 0.003 4.45 717.0
2454790.60627 15.304 0.003 3.65 438.0
2454792.58440 15.309 0.003 4.21 665.0
2454794.56484 15.307 0.003 4.32 557.0
2454796.63484 15.310 0.003 5.59 682.0
2454798.58155 15.292 0.003 6.12 680.0
2454800.62871 15.301 0.003 3.98 903.0
2454802.60620 15.298 0.003 5.05 758.0
2454804.62938 15.299 0.004 6.07 959.0
2454806.61530 15.299 0.003 5.41 626.0
2454808.53676 15.300 0.003 4.51 951.0
2454810.60204 15.300 0.003 4.45 826.0
2454813.58734 15.307 0.003 5.03 1033.0
2454815.55956 15.302 0.003 5.28 837.0
2454817.58001 15.303 0.003 3.88 724.0
2454819.57394 15.308 0.003 5.89 614.0
2454821.65762 15.299 0.003 4.11 484.0
2454824.56204 15.317 0.003 5.57 777.0
2454826.61180 15.312 0.003 5.87 580.0
2454832.57925 15.301 0.003 5.86 529.0
2454834.60419 15.290 0.003 5.64 1058.0
2454837.59546 15.306 0.003 6.06 897.0
2454841.57168 15.297 0.003 5.61 1185.0
2454843.56597 15.298 0.003 5.23 1078.0
2454845.56345 15.300 0.004 7.45 853.0
2454846.57075 15.301 0.003 5.53 528.0
2454848.61131 15.303 0.003 5.22 464.0
2454850.59863 15.302 0.003 7.28 611.0
2454854.57984 15.309 0.003 6.28 576.0
2454866.56273 15.287 0.003 5.81 780.0
