2452086.89212 15.182 0.004 6.55 892.0
2452103.89894 15.181 0.003 4.19 567.0
2452105.92907 15.209 0.003 5.65 589.0
2452106.89468 15.194 0.003 5.49 661.0
2452112.84706 15.204 0.003 5.98 513.0
2452116.87482 15.210 0.003 5.78 448.0
2452122.81416 15.223 0.004 1.72 3299.0
2452123.82175 15.226 0.003 4.78 991.0
2452124.84219 15.201 0.004 5.66 1347.0
2452127.83834 15.212 0.005 1.75 1201.0
2452128.82925 15.206 0.003 5.46 1063.0
2452130.84761 15.200 0.003 4.91 993.0
2452131.84169 15.223 0.003 5.63 713.0
2452132.81000 15.224 0.003 6.17 678.0
2452135.84783 15.205 0.003 2.28 926.0
2452140.81508 15.202 0.003 6.12 571.0
2452142.75544 15.222 0.003 5.30 629.0
2452143.82093 15.223 0.003 4.58 753.0
2452144.82762 15.196 0.003 3.78 603.0
2452155.88236 15.148 0.004 1.59 1121.0
2452156.82895 15.170 0.003 5.81 749.0
2452162.76516 15.186 0.003 5.89 399.0
2452165.74749 15.193 0.004 1.61 451.0
2452166.75976 15.181 0.003 5.28 411.0
2452167.76821 15.181 0.003 5.49 540.0
2452168.71739 15.200 0.003 2.01 399.0
2452169.72368 15.165 0.004 7.96 553.0
2452172.74992 15.186 0.003 4.79 688.0
2452177.64342 15.171 0.003 2.07 577.0
2452178.68076 15.157 0.004 1.53 530.0
2452185.66858 15.150 0.003 5.62 855.0
2452186.69341 15.138 0.004 6.86 867.0
2452187.68858 15.113 0.003 6.00 901.0
2452190.69514 15.137 0.003 5.42 665.0
2452193.68773 15.110 0.003 4.02 555.0
2452194.65785 15.117 0.003 4.73 551.0
2452203.55431 15.121 0.003 6.22 678.0
2452206.61061 15.105 0.004 1.75 926.0
2452211.64470 15.091 0.003 5.13 829.0
2452212.64853 15.084 0.003 5.19 964.0
2452213.65435 15.097 0.003 4.87 1079.0
2452214.64555 15.109 0.003 5.23 1073.0
2452215.65251 15.101 0.003 4.03 1048.0
2452217.63922 15.111 0.003 5.35 1156.0
2452219.68209 15.120 0.003 5.67 795.0
2452224.71696 15.073 0.003 4.92 733.0
2452228.56173 15.040 0.003 6.00 686.0
2452235.66692 15.031 0.003 4.81 680.0
2452238.55046 15.001 0.003 6.08 752.0
2452240.65476 14.970 0.003 4.80 898.0
2452242.62229 14.951 0.003 6.18 1042.0
2452248.61159 14.951 0.002 4.42 590.0
2452250.58026 14.924 0.003 4.40 839.0
2452253.57389 14.955 0.003 4.66 656.0
2452255.61054 14.943 0.003 5.87 670.0
2452258.57683 14.926 0.002 4.74 782.0
2452263.58757 14.919 0.003 5.26 520.0
2452266.56354 14.907 0.003 5.07 1109.0
2452271.56792 14.858 0.002 4.41 1030.0
2452273.56725 14.858 0.003 5.74 1215.0
2452275.60218 14.852 0.003 4.40 976.0
2452276.56174 14.855 0.003 6.22 951.0
2452278.59433 14.846 0.003 4.93 835.0
2452280.59016 14.839 0.003 5.57 857.0
2452284.59304 14.817 0.003 5.14 778.0
2452290.60701 14.802 0.002 5.03 867.0
2452295.56208 14.774 0.003 5.52 737.0
2452297.56538 14.778 0.003 6.13 878.0
2452299.56448 14.771 0.003 6.27 901.0
2452301.55676 14.764 0.003 6.08 869.0
2452460.88253 14.549 0.003 7.21 971.0
2452463.91886 14.552 0.002 4.65 1059.0
2452465.93162 14.542 0.002 4.89 682.0
2452467.90462 14.546 0.002 5.87 516.0
2452469.90399 14.532 0.002 4.12 693.0
2452471.89345 14.544 0.002 5.67 684.0
2452472.92292 14.540 0.002 4.82 638.0
2452473.89484 14.539 0.002 5.00 675.0
2452481.90712 14.520 0.002 5.57 1153.0
2452483.89236 14.531 0.002 4.09 663.0
2452486.88935 14.530 0.002 6.22 792.0
2452488.88159 14.539 0.003 6.98 731.0
2452489.92672 14.525 0.002 6.44 701.0
2452492.90709 14.525 0.002 5.78 673.0
2452495.89710 14.523 0.001 5.51 731.0
2452496.90682 14.522 0.002 3.75 1135.0
2452497.93022 14.518 0.002 4.29 1183.0
2452498.77750 14.530 0.002 4.88 801.0
2452499.86311 14.517 0.002 4.32 706.0
2452500.86864 14.518 0.002 4.04 950.0
2452501.85763 14.520 0.002 3.89 795.0
2452502.83783 14.523 0.002 5.74 817.0
2452508.74912 14.510 0.003 6.32 1673.0
2452516.78041 14.519 0.002 5.56 933.0
2452517.82715 14.514 0.002 4.60 899.0
2452518.79856 14.508 0.002 6.34 549.0
2452519.83550 14.498 0.002 3.81 885.0
2452520.79487 14.494 0.002 5.23 749.0
2452521.82700 14.508 0.002 4.38 560.0
2452524.82526 14.506 0.003 6.82 779.0
2452526.78146 14.506 0.002 4.67 383.0
2452534.83784 14.492 0.002 5.56 836.0
2452535.81805 14.480 0.002 4.65 864.0
2452538.80180 14.490 0.002 5.16 1074.0
2452539.70530 14.489 0.002 4.86 1016.0
2452540.74648 14.501 0.003 7.77 862.0
2452541.71721 14.487 0.002 3.83 784.0
2452542.68700 14.489 0.002 5.02 631.0
2452544.66584 14.492 0.002 5.70 465.0
2452545.68057 14.497 0.002 4.70 598.0
2452547.69857 14.490 0.002 5.54 594.0
2452548.71532 14.490 0.002 4.23 581.0
2452550.71045 14.491 0.002 6.61 512.0
2452552.71316 14.495 0.002 5.20 496.0
2452553.65379 14.506 0.003 7.49 582.0
2452554.70631 14.491 0.002 5.04 551.0
2452555.71424 14.488 0.002 5.30 490.0
2452556.69327 14.484 0.002 4.82 597.0
2452557.70580 14.482 0.002 4.07 489.0
2452558.66229 14.485 0.002 4.67 864.0
2452559.61920 14.483 0.002 5.37 857.0
2452560.65225 14.473 0.002 4.26 733.0
2452561.67780 14.464 0.003 7.44 808.0
2452562.67069 14.457 0.002 4.71 939.0
2452563.67865 14.460 0.002 4.46 870.0
2452564.69400 14.464 0.002 5.16 843.0
2452565.68463 14.469 0.002 5.20 859.0
2452566.66490 14.468 0.002 4.44 939.0
2452568.69589 14.466 0.002 4.54 2091.0
2452571.64887 14.475 0.002 6.12 814.0
2452573.66199 14.466 0.002 5.79 1124.0
2452574.64581 14.472 0.002 5.18 755.0
2452576.65896 14.476 0.002 7.16 589.0
2452577.63269 14.467 0.002 6.31 955.0
2452578.63276 14.468 0.002 5.12 749.0
2452579.63942 14.474 0.002 5.49 862.0
2452580.65155 14.465 0.002 4.02 827.0
2452583.62286 14.459 0.002 5.37 1018.0
2452584.63021 14.455 0.002 5.54 898.0
2452586.62811 14.465 0.002 4.17 861.0
2452587.61212 14.468 0.002 4.20 761.0
2452589.60208 14.447 0.002 4.45 985.0
2452590.61722 14.462 0.003 7.90 804.0
2452591.64032 14.438 0.002 4.75 1112.0
2452593.60935 14.440 0.002 3.98 963.0
2452594.61311 14.455 0.002 6.32 972.0
2452596.58865 14.432 0.002 5.79 1082.0
2452597.57581 14.437 0.002 4.39 1860.0
2452598.64966 14.437 0.002 4.37 1366.0
2452599.60914 14.440 0.002 4.84 1295.0
2452607.63035 14.444 0.002 5.51 768.0
2452610.55013 14.440 0.002 5.65 987.0
2452613.54399 14.432 0.002 5.32 789.0
2452615.57285 14.433 0.002 5.80 554.0
2452619.56051 14.415 0.002 6.10 718.0
2452625.55207 14.421 0.002 5.96 1024.0
2452628.54520 14.422 0.003 6.85 1152.0
2452639.54727 14.415 0.002 4.87 674.0
2452642.55626 14.416 0.002 5.69 983.0
2452646.56883 14.396 0.002 4.81 1159.0
2452654.55866 14.392 0.002 5.60 961.0
2452660.55731 14.397 0.002 4.87 896.0
2452671.55497 14.400 0.002 5.55 674.0
2452673.56676 14.398 0.002 6.53 831.0
2452676.52813 14.382 0.002 5.40 1101.0
2452679.54150 14.397 0.002 4.30 910.0
2452682.54404 14.397 0.003 7.52 733.0
2452777.90653 14.404 0.002 5.58 1282.0
2452804.87353 14.414 0.002 4.10 2329.0
2452805.85041 14.430 0.003 7.76 1296.0
2452814.94365 14.431 0.002 4.01 1108.0
2452817.93020 14.415 0.002 5.05 1231.0
2452830.90730 14.435 0.003 7.47 866.0
2452831.78504 14.444 0.002 4.84 1730.0
2452832.92898 14.455 0.002 3.81 1154.0
2452835.87758 14.454 0.002 3.99 1242.0
2452837.87866 14.466 0.003 6.43 1267.0
2452838.93584 14.472 0.003 6.10 1023.0
2452840.82858 14.475 0.002 5.07 907.0
2452843.83003 14.478 0.002 4.83 839.0
2452845.92182 14.480 0.002 6.19 680.0
2452849.85927 14.469 0.002 4.91 846.0
2452850.89202 14.468 0.002 5.65 693.0
2452851.93559 14.488 0.002 5.12 1031.0
2452852.80626 14.504 0.002 5.45 946.0
2452853.94568 14.508 0.002 4.35 3566.0
2452854.83200 14.515 0.003 6.10 681.0
2452856.81895 14.503 0.003 5.88 946.0
2452858.91300 14.508 0.002 4.06 711.0
2452860.87899 14.521 0.002 4.30 763.0
2452861.75017 14.529 0.002 3.96 831.0
2452862.92917 14.549 0.002 5.17 1130.0
2452863.83841 14.529 0.003 5.76 1464.0
2452865.83527 14.541 0.002 3.40 1395.0
2452866.88493 14.544 0.003 5.49 921.0
2452867.82496 14.544 0.002 4.20 772.0
2452868.77261 14.551 0.002 4.75 773.0
2452869.90560 14.551 0.002 4.85 838.0
2452870.81920 14.550 0.002 3.77 799.0
2452871.86213 14.553 0.002 4.31 940.0
2452875.80850 14.573 0.003 5.76 706.0
2452876.77940 14.577 0.002 4.81 623.0
2452879.74292 14.553 0.002 4.44 466.0
2452883.82909 14.617 0.002 3.41 690.0
2452885.76388 14.605 0.002 4.94 392.0
2452888.81219 14.604 0.003 6.13 755.0
2452892.80358 14.641 0.003 6.08 961.0
2452894.73275 14.637 0.003 5.28 872.0
2452896.72983 14.620 0.002 5.19 572.0
2452898.75079 14.634 0.002 4.29 830.0
2452900.74966 14.626 0.002 4.00 509.0
2452902.74918 14.619 0.002 3.71 605.0
2452905.75637 14.617 0.002 5.22 513.0
2452909.74687 14.614 0.001 4.76 367.0
2452911.73824 14.635 0.002 3.44 423.0
2452915.70971 14.593 0.003 3.74 607.0
2452917.73582 14.589 0.002 3.28 777.0
2452921.73358 14.614 0.002 4.73 920.0
2452923.75551 14.619 0.002 4.58 1026.0
2452925.71850 14.601 0.002 3.78 763.0
2452927.71599 14.625 0.002 4.84 919.0
2452930.73409 14.640 0.003 5.00 686.0
2452932.74060 14.647 0.002 4.60 844.0
2452934.72040 14.648 0.002 3.94 683.0
2452937.64443 14.611 0.002 5.13 774.0
2452939.69708 14.656 0.002 4.70 728.0
2452940.63717 14.667 0.002 3.65 512.0
2452941.68702 14.659 0.002 3.69 613.0
2452943.60836 14.636 0.003 5.30 884.0
2452944.59297 14.636 0.002 4.69 860.0
2452947.61923 14.670 0.002 4.70 779.0
2452949.60053 14.681 0.002 3.88 1104.0
2452950.64530 14.670 0.002 3.48 1092.0
2452952.66138 14.682 0.003 4.16 1147.0
2452954.68631 14.663 0.003 5.32 1145.0
2452956.63229 14.660 0.002 3.56 586.0
2452958.62669 14.683 0.003 5.67 670.0
2452961.59780 14.707 0.003 6.81 911.0
2452965.63620 14.684 0.002 4.85 609.0
2452968.59754 14.693 0.003 4.41 946.0
2452970.61679 14.716 0.003 5.09 748.0
2452972.60128 14.713 0.003 5.10 761.0
2452974.60201 14.700 0.002 4.64 714.0
2452978.57781 14.721 0.003 4.75 950.0
2452984.63077 14.704 0.003 4.77 889.0
2452986.64088 14.721 0.003 5.18 815.0
2452991.60632 14.719 0.003 5.81 484.0
2452994.58863 14.695 0.003 5.17 616.0
2453005.53533 14.705 0.003 5.24 1359.0
2453008.56164 14.738 0.003 6.55 827.0
2453011.56503 14.731 0.003 5.69 1039.0
2453016.59169 14.695 0.003 5.63 899.0
2453018.57813 14.704 0.002 6.39 560.0
2453020.60619 14.737 0.003 6.00 600.0
2453021.61901 14.719 0.002 4.25 421.0
2453023.57491 14.706 0.002 4.61 545.0
2453025.57339 14.697 0.002 4.86 595.0
2453027.60691 14.724 0.002 5.02 653.0
2453029.57880 14.724 0.003 5.20 671.0
2453033.58571 14.700 0.002 4.63 748.0
2453164.93313 14.655 0.003 5.56 778.0
2453177.92092 14.666 0.002 6.81 897.0
2453183.91512 14.661 0.003 4.90 684.0
2453193.88290 14.642 0.002 4.58 1281.0
2453197.91757 14.635 0.002 4.75 897.0
2453201.87501 14.643 0.002 5.22 704.0
2453203.88297 14.642 0.002 3.43 656.0
2453206.82083 14.643 0.002 6.40 530.0
2453211.88828 14.648 0.002 6.04 523.0
2453215.66442 14.654 0.003 6.47 1113.0
2453216.73243 14.645 0.002 4.89 1651.0
2453217.93293 14.643 0.002 4.93 1451.0
2453226.82868 14.634 0.002 6.14 558.0
2453229.83583 14.619 0.002 4.06 499.0
2453231.81795 14.636 0.003 6.64 857.0
2453239.79634 14.615 0.002 5.66 516.0
2453240.79359 14.619 0.003 6.71 571.0
2453241.81795 14.619 0.002 4.57 759.0
2453242.71728 14.619 0.002 6.37 605.0
2453244.83092 14.619 0.002 5.40 811.0
2453246.77250 14.624 0.002 6.06 755.0
2453249.73097 14.617 0.002 4.87 774.0
2453251.74449 14.630 0.002 4.60 447.0
2453259.66723 14.633 0.003 9.99 0.0
2453261.70531 14.632 0.002 4.09 425.0
2453263.68801 14.620 0.002 3.53 484.0
2453265.72242 14.632 0.002 4.63 423.0
2453267.71125 14.629 0.002 4.72 525.0
2453271.66732 14.623 0.002 5.89 666.0
2453276.71483 14.621 0.002 5.28 964.0
2453277.75362 14.601 0.002 3.95 944.0
2453281.64393 14.637 0.002 4.40 547.0
2453283.64540 14.630 0.002 3.67 478.0
2453287.61161 14.630 0.002 5.46 487.0
2453293.59946 14.622 0.002 9.99 0.0
2453295.61825 14.621 0.002 4.48 368.0
2453297.60003 14.612 0.002 4.13 454.0
2453299.65638 14.613 0.001 3.66 558.0
2453303.69287 14.632 0.002 4.11 912.0
2453306.62541 14.606 0.002 3.80 556.0
2453308.61315 14.617 0.002 5.00 1084.0
2453310.61228 14.627 0.002 4.01 896.0
2453312.65632 14.618 0.002 4.21 798.0
2453320.60497 14.624 0.002 4.18 652.0
2453323.54845 14.621 0.002 4.55 607.0
2453327.55993 14.624 0.002 4.61 627.0
2453330.55418 14.614 0.002 4.51 863.0
2453335.59899 14.615 0.002 4.80 1064.0
2453338.60260 14.622 0.002 3.74 738.0
2453349.59890 14.624 0.002 4.89 459.0
2453353.57801 14.627 0.002 5.50 556.0
2453359.55452 14.611 0.002 5.18 721.0
2453367.62118 14.630 0.002 3.92 920.0
2453372.55193 14.618 0.002 5.05 585.0
2453378.59816 14.611 0.002 5.31 636.0
2453390.57818 14.631 0.002 6.35 671.0
2453402.54833 14.624 0.002 5.43 443.0
2453547.91789 14.672 0.002 3.98 784.0
2453560.94825 14.663 0.002 3.60 1110.0
2453564.91042 14.677 0.002 4.44 376.0
2453568.84127 14.653 0.002 4.38 668.0
2453570.78198 14.665 0.002 6.50 879.0
2453571.80432 14.680 0.003 6.47 980.0
2453573.84180 14.674 0.002 4.81 935.0
2453574.88082 14.666 0.002 4.58 719.0
2453577.83947 14.668 0.002 5.19 497.0
2453578.89804 14.665 0.002 3.71 593.0
2453579.80287 14.670 0.002 4.92 423.0
2453581.84782 14.682 0.002 4.81 813.0
2453581.87054 14.681 0.002 4.22 1078.0
2453582.83269 14.677 0.002 5.64 650.0
2453583.83713 14.676 0.002 5.05 584.0
2453584.80884 14.670 0.002 5.19 437.0
2453586.81146 14.669 0.002 3.66 467.0
2453588.82936 14.665 0.002 4.33 576.0
2453589.82217 14.670 0.002 4.47 539.0
2453591.87696 14.664 0.002 2.97 611.0
2453593.81453 14.674 0.002 4.58 825.0
2453601.81260 14.668 0.002 4.31 987.0
2453607.81804 14.671 0.002 5.31 337.0
2453614.78944 14.671 0.002 3.89 287.0
2453617.76894 14.675 0.002 4.19 352.0
2453619.70186 14.671 0.002 4.61 511.0
2453621.72033 14.673 0.002 4.98 424.0
2453624.86862 14.691 0.002 6.33 573.0
2453626.71801 14.680 0.002 5.24 541.0
2453629.67159 14.677 0.002 5.18 1000.0
2453631.73398 14.687 0.002 4.76 1023.0
2453633.71023 14.692 0.002 5.76 814.0
2453639.70330 14.674 0.002 3.05 470.0
2453641.69985 14.695 0.002 6.19 337.0
2453643.72422 14.687 0.002 4.72 342.0
2453646.65916 14.712 0.002 6.21 461.0
2453650.66243 14.693 0.002 5.92 535.0
2453650.68648 14.695 0.002 5.12 495.0
2453651.73641 14.672 0.002 4.00 575.0
2453653.73257 14.697 0.002 4.35 538.0
2453655.69874 14.693 0.002 3.58 627.0
2453657.64953 14.709 0.002 4.22 715.0
2453658.65396 14.706 0.002 4.72 665.0
2453659.64199 14.707 0.002 4.59 1021.0
2453660.67214 14.708 0.002 4.38 1115.0
2453663.56363 14.723 0.003 6.29 863.0
2453665.63720 14.724 0.002 5.43 606.0
2453668.57565 14.715 0.002 4.82 525.0
2453669.70650 14.711 0.002 6.41 518.0
2453671.63255 14.718 0.002 5.11 504.0
2453673.67741 14.712 0.003 5.52 631.0
2453675.66199 14.728 0.002 4.49 613.0
2453681.63331 14.726 0.002 6.40 949.0
2453683.65130 14.731 0.002 4.06 722.0
2453685.65646 14.723 0.002 3.41 897.0
2453687.65509 14.740 0.002 4.27 865.0
2453689.60351 14.741 0.002 4.25 931.0
2453692.57931 14.742 0.002 4.53 842.0
2453694.56330 14.755 0.002 5.84 670.0
2453696.56381 14.755 0.002 3.80 533.0
2453698.59749 14.744 0.002 5.54 655.0
2453702.58773 14.756 0.002 5.15 672.0
2453704.59399 14.753 0.002 4.13 632.0
2453706.61444 14.759 0.002 3.69 555.0
2453711.59390 14.752 0.003 5.91 560.0
2453714.52763 14.762 0.003 5.35 1211.0
2453718.60816 14.763 0.003 5.88 924.0
2453726.58727 14.766 0.002 5.42 473.0
2453728.56038 14.756 0.002 4.78 683.0
2453737.57951 14.742 0.002 4.38 601.0
2453742.53814 14.750 0.003 6.24 1149.0
2453746.56340 14.754 0.003 5.02 1481.0
2453751.54328 14.758 0.003 5.80 1240.0
2453756.55603 14.779 0.002 6.27 549.0
2453761.60627 14.758 0.002 5.44 547.0
2453766.53109 14.787 0.002 4.54 914.0
2453772.55392 14.809 0.002 5.35 592.0
2453776.55397 14.822 0.002 5.00 811.0
2453871.87986 14.916 0.003 6.22 1272.0
2453901.94239 14.981 0.003 4.40 1165.0
2453913.91962 15.013 0.002 3.99 559.0
2453931.91846 14.971 0.002 4.06 948.0
2453934.86150 14.978 0.002 3.82 672.0
2453936.86968 14.990 0.003 4.53 541.0
2453938.85371 14.988 0.003 6.03 539.0
2453944.90109 15.021 0.002 4.17 688.0
2453946.86923 15.025 0.002 4.60 440.0
2453951.88858 15.011 0.002 4.19 585.0
2453955.85373 15.020 0.003 6.61 818.0
2453958.83324 15.029 0.003 6.17 869.0
2453963.82712 15.025 0.003 6.22 881.0
2453965.81899 15.037 0.002 3.39 397.0
2453967.83884 15.077 0.002 4.74 378.0
2453971.78068 15.045 0.002 4.26 378.0
2453979.73780 15.097 0.003 6.72 309.0
2453980.62114 15.085 0.003 5.91 797.0
2453981.64740 15.081 0.002 4.16 590.0
2453983.83774 15.094 0.003 4.75 715.0
2453987.78626 15.079 0.003 4.30 676.0
2453990.79361 15.063 0.002 4.18 535.0
2453993.73842 15.082 0.003 5.05 532.0
2453995.74370 15.091 0.003 4.89 369.0
2454002.72511 15.077 0.002 3.89 487.0
2454004.67688 15.076 0.002 4.56 483.0
2454006.70313 15.037 0.002 3.64 521.0
2454007.56650 15.035 0.002 4.11 791.0
2454008.57543 15.035 0.002 4.75 524.0
2454009.74377 15.062 0.003 6.68 361.0
2454013.70198 15.081 0.003 4.29 847.0
2454015.68427 15.069 0.004 4.99 4100.0
2454015.70052 15.069 0.003 4.90 1761.0
2454018.69968 15.097 0.003 4.49 683.0
2454019.68825 15.091 0.003 5.09 799.0
2454021.68072 15.085 0.002 4.37 440.0
2454024.65421 15.085 0.003 5.09 391.0
2454026.63309 15.101 0.002 4.64 510.0
2454028.62905 15.097 0.002 4.38 382.0
2454030.64160 15.102 0.003 5.72 396.0
2454032.69370 15.055 0.003 6.07 602.0
2454039.60781 15.044 0.002 4.80 439.0
2454041.60735 15.014 0.003 5.61 844.0
2454043.59306 15.016 0.003 5.03 1030.0
2454046.60238 14.997 0.002 4.31 829.0
2454048.56830 15.005 0.003 5.87 740.0
2454050.61040 14.986 0.002 3.49 803.0
2454052.56249 14.992 0.002 5.14 472.0
2454054.61667 14.999 0.003 4.84 643.0
2454056.58875 15.010 0.003 7.10 539.0
2454060.52114 15.001 0.003 5.68 681.0
2454064.51877 14.992 0.002 3.86 766.0
2454066.56024 15.005 0.002 4.54 460.0
2454069.51861 15.024 0.003 5.17 1237.0
2454073.60218 15.027 0.003 5.06 965.0
2454077.52552 15.008 0.003 4.75 822.0
2454079.52747 15.030 0.003 5.93 914.0
2454082.52740 15.021 0.003 5.40 936.0
2454085.56513 15.049 0.002 4.37 692.0
2454096.58713 15.068 0.003 4.88 667.0
2454100.58992 15.053 0.003 5.41 761.0
2454105.55771 15.078 0.003 5.11 657.0
2454113.61185 15.100 0.003 5.41 524.0
2454120.58269 15.071 0.003 5.28 507.0
2454126.58051 15.075 0.003 6.29 770.0
2454252.92975 15.223 0.004 4.45 1489.0
2454255.84907 15.246 0.004 5.42 1291.0
2454268.90236 15.236 0.004 4.83 895.0
2454275.92451 15.248 0.004 4.61 994.0
2454279.80223 15.263 0.005 5.99 2215.0
2454282.81273 15.255 0.004 4.46 1142.0
2454283.86567 15.258 0.004 4.09 1378.0
2454285.92000 15.263 0.004 4.45 941.0
2454291.94079 15.267 0.004 5.27 1005.0
2454292.85932 15.245 0.003 3.61 671.0
2454295.86335 15.249 0.003 3.81 626.0
2454297.92597 15.257 0.003 4.89 421.0
2454299.86081 15.266 0.003 4.57 417.0
2454301.90029 15.228 0.003 4.02 310.0
2454302.92192 15.254 0.004 5.22 620.0
2454307.90082 15.234 0.003 3.63 522.0
2454308.66197 15.197 0.003 4.52 936.0
2454308.86997 15.251 0.003 4.09 709.0
2454312.90373 15.219 0.003 3.39 645.0
2454314.92320 15.204 0.004 5.71 784.0
2454319.86692 15.220 0.004 6.51 499.0
2454320.89381 15.220 0.004 5.66 641.0
2454326.83769 15.210 0.003 4.49 626.0
2454327.81618 15.213 0.004 6.43 754.0
2454329.83410 15.195 0.003 4.10 867.0
2454338.90427 15.209 0.004 4.96 1171.0
2454341.77191 15.190 0.003 4.32 1185.0
2454342.82779 15.185 0.004 4.80 1374.0
2454343.76542 15.184 0.003 4.55 764.0
2454344.74756 15.167 0.003 4.85 753.0
2454345.79352 15.176 0.003 4.34 737.0
2454347.78245 15.146 0.003 4.06 718.0
2454349.79565 15.146 0.003 4.69 591.0
2454351.82288 15.137 0.003 6.28 368.0
2454353.75595 15.121 0.003 6.34 482.0
2454359.70276 15.134 0.003 4.47 604.0
2454361.70532 15.150 0.003 5.72 662.0
2454362.72805 15.124 0.003 5.44 500.0
2454364.58709 15.150 0.004 6.56 905.0
2454367.68460 15.161 0.003 5.36 924.0
2454372.73970 15.113 0.003 3.77 677.0
2454378.62167 15.081 0.003 5.51 563.0
2454379.64964 15.090 0.003 6.36 788.0
2454380.76248 15.071 0.003 4.27 745.0
2454382.68995 15.074 0.003 5.07 469.0
2454386.66500 15.027 0.003 5.67 415.0
2454393.64827 15.022 0.003 4.62 689.0
2454395.68313 15.021 0.003 4.84 919.0
2454398.64858 15.015 0.003 3.83 1145.0
2454400.67145 15.024 0.003 4.95 879.0
2454403.69725 15.010 0.003 5.09 768.0
2454407.63733 15.003 0.004 5.83 556.0
2454408.68352 15.003 0.003 5.03 740.0
2454410.70644 14.989 0.003 4.51 883.0
2454415.69059 15.015 0.003 4.37 915.0
2454422.65845 15.023 0.003 4.55 654.0
2454429.56815 14.998 0.004 6.35 1289.0
2454437.65585 15.011 0.003 5.73 1032.0
2454439.56769 15.013 0.003 5.83 697.0
2454443.59425 14.999 0.003 6.47 544.0
2454449.64828 15.001 0.003 4.86 586.0
2454451.60341 15.011 0.003 4.74 662.0
2454453.58538 15.009 0.003 5.35 869.0
2454456.58680 14.999 0.003 5.36 1125.0
2454459.53933 14.987 0.003 5.34 887.0
2454464.54257 14.973 0.003 5.73 602.0
2454464.57900 14.976 0.003 5.03 441.0
2454464.59443 14.977 0.003 5.75 491.0
2454465.59436 14.960 0.003 4.70 816.0
2454466.56666 14.966 0.003 4.94 708.0
2454466.59627 14.968 0.003 4.98 709.0
2454467.56304 14.967 0.003 6.46 613.0
2454468.62316 14.944 0.003 4.75 624.0
2454469.57113 14.950 0.003 7.14 484.0
2454469.58202 14.942 0.003 6.16 473.0
2454469.60822 14.945 0.003 5.50 537.0
2454470.54760 14.937 0.003 5.53 806.0
2454470.56385 14.936 0.003 5.53 852.0
2454471.53571 14.930 0.003 5.14 1018.0
2454472.54790 14.932 0.003 4.71 688.0
2454472.56954 14.925 0.003 4.49 677.0
2454474.60034 14.945 0.003 6.94 950.0
2454476.57848 14.932 0.003 5.43 529.0
2454479.60329 14.943 0.003 5.97 842.0
2454481.58796 14.937 0.003 5.47 778.0
2454487.62618 14.938 0.004 5.77 1857.0
2454609.89945 14.692 0.002 4.55 1143.0
2454643.88417 14.636 0.003 6.15 603.0
2454649.93437 14.615 0.002 4.54 971.0
2454655.94586 14.616 0.002 3.85 1119.0
2454661.89753 14.620 0.002 4.39 707.0
2454662.78023 14.613 0.002 3.78 859.0
2454662.89717 14.618 0.002 3.78 729.0
2454663.75193 14.623 0.002 4.39 1034.0
2454663.93583 14.608 0.002 5.08 1116.0
2454665.91883 14.607 0.002 4.75 1321.0
2454666.91270 14.602 0.002 5.14 958.0
2454670.90713 14.598 0.002 4.28 840.0
2454671.82138 14.611 0.003 5.31 653.0
2454672.88111 14.595 0.002 4.46 693.0
2454675.89873 14.594 0.002 4.54 794.0
2454683.87371 14.586 0.002 4.13 528.0
2454685.85982 14.584 0.002 4.67 665.0
2454688.81121 14.581 0.002 3.91 610.0
2454690.73673 14.582 0.002 5.28 419.0
2454693.89470 14.572 0.002 5.29 1102.0
2454696.84464 14.568 0.003 6.59 847.0
2454698.75645 14.569 0.002 4.25 432.0
2454699.75045 14.575 0.002 5.11 551.0
2454700.78795 14.571 0.002 4.23 549.0
2454701.79316 14.577 0.002 6.09 439.0
2454702.85331 14.565 0.002 5.47 593.0
2454703.75236 14.565 0.002 5.28 445.0
2454704.77121 14.567 0.002 5.08 330.0
2454705.77846 14.575 0.002 6.44 421.0
2454707.77113 14.560 0.002 3.89 381.0
2454708.83935 14.557 0.002 4.02 430.0
2454710.75536 14.558 0.002 5.78 425.0
2454716.75687 14.561 0.002 5.04 400.0
2454719.74902 14.555 0.002 4.07 1429.0
2454721.73799 14.556 0.002 5.73 1949.0
2454724.76768 14.540 0.002 3.77 983.0
2454726.66336 14.559 0.003 6.92 666.0
2454729.67438 14.541 0.002 6.33 575.0
2454731.72747 14.548 0.002 4.99 342.0
2454731.76460 14.540 0.002 4.42 345.0
2454733.70945 14.545 0.002 5.22 431.0
2454733.80495 14.548 0.002 5.23 531.0
2454734.66637 14.546 0.002 5.11 370.0
2454734.74691 14.539 0.002 4.24 406.0
2454736.67069 14.540 0.003 6.57 483.0
2454737.77794 14.533 0.002 6.50 482.0
2454738.75240 14.546 0.002 6.45 492.0
2454739.65299 14.545 0.002 6.76 468.0
2454741.72755 14.530 0.002 3.86 359.0
2454747.59416 14.536 0.002 4.49 670.0
2454749.59377 14.537 0.002 5.75 813.0
2454753.66287 14.526 0.002 4.99 862.0
2454755.65682 14.523 0.002 3.65 726.0
2454757.64128 14.520 0.002 3.47 737.0
2454759.65387 14.513 0.002 4.12 570.0
2454761.62416 14.520 0.002 3.76 337.0
2454763.63679 14.523 0.002 6.14 518.0
2454766.60499 14.523 0.002 6.34 700.0
2454769.64307 14.529 0.002 6.76 637.0
2454772.59926 14.515 0.002 4.53 569.0
2454772.67595 14.509 0.002 4.85 601.0
2454773.56342 14.508 0.002 4.09 637.0
2454773.67897 14.500 0.002 5.12 584.0
2454774.53234 14.507 0.002 4.69 808.0
2454774.65539 14.507 0.002 4.89 726.0
2454775.66582 14.519 0.002 6.05 796.0
2454776.54130 14.512 0.002 5.35 992.0
2454777.59955 14.508 0.002 4.82 745.0
2454779.63515 14.498 0.002 4.36 896.0
2454781.58504 14.507 0.002 4.13 881.0
2454785.59977 14.510 0.002 5.70 811.0
2454787.55613 14.501 0.002 5.29 1937.0
2454789.53519 14.506 0.002 5.70 707.0
2454791.61568 14.488 0.002 4.45 509.0
2454793.51981 14.492 0.002 4.69 1011.0
2454795.53687 14.490 0.002 3.81 618.0
2454797.52907 14.503 0.002 4.74 677.0
2454798.59236 14.509 0.002 6.66 692.0
2454800.63966 14.490 0.002 4.04 906.0
2454803.53098 14.504 0.002 5.09 855.0
2454804.58117 14.492 0.002 5.56 910.0
2454805.54289 14.498 0.002 5.17 672.0
2454806.59018 14.499 0.002 5.08 582.0
2454806.62668 14.494 0.002 5.67 678.0
2454807.54336 14.505 0.002 6.70 793.0
2454807.60545 14.505 0.002 6.63 870.0
2454808.54841 14.487 0.002 5.28 902.0
2454808.61620 14.488 0.002 4.92 819.0
2454809.55051 14.496 0.002 4.80 727.0
2454809.63039 14.484 0.002 4.71 797.0
2454810.55883 14.484 0.002 4.72 912.0
2454811.56374 14.480 0.002 4.97 988.0
2454812.58976 14.492 0.003 8.83 1058.0
2454812.63156 14.481 0.003 7.28 1195.0
2454813.59818 14.480 0.002 4.74 1059.0
2454815.57433 14.472 0.002 5.57 860.0
2454817.59084 14.478 0.002 4.13 711.0
2454819.59045 14.464 0.002 5.23 541.0
2454821.63235 14.467 0.002 5.19 406.0
2454823.53713 14.476 0.002 6.56 672.0
2454823.59314 14.469 0.002 5.39 520.0
2454824.62841 14.476 0.002 5.85 690.0
2454825.56977 14.486 0.002 6.35 567.0
2454825.62160 14.479 0.002 5.72 558.0
2454826.58470 14.478 0.002 6.04 603.0
2454832.59470 14.481 0.002 6.20 585.0
2454839.59804 14.482 0.002 5.72 821.0
2454842.56509 14.471 0.002 4.88 1233.0
2454844.57356 14.459 0.002 4.34 783.0
2454847.62986 14.445 0.002 6.02 1515.0
2454849.58972 14.454 0.002 4.74 600.0
2454853.58713 14.448 0.002 5.69 611.0
2454856.58110 14.456 0.002 5.05 585.0
2454865.55420 14.441 0.002 4.53 950.0
2454935.92066 14.419 0.002 3.66 2446.0
2454937.92098 14.414 0.002 3.79 2170.0
2454940.92254 14.417 0.002 4.04 1653.0
2454952.92202 14.411 0.002 4.98 1063.0
