2452086.89212 16.870 0.012 6.35 898.0
2452103.89894 16.755 0.007 4.15 571.0
2452105.92907 16.826 0.009 5.65 593.0
2452106.89468 16.806 0.009 5.43 665.0
2452112.84706 16.817 0.008 6.10 514.0
2452114.82886 16.798 0.010 7.29 653.0
2452116.87482 16.786 0.008 5.86 447.0
2452122.81416 16.776 0.016 2.57 3301.0
2452123.82175 16.811 0.009 4.93 994.0
2452124.84219 16.857 0.012 5.61 1356.0
2452127.83834 16.849 0.016 1.88 1221.0
2452128.82925 16.842 0.010 5.62 1068.0
2452129.86123 16.845 0.009 5.00 924.0
2452130.84761 16.842 0.009 4.88 1000.0
2452131.84169 16.845 0.010 5.65 714.0
2452132.81000 16.833 0.010 6.13 684.0
2452133.89832 16.773 0.011 6.62 906.0
2452134.81376 16.666 0.010 7.92 667.0
2452135.84783 16.572 0.008 5.67 930.0
2452137.89546 16.594 0.009 5.87 924.0
2452140.81508 16.687 0.008 6.23 569.0
2452141.85237 16.695 0.012 7.95 966.0
2452142.75544 16.681 0.008 5.36 628.0
2452143.82093 16.673 0.007 4.64 754.0
2452144.82762 16.718 0.007 3.82 604.0
2452155.88236 16.811 0.012 6.32 1138.0
2452156.82895 16.810 0.010 6.02 760.0
2452160.75833 16.822 0.010 1.93 479.0
2452162.76516 16.810 0.008 6.09 402.0
2452165.74749 16.840 0.010 8.12 454.0
2452166.75976 16.826 0.008 5.27 412.0
2452167.76821 16.799 0.008 5.35 542.0
2452168.71739 16.838 0.009 7.01 402.0
2452169.72368 16.828 0.012 8.18 558.0
2452171.74329 16.842 0.008 5.23 534.0
2452172.74992 16.841 0.009 4.72 693.0
2452177.64342 16.860 0.009 6.23 580.0
2452178.68076 16.854 0.013 1.59 535.0
2452183.70285 16.605 0.012 1.56 930.0
2452184.70505 16.665 0.009 6.11 852.0
2452185.66858 16.664 0.009 5.57 864.0
2452186.69341 16.703 0.011 7.12 878.0
2452187.68858 16.708 0.009 6.04 907.0
2452190.69514 16.720 0.008 5.61 672.0
2452192.66667 16.722 0.007 4.41 467.0
2452193.68773 16.770 0.007 4.02 559.0
2452194.65785 16.745 0.008 4.68 554.0
2452203.55431 16.779 0.009 5.89 686.0
2452206.61061 16.802 0.012 6.94 932.0
2452211.64470 16.775 0.008 5.19 835.0
2452212.64853 16.790 0.009 5.27 969.0
2452213.65435 16.763 0.009 4.84 1084.0
2452214.64555 16.792 0.010 5.35 1075.0
2452215.65251 16.780 0.009 4.10 1053.0
2452217.63922 16.795 0.010 5.32 1162.0
2452219.68209 16.795 0.010 5.82 802.0
2452222.73065 16.819 0.010 6.61 643.0
2452224.71696 16.831 0.008 5.18 738.0
2452226.63985 16.680 0.010 7.61 734.0
2452228.56173 16.556 0.008 5.94 690.0
2452229.62000 16.536 0.010 7.34 786.0
2452231.64666 16.658 0.009 5.46 762.0
2452232.51339 16.644 0.010 5.96 1153.0
2452233.61680 16.672 0.008 4.43 887.0
2452235.66692 16.643 0.007 4.96 684.0
2452238.55046 16.728 0.009 6.04 748.0
2452240.65476 16.778 0.009 5.01 895.0
2452242.62229 16.759 0.011 6.42 1046.0
2452248.61159 16.770 0.007 4.39 587.0
2452250.58026 16.773 0.008 4.34 836.0
2452253.57389 16.759 0.008 4.65 653.0
2452255.61054 16.780 0.009 5.93 671.0
2452258.57683 16.756 0.007 4.84 780.0
2452263.58757 16.817 0.008 5.53 520.0
2452266.56354 16.797 0.010 5.20 1120.0
2452271.56792 16.773 0.008 4.39 1035.0
2452273.56725 16.575 0.010 5.81 1221.0
2452275.60218 16.550 0.008 4.37 984.0
2452276.56174 16.592 0.010 6.24 956.0
2452278.59433 16.677 0.009 5.08 831.0
2452280.59016 16.680 0.009 5.72 859.0
2452284.59304 16.736 0.009 5.26 788.0
2452290.60701 16.765 0.009 5.16 872.0
2452293.56930 16.785 0.010 6.17 809.0
2452295.56208 16.741 0.009 5.79 745.0
2452297.56538 16.776 0.011 6.25 887.0
2452299.56448 16.758 0.011 6.38 908.0
2452301.55676 16.719 0.010 6.10 876.0
2452304.55566 16.840 0.019 9.99 0.0
2452445.91531 16.776 0.010 5.42 1149.0
2452460.88253 16.620 0.011 7.10 988.0
2452463.91886 16.648 0.008 4.64 1077.0
2452465.93162 16.697 0.008 4.86 689.0
2452467.90462 16.700 0.008 5.86 522.0
2452469.90399 16.734 0.008 4.11 706.0
2452471.89345 16.744 0.009 5.74 694.0
2452472.92292 16.763 0.007 4.76 646.0
2452473.89484 16.754 0.008 4.90 683.0
2452481.90712 16.790 0.011 5.48 1174.0
2452483.89236 16.741 0.007 4.03 671.0
2452486.88935 16.763 0.010 6.10 804.0
2452488.88159 16.784 0.011 6.95 746.0
2452489.92672 16.757 0.009 6.29 712.0
2452492.90709 16.786 0.010 5.86 685.0
2452495.89710 16.811 0.008 6.08 750.0
2452496.90682 16.787 0.008 3.79 1157.0
2452497.93022 16.816 0.009 4.22 1202.0
2452498.77750 16.828 0.009 4.92 812.0
2452499.86311 16.813 0.008 4.37 720.0
2452500.86864 16.775 0.008 3.90 968.0
2452501.85763 16.728 0.008 3.87 813.0
2452502.83783 16.682 0.009 5.62 833.0
2452508.74912 16.661 0.012 6.27 1703.0
2452516.78041 16.713 0.009 5.51 949.0
2452517.82715 16.730 0.009 4.48 915.0
2452518.79856 16.733 0.009 6.38 552.0
2452519.83550 16.736 0.008 3.76 896.0
2452520.79487 16.727 0.009 5.14 760.0
2452521.82700 16.730 0.007 4.35 564.0
2452524.82526 16.765 0.011 6.70 788.0
2452526.78146 16.730 0.007 4.67 385.0
2452534.83784 16.774 0.009 5.54 849.0
2452535.81805 16.773 0.009 4.57 877.0
2452537.70582 16.778 0.011 6.50 945.0
2452538.80180 16.786 0.010 5.08 1091.0
2452539.70530 16.756 0.009 4.77 1031.0
2452540.74648 16.785 0.013 7.54 872.0
2452541.71721 16.777 0.008 3.87 794.0
2452542.68700 16.780 0.008 4.96 636.0
2452544.66584 16.814 0.009 5.65 469.0
2452545.68057 16.805 0.008 4.75 606.0
2452547.69857 16.741 0.009 5.43 603.0
2452548.71532 16.663 0.007 4.22 587.0
2452550.71045 16.525 0.008 6.45 515.0
2452552.71316 16.609 0.006 5.28 502.0
2452553.65379 16.653 0.010 7.39 587.0
2452554.70631 16.667 0.008 5.14 554.0
2452555.71424 16.671 0.008 5.16 493.0
2452556.69327 16.649 0.007 4.77 602.0
2452557.70580 16.678 0.007 4.01 494.0
2452558.66229 16.703 0.008 4.63 875.0
2452559.61920 16.698 0.008 5.34 862.0
2452560.65225 16.727 0.008 4.21 739.0
2452561.67780 16.736 0.012 7.71 815.0
2452562.67069 16.722 0.008 4.71 951.0
2452563.67865 16.715 0.008 4.42 877.0
2452564.69400 16.754 0.009 5.09 849.0
2452565.68463 16.761 0.009 5.10 865.0
2452566.66490 16.717 0.008 4.32 946.0
2452568.69589 16.738 0.010 4.51 2102.0
2452571.64887 16.769 0.010 6.23 817.0
2452573.66199 16.743 0.010 5.71 1113.0
2452574.64581 16.744 0.009 5.18 760.0
2452576.65896 16.723 0.010 7.01 589.0
2452577.63269 16.758 0.011 6.31 963.0
2452578.63276 16.775 0.009 5.19 751.0
2452579.63942 16.750 0.009 5.44 864.0
2452580.65155 16.743 0.008 4.06 835.0
2452583.62286 16.775 0.010 5.25 1023.0
2452584.63021 16.781 0.010 5.37 905.0
2452586.62811 16.762 0.008 4.22 864.0
2452587.61212 16.788 0.009 4.14 763.0
2452588.72054 16.800 0.009 4.64 888.0
2452589.60208 16.787 0.009 4.45 991.0
2452590.61722 16.820 0.013 7.79 808.0
2452591.64032 16.820 0.009 4.60 1119.0
2452593.60935 16.721 0.008 3.98 970.0
2452594.61311 16.682 0.011 6.22 977.0
2452596.58865 16.512 0.009 5.74 1083.0
2452597.57581 16.545 0.008 4.23 1857.0
2452598.64966 16.635 0.008 4.31 1369.0
2452599.60914 16.657 0.009 4.88 1299.0
2452607.63035 16.708 0.009 5.48 769.0
2452610.55013 16.752 0.010 5.42 988.0
2452613.54399 16.772 0.009 5.23 786.0
2452615.57285 16.776 0.009 5.83 554.0
2452619.56051 16.787 0.010 6.09 713.0
2452621.56947 16.744 0.008 4.17 909.0
2452625.55207 16.758 0.011 5.95 1021.0
2452628.54520 16.767 0.013 6.79 1149.0
2452632.55162 16.786 0.008 5.43 611.0
2452636.54702 16.843 0.011 6.28 734.0
2452639.54727 16.766 0.008 4.82 666.0
2452642.55626 16.546 0.009 5.54 983.0
2452646.56883 16.668 0.008 4.60 1150.0
2452651.54112 16.744 0.011 5.67 1138.0
2452654.55866 16.702 0.010 5.50 949.0
2452657.56154 16.736 0.009 4.82 1121.0
2452660.55731 16.765 0.009 4.69 885.0
2452663.56899 16.787 0.011 7.48 691.0
2452671.55497 16.783 0.009 5.42 662.0
2452673.56676 16.803 0.011 6.50 819.0
2452676.52813 16.818 0.011 5.46 1081.0
2452679.54150 16.823 0.009 4.34 894.0
2452682.54404 16.864 0.013 9.99 0.0
2452777.90653 16.730 0.011 5.81 1295.0
2452804.87353 16.802 0.011 4.31 2352.0
2452805.85041 16.802 0.015 8.01 1311.0
2452811.90798 16.858 0.012 5.99 1291.0
2452814.94365 16.828 0.010 4.06 1110.0
2452817.93020 16.830 0.011 4.98 1240.0
2452825.91031 16.605 0.008 5.99 861.0
2452830.90730 16.762 0.012 9.99 0.0
2452831.78504 16.709 0.010 4.93 1735.0
2452832.75103 16.721 0.010 5.31 1198.0
2452832.92898 16.746 0.008 3.74 1159.0
2452833.86895 16.782 0.011 5.50 1326.0
2452835.87758 16.746 0.009 4.07 1246.0
2452837.87866 16.689 0.012 6.38 1270.0
2452838.93584 16.651 0.010 6.09 1026.0
2452840.82858 16.743 0.009 4.91 905.0
2452843.83003 16.834 0.009 4.81 839.0
2452844.87583 16.825 0.009 4.45 798.0
2452845.92182 16.831 0.010 6.14 676.0
2452849.85927 16.840 0.009 5.22 847.0
2452850.89202 16.790 0.010 5.70 691.0
2452851.93559 16.796 0.010 4.98 1032.0
2452852.80626 16.806 0.010 5.52 945.0
2452853.94568 16.771 0.013 4.33 3549.0
2452854.83200 16.843 0.011 6.24 684.0
2452856.81895 16.844 0.011 6.03 947.0
2452858.91300 16.859 0.008 4.22 710.0
2452860.87899 16.803 0.008 4.39 763.0
2452861.75017 16.800 0.008 4.03 825.0
2452862.92917 16.811 0.010 4.71 1127.0
2452863.83841 16.822 0.012 5.76 1459.0
2452865.83527 16.839 0.009 3.46 1389.0
2452866.88493 16.802 0.010 5.62 918.0
2452867.82496 16.779 0.008 4.29 769.0
2452868.77261 16.829 0.009 4.82 767.0
2452869.90560 16.725 0.008 4.45 840.0
2452870.81920 16.653 0.007 3.93 792.0
2452871.86213 16.583 0.008 4.38 937.0
2452875.80850 16.729 0.009 5.48 700.0
2452876.77940 16.704 0.008 4.92 616.0
2452879.74292 16.759 0.008 4.58 460.0
2452883.82909 16.718 0.007 3.56 685.0
2452885.76388 16.734 0.007 4.89 385.0
2452888.81219 16.796 0.010 6.09 746.0
2452892.80358 16.821 0.012 6.08 951.0
2452894.73275 16.829 0.010 5.24 864.0
2452896.72983 16.829 0.009 5.28 564.0
2452898.75079 16.811 0.008 4.20 821.0
2452900.74966 16.849 0.008 3.99 505.0
2452902.74918 16.837 0.008 3.75 601.0
2452905.75637 16.842 0.009 5.30 502.0
2452907.75776 16.842 0.008 4.32 442.0
2452909.74687 16.826 0.006 4.90 361.0
2452911.73824 16.809 0.007 3.42 416.0
2452915.70971 16.739 0.008 3.64 600.0
2452917.73582 16.643 0.007 3.25 766.0
2452921.73358 16.685 0.008 4.54 906.0
2452923.75551 16.757 0.009 4.75 1008.0
2452925.71850 16.805 0.008 3.96 751.0
2452927.71599 16.780 0.009 4.70 900.0
2452930.73409 16.696 0.008 5.25 671.0
2452932.74060 16.755 0.008 4.39 826.0
2452934.72040 16.756 0.008 3.94 666.0
2452937.64443 16.840 0.009 5.15 760.0
2452939.69708 16.854 0.009 4.51 714.0
2452940.63717 16.837 0.007 3.56 503.0
2452941.68702 16.848 0.008 3.80 601.0
2452942.63717 16.880 0.009 3.97 691.0
2452943.60836 16.821 0.010 5.24 874.0
2452944.59297 16.768 0.009 4.58 841.0
2452945.60974 16.829 0.014 6.78 1381.0
2452947.61923 16.841 0.009 4.55 760.0
2452949.60053 16.860 0.009 3.88 1079.0
2452950.64530 16.808 0.008 3.45 1067.0
2452951.63247 16.859 0.010 3.76 1307.0
2452952.66138 16.818 0.009 4.19 1121.0
2452954.68631 16.816 0.011 5.39 1120.0
2452956.63229 16.780 0.007 3.55 569.0
2452958.62669 16.833 0.010 5.61 653.0
2452961.59780 16.783 0.012 6.75 889.0
2452965.63620 16.596 0.007 5.19 591.0
2452968.59754 16.718 0.009 4.33 919.0
2452970.61679 16.773 0.009 5.02 726.0
2452972.60128 16.799 0.009 5.08 737.0
2452974.60201 16.819 0.009 4.38 690.0
2452976.55172 16.679 0.008 4.63 836.0
2452978.57781 16.770 0.009 5.00 920.0
2452980.59466 16.838 0.011 6.01 851.0
2452982.53987 16.836 0.009 4.21 1008.0
2452984.63077 16.882 0.010 4.61 859.0
2452986.64088 16.846 0.010 4.89 787.0
2452988.53325 16.829 0.011 5.94 840.0
2452991.60632 16.839 0.009 5.62 466.0
2452994.58863 16.901 0.009 5.15 594.0
2452997.56080 16.888 0.008 4.06 576.0
2453001.57728 16.847 0.009 4.37 724.0
2453005.53533 16.836 0.011 5.03 1301.0
2453008.56164 16.768 0.011 6.55 795.0
2453011.56503 16.648 0.009 5.41 994.0
2453016.59169 16.790 0.010 5.47 862.0
2453018.57813 16.824 0.010 6.44 540.0
2453020.60619 16.825 0.009 5.88 575.0
2453021.61901 16.788 0.007 4.59 400.0
2453023.57491 16.744 0.008 4.73 518.0
2453025.57339 16.805 0.009 5.36 565.0
2453027.60691 16.785 0.008 4.97 618.0
2453029.57880 16.857 0.009 5.03 643.0
2453031.58336 16.867 0.008 5.15 513.0
2453033.58571 16.852 0.009 4.77 712.0
2453037.53274 16.820 0.009 4.14 1192.0
2453164.93313 16.783 0.009 5.66 718.0
2453177.92092 16.914 0.010 5.92 829.0
2453183.91512 16.856 0.008 4.62 634.0
2453193.88290 16.683 0.008 4.84 1176.0
2453195.94210 16.600 0.007 3.71 901.0
2453197.91757 16.718 0.008 4.81 825.0
2453201.87501 16.738 0.007 5.23 651.0
2453203.88297 16.793 0.007 3.50 604.0
2453206.82083 16.786 0.009 6.43 487.0
2453210.89688 16.784 0.008 5.00 580.0
2453211.88828 16.803 0.008 5.99 477.0
2453215.66442 16.849 0.011 6.28 1017.0
2453216.73243 16.823 0.011 4.83 1520.0
2453217.93293 16.854 0.010 4.83 1344.0
2453218.91758 16.828 0.013 7.05 1057.0
2453223.83842 16.883 0.010 6.61 561.0
2453226.82868 16.863 0.009 6.10 512.0
2453229.83583 16.868 0.007 4.16 460.0
2453231.81795 16.885 0.011 6.41 786.0
2453239.79634 16.649 0.007 5.88 474.0
2453240.79359 16.597 0.008 7.08 525.0
2453241.81795 16.589 0.007 4.70 692.0
2453242.71728 16.650 0.008 6.24 549.0
2453243.85373 16.717 0.009 6.83 479.0
2453244.83092 16.711 0.008 5.38 740.0
2453245.78006 16.716 0.008 5.80 683.0
2453246.77250 16.743 0.009 6.13 687.0
2453247.76629 16.739 0.008 4.54 885.0
2453249.73097 16.768 0.008 4.94 712.0
2453251.74449 16.753 0.007 4.62 407.0
2453254.73162 16.810 0.007 5.30 340.0
2453257.74804 16.809 0.006 4.34 338.0
2453259.66723 16.825 0.009 7.36 328.0
2453261.70531 16.863 0.007 4.02 392.0
2453263.68801 16.835 0.007 3.55 444.0
2453265.72242 16.818 0.007 4.81 380.0
2453267.71125 16.849 0.006 4.77 481.0
2453269.78767 16.863 0.010 7.00 561.0
2453270.74450 16.887 0.009 5.77 497.0
2453271.66732 16.883 0.009 5.77 609.0
2453272.72452 16.876 0.008 4.28 570.0
2453274.71039 16.864 0.008 4.93 612.0
2453276.71483 16.889 0.010 5.26 882.0
2453277.75362 16.869 0.008 3.71 861.0
2453279.68517 16.866 0.008 4.13 653.0
2453281.64393 16.868 0.007 4.54 500.0
2453283.64540 16.816 0.006 3.92 440.0
2453287.61161 16.622 0.006 5.39 446.0
2453289.62268 16.709 0.007 5.70 478.0
2453293.59946 16.746 0.006 6.45 256.0
2453295.61825 16.806 0.006 4.41 338.0
2453297.60003 16.797 0.006 4.26 417.0
2453299.65638 16.796 0.005 3.62 514.0
2453301.63060 16.758 0.008 5.32 631.0
2453303.69287 16.828 0.008 4.19 834.0
2453306.62541 16.833 0.006 3.91 508.0
2453308.61315 16.860 0.010 5.10 997.0
2453310.61228 16.821 0.008 4.39 823.0
2453312.65632 16.853 0.008 4.61 732.0
2453314.56711 16.824 0.010 6.54 772.0
2453320.60497 16.843 0.007 4.31 597.0
2453323.54845 16.860 0.008 4.61 554.0
2453327.55993 16.857 0.008 4.43 574.0
2453330.55418 16.758 0.008 4.73 791.0
2453335.59899 16.658 0.008 4.79 974.0
2453338.60260 16.715 0.007 3.83 675.0
2453349.59890 16.796 0.007 4.88 417.0
2453353.57801 16.834 0.008 5.51 507.0
2453359.55452 16.828 0.009 5.48 658.0
2453363.56188 16.853 0.009 4.85 819.0
2453367.62118 16.839 0.008 3.72 848.0
2453372.55193 16.836 0.008 5.10 536.0
2453376.53124 16.742 0.008 3.90 1601.0
2453378.59816 16.603 0.007 5.13 581.0
2453386.56462 16.743 0.006 3.56 515.0
2453390.57818 16.686 0.009 6.52 615.0
2453398.55995 16.851 0.008 4.89 629.0
2453402.54833 16.800 0.007 5.66 406.0
2453528.94050 16.619 0.009 4.81 1270.0
2453541.93329 16.729 0.007 4.45 517.0
2453547.91789 16.839 0.007 4.08 739.0
2453554.92610 16.722 0.007 5.41 510.0
2453560.94825 16.605 0.007 3.70 1064.0
2453564.91042 16.583 0.006 4.30 353.0
2453568.84127 16.708 0.007 4.47 628.0
2453570.78198 16.806 0.010 6.58 833.0
2453571.80432 16.783 0.011 7.09 935.0
2453573.84180 16.604 0.007 4.81 896.0
2453574.88082 16.603 0.007 4.60 686.0
2453577.83947 16.673 0.007 5.67 471.0
2453578.89804 16.726 0.006 3.76 555.0
2453579.80287 16.751 0.007 4.90 393.0
2453581.84782 16.807 0.008 4.87 763.0
2453581.87054 16.824 0.008 4.23 1019.0
2453582.83269 16.850 0.009 5.67 610.0
2453583.83713 16.817 0.007 5.07 553.0
2453584.80884 16.850 0.007 5.25 412.0
2453586.81146 16.760 0.006 3.94 443.0
2453588.82936 16.739 0.006 4.38 543.0
2453589.82217 16.772 0.007 4.66 509.0
2453591.87696 16.771 0.006 3.02 577.0
2453593.81453 16.822 0.008 4.66 781.0
2453596.89498 16.825 0.007 4.26 530.0
2453601.81260 16.739 0.008 4.46 954.0
2453607.81804 16.603 0.006 5.29 319.0
2453614.78944 16.760 0.006 3.93 271.0
2453617.76894 16.775 0.006 4.23 332.0
2453619.70186 16.688 0.006 4.74 482.0
2453621.72033 16.658 0.006 5.15 402.0
2453624.86862 16.752 0.009 6.68 542.0
2453626.71801 16.814 0.008 5.24 519.0
2453629.67159 16.824 0.009 5.28 970.0
2453631.73398 16.873 0.009 4.70 993.0
2453633.71023 16.763 0.009 5.57 782.0
2453637.65323 16.872 0.008 5.57 562.0
2453639.70330 16.841 0.006 3.16 447.0
2453641.69985 16.850 0.008 6.16 318.0
2453643.72422 16.788 0.006 4.77 325.0
2453646.65916 16.779 0.008 5.88 439.0
2453650.66243 16.762 0.008 5.84 481.0
2453650.68648 16.754 0.007 5.11 443.0
2453651.73641 16.654 0.006 3.95 520.0
2453653.73257 16.619 0.006 4.08 483.0
2453655.69874 16.540 0.005 3.72 568.0
2453657.64953 16.657 0.007 4.21 642.0
2453658.65396 16.687 0.007 4.76 599.0
2453659.64199 16.706 0.008 4.56 924.0
2453660.67214 16.776 0.008 4.28 1005.0
2453663.56363 16.819 0.011 6.58 780.0
2453665.63720 16.675 0.007 5.39 546.0
2453668.57565 16.746 0.007 4.90 476.0
2453669.70650 16.791 0.008 6.30 467.0
2453671.63255 16.774 0.007 4.84 452.0
2453673.67741 16.831 0.009 5.60 567.0
2453675.66199 16.857 0.008 4.35 552.0
2453681.63331 16.831 0.010 6.38 859.0
2453683.65130 16.824 0.007 3.86 654.0
2453685.65646 16.817 0.007 3.34 810.0
2453687.65509 16.801 0.008 4.37 784.0
2453689.60351 16.803 0.008 4.24 841.0
2453692.57931 16.731 0.008 4.42 763.0
2453694.56330 16.756 0.009 5.66 608.0
2453696.56381 16.709 0.006 4.11 485.0
2453698.59749 16.641 0.007 5.38 595.0
2453700.57842 16.594 0.007 6.15 498.0
2453702.58773 16.540 0.006 4.95 610.0
2453704.59399 16.659 0.006 4.07 572.0
2453706.61444 16.718 0.006 3.62 501.0
2453708.58731 16.799 0.008 5.54 513.0
2453711.59390 16.656 0.008 5.75 559.0
2453714.52763 16.663 0.010 5.37 1209.0
2453718.60816 16.798 0.010 5.77 918.0
2453721.56174 16.798 0.008 3.46 1096.0
2453724.56673 16.771 0.008 4.46 627.0
2453726.58727 16.728 0.008 5.33 466.0
2453728.56038 16.759 0.008 4.71 677.0
2453734.56384 16.789 0.008 5.31 454.0
2453737.57951 16.717 0.007 4.35 592.0
2453742.53814 16.702 0.011 6.40 1137.0
2453746.56340 16.537 0.008 4.50 1462.0
2453751.54328 16.650 0.010 5.54 1228.0
2453756.55603 16.670 0.008 6.42 539.0
2453761.60627 16.693 0.008 5.66 540.0
2453766.53109 16.819 0.008 4.51 898.0
2453772.55392 16.697 0.008 5.26 582.0
2453776.55397 16.767 0.009 4.84 794.0
2453871.87986 16.722 0.011 6.17 1225.0
2453901.94239 16.759 0.008 4.28 1108.0
2453906.94269 16.801 0.008 4.66 650.0
2453913.91962 16.771 0.006 3.83 531.0
2453918.88313 16.785 0.008 5.22 521.0
2453931.91846 16.603 0.007 4.02 903.0
2453934.86150 16.703 0.006 3.89 641.0
2453936.86968 16.764 0.007 4.39 514.0
2453938.85371 16.804 0.008 5.97 513.0
2453944.90109 16.715 0.006 4.34 654.0
2453946.86923 16.733 0.006 4.71 415.0
2453951.88858 16.831 0.007 4.22 551.0
2453955.85373 16.814 0.010 6.36 771.0
2453958.83324 16.806 0.010 6.53 818.0
2453960.83041 16.813 0.007 3.98 747.0
2453963.82712 16.859 0.010 6.12 836.0
2453965.81899 16.790 0.006 3.36 373.0
2453967.83884 16.768 0.006 4.83 357.0
2453969.80449 16.789 0.007 5.33 421.0
2453971.78068 16.747 0.006 4.33 353.0
2453974.78243 16.670 0.007 5.72 389.0
2453979.73780 16.709 0.007 6.90 288.0
2453980.62114 16.744 0.009 6.48 755.0
2453981.64740 16.749 0.006 4.21 553.0
2453983.83774 16.818 0.008 4.89 673.0
2453987.78626 16.706 0.007 4.63 633.0
2453990.79361 16.727 0.006 4.31 502.0
2453993.73842 16.822 0.008 5.20 502.0
2453995.74370 16.845 0.007 4.94 347.0
2453999.75300 16.813 0.007 3.94 448.0
2454002.72511 16.795 0.006 3.98 457.0
2454004.67688 16.811 0.007 4.30 450.0
2454006.70313 16.857 0.006 3.61 490.0
2454007.56650 16.862 0.007 4.34 742.0
2454008.57543 16.855 0.007 4.85 494.0
2454009.74377 16.871 0.008 6.42 333.0
2454013.70198 16.766 0.007 4.29 795.0
2454015.68427 16.810 0.016 5.08 3878.0
2454015.70052 16.794 0.011 4.78 1653.0
2454018.69968 16.764 0.007 4.31 639.0
2454019.68825 16.727 0.008 4.97 749.0
2454021.68072 16.621 0.006 4.40 411.0
2454024.65421 16.674 0.006 5.02 364.0
2454026.63309 16.713 0.006 4.64 478.0
2454028.62905 16.810 0.006 4.40 357.0
2454030.64160 16.822 0.007 5.75 368.0
2454032.69370 16.708 0.008 6.03 563.0
2454037.66988 16.761 0.006 4.22 427.0
2454039.60781 16.822 0.007 4.79 408.0
2454041.60735 16.867 0.009 5.61 790.0
2454043.59306 16.837 0.009 4.92 963.0
2454046.60238 16.818 0.008 4.39 773.0
2454048.56830 16.798 0.009 5.92 695.0
2454050.61040 16.815 0.007 3.43 755.0
2454052.56249 16.817 0.007 5.13 439.0
2454054.61667 16.817 0.008 4.75 597.0
2454056.58875 16.779 0.009 7.81 505.0
2454058.62231 16.766 0.007 4.09 813.0
2454060.52114 16.755 0.008 5.54 637.0
2454064.51877 16.717 0.006 3.82 714.0
2454066.56024 16.613 0.006 4.42 428.0
2454069.51861 16.607 0.008 5.15 1152.0
2454073.60218 16.729 0.008 4.96 902.0
2454077.52552 16.819 0.008 4.71 771.0
2454079.52747 16.676 0.010 6.78 852.0
2454082.52740 16.721 0.008 5.31 873.0
2454085.56513 16.831 0.007 4.36 646.0
2454092.56117 16.851 0.007 4.32 435.0
2454096.58713 16.750 0.008 5.01 622.0
2454100.58992 16.837 0.009 5.39 705.0
2454105.55771 16.778 0.008 5.14 608.0
2454108.53396 16.736 0.007 4.38 855.0
2454113.61185 16.641 0.006 5.40 486.0
2454120.58269 16.784 0.007 5.37 468.0
2454126.58051 16.689 0.009 6.24 715.0
2454252.92975 16.575 0.009 4.35 1465.0
2454255.84907 16.698 0.010 5.50 1271.0
2454268.90236 16.774 0.009 4.78 879.0
2454275.92451 16.866 0.010 4.75 976.0
2454279.80223 16.816 0.016 6.36 2177.0
2454282.81273 16.833 0.010 4.35 1119.0
2454283.86567 16.837 0.010 3.98 1353.0
2454285.92000 16.843 0.010 4.30 924.0
2454291.94079 16.775 0.010 5.34 986.0
2454292.85932 16.740 0.007 3.74 656.0
2454295.86335 16.657 0.007 3.96 613.0
2454296.89311 16.647 0.007 5.20 401.0
2454297.92597 16.629 0.007 4.95 410.0
2454299.86081 16.628 0.007 4.65 406.0
2454300.88229 16.648 0.007 3.16 787.0
2454301.90029 16.724 0.007 4.22 301.0
2454302.92192 16.758 0.009 5.27 606.0
2454307.90082 16.775 0.007 3.61 513.0
2454308.66197 16.724 0.009 4.70 915.0
2454308.86997 16.695 0.008 4.05 692.0
2454310.84231 16.713 0.009 4.08 1088.0
2454311.82986 16.719 0.013 6.30 1467.0
2454312.90373 16.769 0.007 3.30 638.0
2454314.92320 16.769 0.009 5.52 778.0
2454316.82974 16.848 0.009 4.26 991.0
2454319.86692 16.889 0.010 6.35 483.0
2454320.89381 16.912 0.010 5.50 632.0
2454326.83769 16.835 0.008 4.33 620.0
2454327.81618 16.861 0.011 6.50 744.0
2454328.83182 16.857 0.009 4.76 1000.0
2454329.83410 16.875 0.009 4.02 857.0
2454330.86261 16.843 0.008 4.43 449.0
2454333.86389 16.838 0.009 5.10 535.0
2454338.90427 16.792 0.010 4.88 1166.0
2454340.77674 16.712 0.008 3.32 1453.0
2454341.77191 16.676 0.009 4.26 1172.0
2454342.82779 16.624 0.009 4.56 1360.0
2454343.76542 16.628 0.007 4.38 754.0
2454344.74756 16.648 0.008 4.80 744.0
2454345.79352 16.687 0.008 4.30 724.0
2454347.78245 16.734 0.008 4.12 709.0
2454349.79565 16.806 0.009 4.75 580.0
2454351.82288 16.851 0.009 5.95 359.0
2454353.75595 16.741 0.009 6.38 474.0
2454357.70482 16.769 0.009 6.28 443.0
2454359.70276 16.797 0.007 4.40 592.0
2454361.70532 16.848 0.010 5.73 650.0
2454362.72805 16.847 0.009 5.38 491.0
2454364.58709 16.864 0.012 6.54 889.0
2454367.68460 16.902 0.010 5.19 909.0
2454370.67626 16.863 0.010 4.35 1157.0
2454372.73970 16.869 0.008 3.80 664.0
2454376.65508 16.889 0.009 5.72 467.0
2454378.62167 16.882 0.009 5.41 552.0
2454379.64964 16.871 0.011 6.42 776.0
2454380.76248 16.849 0.008 4.23 734.0
2454382.68995 16.816 0.008 5.02 461.0
2454386.66500 16.771 0.008 5.32 405.0
2454388.66549 16.690 0.008 4.69 594.0
2454390.67447 16.657 0.007 3.75 663.0
2454393.64827 16.786 0.008 4.37 677.0
2454395.68313 16.821 0.009 4.66 903.0
2454398.64858 16.822 0.009 3.82 1121.0
2454400.67145 16.811 0.009 5.06 859.0
2454403.69725 16.782 0.009 4.94 755.0
2454407.63733 16.861 0.009 5.90 543.0
2454408.68352 16.909 0.009 5.22 724.0
2454410.70644 16.950 0.009 4.11 864.0
2454415.69059 16.882 0.009 4.20 898.0
2454418.59725 16.882 0.009 4.14 644.0
2454422.65845 16.876 0.008 4.49 637.0
2454424.65553 16.893 0.009 4.33 1015.0
2454427.54220 16.876 0.010 4.80 993.0
2454429.56815 16.840 0.014 6.59 1257.0
2454431.57262 16.806 0.009 5.24 655.0
2454433.57845 16.773 0.008 4.87 613.0
2454435.56679 16.676 0.008 4.49 746.0
2454437.65585 16.669 0.010 5.68 1005.0
2454439.56769 16.767 0.010 5.90 677.0
2454441.60354 16.785 0.009 5.17 625.0
2454443.59425 16.868 0.010 6.41 526.0
2454449.64828 16.752 0.008 4.86 568.0
2454451.60341 16.797 0.008 4.56 642.0
2454453.58538 16.808 0.010 5.35 846.0
2454456.58680 16.897 0.011 5.64 1091.0
2454459.53933 16.824 0.010 5.30 857.0
2454464.54257 16.826 0.009 5.45 583.0
2454464.57900 16.846 0.008 4.91 426.0
2454464.59443 16.855 0.009 5.34 474.0
2454465.54495 16.850 0.009 4.42 902.0
2454465.59436 16.836 0.008 4.30 793.0
2454466.56666 16.812 0.009 4.96 685.0
2454466.59627 16.846 0.009 5.28 688.0
2454467.56304 16.836 0.010 6.31 595.0
2454468.58828 16.837 0.008 4.32 621.0
2454468.62316 16.817 0.008 4.76 605.0
2454469.57113 16.828 0.010 7.27 465.0
2454469.58202 16.810 0.009 6.26 454.0
2454469.60822 16.805 0.008 5.28 518.0
2454470.54760 16.836 0.010 5.32 780.0
2454470.56385 16.840 0.010 5.49 824.0
2454471.53571 16.794 0.010 5.19 984.0
2454472.54790 16.784 0.008 4.34 665.0
2454472.56954 16.787 0.007 4.18 656.0
2454474.60034 16.757 0.011 6.51 923.0
2454476.57848 16.771 0.008 4.84 511.0
2454479.60329 16.682 0.009 5.82 816.0
2454481.58796 16.605 0.007 5.14 750.0
2454484.60464 16.647 0.011 6.00 1269.0
2454487.62618 16.717 0.011 5.28 1796.0
2454609.89945 16.557 0.008 4.67 1132.0
2454643.88417 16.647 0.009 6.11 594.0
2454649.93437 16.678 0.008 4.45 961.0
2454655.94586 16.667 0.007 3.73 1104.0
2454661.89753 16.562 0.007 4.31 696.0
2454662.78023 16.544 0.007 4.16 847.0
2454662.89717 16.547 0.007 3.88 718.0
2454663.75193 16.555 0.008 4.28 1018.0
2454663.93583 16.539 0.008 5.05 1103.0
2454665.82490 16.537 0.008 4.77 1261.0
2454665.91883 16.548 0.008 4.80 1305.0
2454666.91270 16.604 0.008 5.15 945.0
2454670.90713 16.737 0.008 4.25 826.0
2454671.82138 16.727 0.008 5.34 643.0
2454672.88111 16.777 0.008 4.30 683.0
2454675.89873 16.751 0.008 4.45 782.0
2454681.87847 16.749 0.007 4.63 446.0
2454683.87371 16.757 0.007 4.14 519.0
2454685.85982 16.829 0.008 4.54 651.0
2454688.81121 16.829 0.008 3.99 599.0
2454690.73673 16.818 0.008 5.31 408.0
2454691.73963 16.815 0.011 6.19 1049.0
2454693.89470 16.812 0.010 5.28 1091.0
2454696.84464 16.839 0.011 6.77 834.0
2454698.75645 16.867 0.007 4.21 422.0
2454699.75045 16.846 0.009 5.39 543.0
2454700.78795 16.831 0.007 4.05 541.0
2454701.79316 16.815 0.009 6.10 432.0
2454702.85331 16.815 0.009 5.63 588.0
2454703.75236 16.793 0.008 5.76 435.0
2454704.77121 16.781 0.007 5.13 324.0
2454705.77846 16.751 0.009 6.45 412.0
2454707.77113 16.724 0.006 4.06 373.0
2454708.83935 16.722 0.007 4.16 422.0
2454710.75536 16.696 0.007 5.57 414.0
2454716.75687 16.750 0.007 4.90 391.0
2454719.74902 16.875 0.009 4.30 1405.0
2454721.73799 16.852 0.013 5.66 1932.0
2454724.76768 16.742 0.008 3.74 964.0
2454726.66336 16.721 0.011 7.01 650.0
2454729.67438 16.832 0.009 6.16 562.0
2454730.70298 16.886 0.007 3.78 393.0
2454731.72747 16.885 0.008 5.30 332.0
2454731.76460 16.881 0.007 4.50 336.0
2454733.70945 16.885 0.008 5.45 421.0
2454733.80495 16.887 0.009 5.38 520.0
2454734.66637 16.888 0.008 5.15 359.0
2454734.74691 16.883 0.007 4.29 396.0
2454736.67069 16.845 0.010 6.59 472.0
2454736.71168 16.842 0.009 6.49 368.0
2454737.77794 16.869 0.008 6.40 471.0
2454738.75240 16.859 0.010 6.41 482.0
2454739.65299 16.849 0.009 6.50 458.0
2454741.72755 16.838 0.007 3.98 350.0
2454747.59416 16.853 0.009 4.64 655.0
2454749.59377 16.801 0.010 5.62 796.0
2454753.66287 16.762 0.009 5.15 841.0
2454755.65682 16.651 0.007 3.76 709.0
2454757.64128 16.660 0.007 3.68 722.0
2454759.65387 16.605 0.007 4.25 556.0
2454761.62416 16.635 0.006 3.91 327.0
2454763.63679 16.766 0.009 6.41 504.0
2454766.60499 16.790 0.010 6.43 684.0
2454769.64307 16.672 0.009 6.63 620.0
2454771.55412 16.657 0.008 5.75 704.0
2454772.59926 16.681 0.007 4.46 554.0
2454772.67595 16.693 0.008 4.90 590.0
2454773.56342 16.702 0.007 4.03 622.0
2454773.67897 16.686 0.007 5.12 573.0
2454774.53234 16.705 0.008 4.67 787.0
2454774.65539 16.716 0.008 4.90 709.0
2454775.53198 16.748 0.009 5.65 793.0
2454775.66582 16.762 0.009 5.91 781.0
2454776.54130 16.787 0.010 5.43 969.0
2454777.50938 16.803 0.012 6.49 953.0
2454777.59955 16.783 0.008 4.72 726.0
2454779.63515 16.855 0.009 4.90 877.0
2454781.58504 16.803 0.008 4.25 859.0
2454783.56867 16.732 0.008 4.34 1074.0
2454785.59977 16.798 0.010 5.93 790.0
2454787.55613 16.776 0.013 5.36 1897.0
2454789.53519 16.804 0.010 5.84 689.0
2454790.61740 16.792 0.007 4.24 446.0
2454791.61568 16.838 0.008 4.73 497.0
2454793.51981 16.806 0.009 4.77 990.0
2454795.53687 16.769 0.007 3.98 601.0
2454797.52907 16.749 0.008 4.90 660.0
2454798.59236 16.737 0.010 6.71 675.0
2454800.63966 16.684 0.007 3.74 886.0
2454803.53098 16.584 0.007 4.77 830.0
2454804.58117 16.585 0.008 5.52 888.0
2454805.54289 16.648 0.008 5.03 650.0
2454806.59018 16.656 0.008 5.36 568.0
2454806.62668 16.668 0.009 5.72 663.0
2454807.54336 16.708 0.011 6.80 772.0
2454807.60545 16.705 0.010 6.46 850.0
2454808.54841 16.734 0.009 5.33 876.0
2454808.61620 16.727 0.008 4.87 796.0
2454809.55051 16.750 0.008 4.79 703.0
2454809.63039 16.737 0.008 4.99 775.0
2454810.55883 16.807 0.009 4.83 884.0
2454811.56374 16.784 0.009 4.92 961.0
2454812.58976 16.797 0.016 8.55 1026.0
2454812.63156 16.778 0.012 6.96 1161.0
2454813.59818 16.738 0.009 4.93 1027.0
2454815.57433 16.671 0.009 5.51 836.0
2454817.59084 16.706 0.007 4.32 691.0
2454819.59045 16.725 0.008 5.28 526.0
2454821.63235 16.748 0.007 4.66 393.0
2454822.57254 16.765 0.008 5.80 470.0
2454823.53713 16.744 0.009 6.23 650.0
2454823.59314 16.799 0.008 5.27 503.0
2454824.54550 16.817 0.009 4.99 794.0
2454824.62841 16.821 0.009 5.75 674.0
2454825.56977 16.827 0.009 6.36 548.0
2454825.62160 16.840 0.009 5.55 539.0
2454826.58470 16.835 0.010 6.35 584.0
2454832.59470 16.755 0.008 6.09 565.0
2454835.57652 16.811 0.010 6.83 723.0
2454839.59804 16.777 0.010 5.79 794.0
2454842.56509 16.744 0.009 4.68 1192.0
2454844.57356 16.706 0.007 4.79 758.0
2454847.62986 16.655 0.011 5.91 1472.0
2454849.58972 16.635 0.007 4.90 581.0
2454853.58713 16.662 0.008 5.79 590.0
2454856.58110 16.779 0.008 5.24 564.0
2454865.55420 16.661 0.008 4.76 949.0
2454935.92066 16.690 0.009 4.02 2429.0
2454937.92098 16.668 0.009 4.19 2157.0
2454940.92254 16.624 0.008 4.08 1643.0
2454952.92202 16.662 0.008 4.87 1050.0
