2452104.87644 14.594 0.002 4.94 502.0
2452112.91678 14.555 0.002 2.10 654.0
2452115.89281 14.555 0.002 5.46 633.0
2452116.92070 14.551 0.002 5.25 501.0
2452117.87910 14.545 0.002 5.89 521.0
2452122.86076 14.534 0.002 5.33 1291.0
2452123.87471 14.536 0.002 4.07 1207.0
2452124.92802 14.547 0.002 5.37 1817.0
2452127.90228 14.547 0.003 1.68 1171.0
2452128.87462 14.543 0.002 5.65 1014.0
2452130.81342 14.541 0.002 4.18 956.0
2452131.80644 14.561 0.002 5.64 672.0
2452132.85117 14.544 0.002 5.87 671.0
2452133.86369 14.573 0.002 5.91 712.0
2452134.85679 14.549 0.002 6.58 818.0
2452135.89114 14.525 0.002 4.41 800.0
2452136.89751 14.533 0.002 1.71 823.0
2452138.73604 14.519 0.002 8.56 412.0
2452140.86024 14.507 0.002 6.77 572.0
2452141.77047 14.503 0.002 6.60 777.0
2452142.86696 14.503 0.002 4.55 1032.0
2452143.87582 14.514 0.002 4.64 938.0
2452144.79540 14.497 0.002 4.27 424.0
2452156.72084 14.452 0.002 6.37 671.0
2452160.80004 14.452 0.002 6.21 478.0
2452162.81039 14.439 0.002 4.94 396.0
2452165.79788 14.438 0.002 5.38 439.0
2452166.80122 14.432 0.002 5.20 461.0
2452167.73449 14.433 0.002 5.04 524.0
2452168.75907 14.424 0.002 5.66 431.0
2452172.79735 14.409 0.002 4.74 573.0
2452173.75337 14.406 0.002 4.56 526.0
2452174.73712 14.401 0.002 4.06 436.0
2452183.74437 14.384 0.002 7.00 824.0
2452184.74657 14.388 0.002 1.78 798.0
2452185.71001 14.384 0.002 5.41 860.0
2452186.73483 14.385 0.002 6.66 741.0
2452187.65483 14.379 0.002 2.28 913.0
2452189.73645 14.387 0.002 2.03 842.0
2452190.73656 14.382 0.002 4.80 682.0
2452192.70495 14.383 0.002 3.97 434.0
2452193.72587 14.392 0.002 3.55 535.0
2452194.69697 14.396 0.002 5.11 577.0
2452200.71138 14.388 0.002 5.67 635.0
2452203.59962 14.373 0.002 5.21 621.0
2452206.64932 14.361 0.002 6.06 837.0
2452208.69342 14.362 0.002 4.86 837.0
2452211.70135 14.359 0.002 5.02 757.0
2452212.68794 14.349 0.002 6.02 921.0
2452214.68796 14.354 0.002 5.89 1083.0
2452215.72396 14.359 0.002 4.41 1253.0
2452217.68311 14.348 0.002 4.80 1105.0
2452219.72011 14.358 0.002 6.56 853.0
2452222.76939 14.375 0.002 8.90 712.0
2452223.67446 14.348 0.002 4.64 1055.0
2452225.63868 14.338 0.002 3.99 726.0
2452227.53280 14.352 0.002 7.07 1019.0
2452228.60039 14.340 0.002 6.03 713.0
2452230.53847 14.345 0.002 5.39 851.0
2452232.55147 14.333 0.002 4.46 774.0
2452234.59349 14.340 0.002 4.05 764.0
2452236.58275 14.343 0.002 4.74 774.0
2452239.53025 14.335 0.002 5.12 915.0
2452241.57504 14.333 0.002 4.14 890.0
2452243.61340 14.331 0.002 4.55 953.0
2452249.56956 14.321 0.002 4.36 555.0
2452251.62351 14.323 0.002 4.81 636.0
2452254.56840 14.319 0.002 5.99 582.0
2452256.59462 14.320 0.002 6.35 790.0
2452259.61546 14.306 0.001 4.91 632.0
2452262.62195 14.305 0.002 6.11 668.0
2452264.60989 14.301 0.002 4.63 791.0
2452266.61380 14.301 0.002 5.47 1067.0
2452271.58872 14.301 0.002 4.15 1002.0
2452273.58795 14.313 0.002 5.16 1204.0
2452276.58262 14.315 0.002 4.58 968.0
2452280.57654 14.310 0.002 4.80 867.0
2452285.57249 14.310 0.002 4.17 570.0
2452289.60832 14.295 0.002 4.85 495.0
2452291.61357 14.302 0.002 4.46 554.0
2452293.61674 14.292 0.002 4.67 659.0
2452295.61345 14.306 0.002 5.18 679.0
2452297.61800 14.296 0.002 4.63 568.0
2452299.61265 14.295 0.002 4.36 1062.0
2452301.60421 14.315 0.002 9.99 0.0
2452453.88421 14.273 0.002 6.94 1033.0
2452460.93090 14.263 0.002 6.56 982.0
2452464.88828 14.259 0.002 5.11 692.0
2452466.88177 14.256 0.002 6.33 981.0
2452468.87602 14.255 0.002 4.98 781.0
2452470.86701 14.256 0.002 6.17 438.0
2452472.88707 14.246 0.001 5.00 589.0
2452481.87261 14.247 0.002 5.90 1116.0
2452483.93399 14.250 0.002 3.80 690.0
2452486.93482 14.246 0.002 5.96 869.0
2452489.81557 14.259 0.001 5.70 634.0
2452490.81308 14.265 0.002 7.27 743.0
2452493.81234 14.247 0.001 9.99 0.0
2452496.79189 14.256 0.002 4.41 744.0
2452497.81906 14.250 0.002 4.60 956.0
2452498.81937 14.243 0.002 4.51 824.0
2452499.90441 14.242 0.002 4.78 553.0
2452500.91278 14.244 0.002 4.30 940.0
2452501.89932 14.253 0.002 3.92 810.0
2452502.87960 14.252 0.002 4.36 850.0
2452508.79020 14.249 0.002 5.82 2783.0
2452516.82258 14.232 0.002 4.78 1020.0
2452517.86960 14.232 0.002 4.85 838.0
2452518.84387 14.223 0.002 5.31 637.0
2452519.79514 14.224 0.002 4.01 697.0
2452520.83733 14.221 0.002 4.34 840.0
2452521.78793 14.218 0.002 5.82 540.0
2452524.79085 14.223 0.002 5.61 683.0
2452526.82280 14.230 0.002 4.21 420.0
2452529.78135 14.225 0.002 4.16 678.0
2452535.74095 14.230 0.002 5.33 767.0
2452537.74743 14.238 0.002 6.28 982.0
2452538.84794 14.236 0.002 5.17 1102.0
2452539.75046 14.238 0.002 4.18 904.0
2452540.78814 14.237 0.002 4.82 923.0
2452542.73212 14.227 0.002 4.94 606.0
2452544.70719 14.228 0.002 5.08 466.0
2452545.72561 14.229 0.002 4.66 555.0
2452547.74376 14.233 0.002 4.82 607.0
2452548.75680 14.237 0.002 6.08 491.0
2452550.75192 14.234 0.002 5.75 464.0
2452551.73909 14.224 0.002 4.85 433.0
2452552.75446 14.237 0.002 4.80 504.0
2452553.69524 14.241 0.002 6.11 502.0
2452554.74759 14.233 0.002 4.59 553.0
2452555.75556 14.237 0.002 5.22 527.0
2452556.73480 14.230 0.002 4.25 546.0
2452557.74714 14.236 0.002 4.43 544.0
2452558.70366 14.243 0.002 4.08 828.0
2452559.66060 14.230 0.002 4.76 734.0
2452560.69373 14.244 0.002 4.67 594.0
2452561.73928 14.256 0.002 6.03 655.0
2452562.71193 14.244 0.002 5.15 829.0
2452563.71997 14.242 0.002 4.55 863.0
2452564.73634 14.253 0.002 5.67 842.0
2452565.73839 14.249 0.002 4.04 964.0
2452566.71734 14.256 0.002 4.66 1015.0
2452571.69848 14.256 0.002 5.07 1000.0
2452572.77308 14.256 0.002 6.59 949.0
2452573.71123 14.261 0.002 6.06 937.0
2452574.69096 14.247 0.002 4.42 626.0
2452576.73540 14.250 0.002 5.12 570.0
2452577.69365 14.262 0.002 4.98 883.0
2452578.67869 14.254 0.002 5.06 1005.0
2452579.68888 14.257 0.002 5.53 801.0
2452580.69713 14.254 0.002 4.26 801.0
2452583.67337 14.248 0.002 5.20 780.0
2452584.67568 14.247 0.002 4.41 777.0
2452587.65384 14.249 0.002 4.76 682.0
2452588.66573 14.251 0.002 4.30 867.0
2452589.65879 14.259 0.002 4.07 964.0
2452590.66669 14.256 0.002 4.77 784.0
2452591.69444 14.247 0.002 4.04 903.0
2452593.65125 14.245 0.002 4.23 1080.0
2452594.65777 14.259 0.002 4.95 992.0
2452596.63043 14.250 0.002 5.14 997.0
2452597.61930 14.238 0.002 3.54 3093.0
2452598.69799 14.243 0.002 3.91 1470.0
2452599.65853 14.237 0.002 4.30 1638.0
2452608.55919 14.241 0.002 6.23 613.0
2452610.59581 14.229 0.002 5.91 954.0
2452613.58727 14.244 0.002 7.85 706.0
2452615.62285 14.222 0.002 5.93 591.0
2452620.59321 14.200 0.002 5.02 991.0
2452622.54101 14.204 0.002 4.65 825.0
2452625.59439 14.199 0.002 6.54 1028.0
2452629.54127 14.217 0.002 4.98 1073.0
2452632.57933 14.201 0.002 4.74 635.0
2452636.57990 14.224 0.002 6.59 670.0
2452639.57503 14.221 0.002 4.88 528.0
2452643.54800 14.218 0.002 5.37 535.0
2452649.54638 14.206 0.002 4.90 778.0
2452651.58420 14.212 0.002 5.70 1031.0
2452655.55106 14.210 0.002 6.18 932.0
2452658.56290 14.219 0.002 6.91 1098.0
2452661.57956 14.201 0.002 3.65 540.0
2452665.54244 14.203 0.002 6.07 625.0
2452669.56858 14.199 0.002 6.49 557.0
2452674.55333 14.207 0.002 5.61 711.0
2452676.57347 14.191 0.002 4.54 701.0
2452677.53667 14.204 0.002 7.10 875.0
2452680.54393 14.200 0.002 6.37 765.0
2452683.56109 14.192 0.002 6.01 1147.0
2452804.83903 14.177 0.002 5.47 2024.0
2452805.89543 14.176 0.002 5.77 1627.0
2452811.94847 14.170 0.002 5.20 2604.0
2452815.92230 14.165 0.002 4.99 746.0
2452818.93018 14.159 0.002 3.77 770.0
2452829.86897 14.176 0.002 5.47 762.0
2452831.86150 14.170 0.002 4.16 1219.0
2452832.81248 14.171 0.002 4.39 1060.0
2452833.91109 14.179 0.002 4.60 1243.0
2452835.89984 14.183 0.002 3.59 1177.0
2452837.90552 14.195 0.002 6.91 1222.0
2452838.88375 14.180 0.002 5.44 1063.0
2452840.88896 14.184 0.002 4.28 890.0
2452843.87496 14.171 0.002 3.66 708.0
2452844.91629 14.177 0.002 4.09 716.0
2452848.82296 14.200 0.002 6.72 796.0
2452849.90100 14.186 0.002 4.61 877.0
2452850.93254 14.191 0.002 5.10 687.0
2452852.86117 14.193 0.002 5.61 901.0
2452854.87253 14.184 0.002 5.83 552.0
2452857.87986 14.199 0.002 5.48 655.0
2452859.86714 14.194 0.002 3.62 547.0
2452860.91951 14.188 0.002 4.05 565.0
2452861.79125 14.195 0.002 3.80 817.0
2452862.87733 14.191 0.002 3.62 1095.0
2452863.87923 14.184 0.002 4.79 1510.0
2452865.80169 14.183 0.002 3.81 2688.0
2452867.79114 14.186 0.002 4.53 630.0
2452868.83179 14.190 0.002 4.13 789.0
2452869.85946 14.206 0.002 3.52 916.0
2452870.85987 14.201 0.002 3.53 786.0
2452872.78398 14.189 0.002 3.84 553.0
2452875.85113 14.189 0.002 4.83 761.0
2452876.87712 14.201 0.002 6.67 705.0
2452877.84953 14.184 0.002 4.61 484.0
2452879.81431 14.204 0.002 4.10 405.0
2452884.76438 14.189 0.002 4.43 372.0
2452886.77714 14.197 0.002 6.67 383.0
2452890.73611 14.200 0.002 5.69 1004.0
2452893.78767 14.199 0.002 4.02 918.0
2452895.79853 14.185 0.002 3.52 722.0
2452897.74608 14.191 0.002 5.85 563.0
2452899.77842 14.189 0.002 3.36 607.0
2452903.79714 14.175 0.001 3.71 382.0
2452906.74589 14.174 0.002 4.03 368.0
2452908.72290 14.172 0.002 4.66 463.0
2452910.71777 14.175 0.002 4.74 538.0
2452912.72371 14.181 0.001 4.41 516.0
2452916.73636 14.166 0.002 3.17 493.0
2452918.71340 14.163 0.002 3.61 990.0
2452922.71298 14.122 0.002 4.24 1102.0
2452924.65379 14.136 0.002 3.49 746.0
2452926.64791 14.141 0.002 3.80 978.0
2452929.70932 14.118 0.002 5.63 579.0
2452931.68521 14.137 0.002 3.60 574.0
2452933.69738 14.144 0.002 2.98 516.0
2452935.66029 14.142 0.002 4.78 679.0
2452937.68542 14.143 0.002 5.75 753.0
2452939.66362 14.141 0.002 4.62 626.0
2452940.67787 14.137 0.002 3.62 535.0
2452941.65360 14.140 0.002 3.59 436.0
2452942.68118 14.147 0.002 4.69 610.0
2452943.64994 14.149 0.002 4.03 852.0
2452944.63365 14.140 0.002 5.11 942.0
2452946.63225 14.145 0.002 4.19 791.0
2452947.66025 14.151 0.002 4.98 851.0
2452949.64108 14.149 0.002 3.35 1036.0
2452950.59259 14.164 0.002 3.24 1160.0
2452951.67350 14.144 0.002 3.86 1183.0
2452953.62131 14.150 0.002 3.15 1288.0
2452955.60627 14.158 0.002 5.79 774.0
2452957.61993 14.145 0.002 3.59 577.0
2452960.64010 14.149 0.001 5.22 693.0
2452965.67682 14.140 0.002 5.06 570.0
2452968.63935 14.148 0.002 4.22 1082.0
2452971.64711 14.134 0.002 4.47 775.0
2452973.63563 14.136 0.002 3.78 810.0
2452975.53243 14.140 0.002 3.54 1001.0
2452977.62805 14.156 0.002 5.70 784.0
2452979.60834 14.145 0.002 5.03 1151.0
2452982.56295 14.137 0.002 4.34 957.0
2452984.59411 14.148 0.002 7.52 706.0
2452986.60422 14.135 0.002 4.45 537.0
2452988.57668 14.139 0.002 4.39 605.0
2452990.59550 14.137 0.002 5.20 657.0
2452993.59831 14.132 0.002 4.62 522.0
2452997.54185 14.148 0.002 4.62 580.0
2453000.60151 14.138 0.002 5.32 500.0
2453003.57698 14.149 0.002 5.60 782.0
2453006.56660 14.153 0.002 3.70 659.0
2453009.55994 14.167 0.002 5.46 942.0
2453013.56655 14.151 0.002 4.51 798.0
2453017.56102 14.154 0.002 4.40 644.0
2453020.53615 14.140 0.002 4.50 877.0
2453022.56360 14.131 0.002 6.12 582.0
2453024.56279 14.092 0.002 4.77 764.0
2453026.53280 14.107 0.002 4.04 1276.0
2453028.53372 14.129 0.002 6.70 882.0
2453030.53680 14.096 0.002 4.34 911.0
2453032.55477 14.092 0.002 5.71 540.0
2453034.55429 14.103 0.002 3.82 508.0
2453038.54511 14.119 0.002 5.57 1084.0
2453179.93642 14.076 0.001 3.82 632.0
2453184.90029 14.077 0.002 5.73 769.0
2453193.92336 14.084 0.001 3.63 741.0
2453196.89537 14.072 0.002 4.67 654.0
2453202.88331 14.082 0.002 5.12 656.0
2453203.92779 14.086 0.001 3.20 598.0
2453206.87070 14.073 0.002 5.63 470.0
2453210.93718 14.074 0.001 4.15 671.0
2453211.85333 14.086 0.002 5.46 503.0
2453216.77299 14.082 0.002 4.56 1563.0
2453217.82291 14.093 0.002 5.87 870.0
2453224.81984 14.064 0.001 3.99 524.0
2453228.79776 14.036 0.002 6.22 496.0
2453230.77124 14.061 0.002 5.22 294.0
2453238.80233 14.042 0.002 5.79 458.0
2453239.84146 14.037 0.002 4.98 488.0
2453240.83864 14.052 0.002 7.72 459.0
2453241.78058 14.033 0.001 4.67 577.0
2453242.77124 14.039 0.002 5.87 596.0
2453243.89438 14.052 0.002 6.81 479.0
2453244.87310 14.046 0.002 6.37 690.0
2453245.82057 14.039 0.002 5.21 673.0
2453246.81745 14.042 0.002 4.98 701.0
2453247.82164 14.049 0.002 4.11 941.0
2453249.77513 14.050 0.002 5.45 747.0
2453251.78770 14.042 0.001 3.64 455.0
2453254.77381 14.053 0.001 3.70 343.0
2453257.80088 14.038 0.001 4.03 386.0
2453261.74680 14.055 0.001 3.67 441.0
2453263.74375 14.059 0.001 3.37 417.0
2453265.77142 14.053 0.001 4.25 510.0
2453267.75184 14.059 0.001 4.18 554.0
2453270.70556 14.063 0.002 5.39 444.0
2453271.70824 14.062 0.002 4.71 536.0
2453273.66673 14.072 0.002 5.46 657.0
2453275.66152 14.078 0.002 5.81 835.0
2453276.75557 14.069 0.002 4.98 1005.0
2453277.79446 14.066 0.002 4.08 855.0
2453279.72598 14.071 0.002 4.80 549.0
2453281.69177 14.068 0.001 3.76 512.0
2453283.68618 14.088 0.001 3.20 394.0
2453287.65244 14.083 0.001 5.28 445.0
2453289.66730 14.076 0.001 4.66 347.0
2453291.60565 14.075 0.001 5.47 505.0
2453294.62222 14.082 0.001 6.47 369.0
2453296.58857 14.071 0.001 5.90 394.0
2453298.59643 14.087 0.001 4.84 491.0
2453300.59901 14.079 0.001 5.33 1134.0
2453302.58003 14.066 0.002 5.33 744.0
2453305.67604 14.071 0.001 3.84 787.0
2453307.59256 14.085 0.002 6.15 884.0
2453309.61332 14.076 0.001 3.69 724.0
2453311.56886 14.065 0.001 4.48 597.0
2453314.61252 14.072 0.002 5.37 739.0
2453320.64579 14.059 0.001 4.24 552.0
2453323.59818 14.059 0.001 4.91 451.0
2453327.62626 14.046 0.001 4.71 555.0
2453330.59753 14.048 0.002 4.15 820.0
2453335.64214 14.061 0.002 5.95 1091.0
2453338.54899 14.058 0.001 4.52 609.0
2453350.56030 14.076 0.001 4.25 543.0
2453357.59850 14.075 0.001 4.86 587.0
2453361.59676 14.075 0.002 4.51 620.0
2453363.60306 14.072 0.002 5.41 887.0
2453369.58001 14.063 0.001 3.65 720.0
2453372.59597 14.060 0.001 4.25 582.0
2453376.57202 14.060 0.001 4.64 703.0
2453380.55834 14.057 0.001 4.86 767.0
2453386.60517 14.037 0.001 3.91 546.0
2453395.55714 14.041 0.002 5.49 1127.0
2453399.58097 14.045 0.002 5.33 756.0
2453402.59785 14.050 0.001 4.68 615.0
2453543.91403 14.043 0.001 4.82 1049.0
2453551.93669 14.076 0.001 5.05 686.0
2453558.91862 14.084 0.001 5.11 459.0
2453562.90938 14.081 0.001 3.72 471.0
2453568.90095 14.087 0.001 4.28 724.0
2453570.86258 14.081 0.001 5.00 848.0
2453571.84907 14.089 0.002 6.03 873.0
2453573.89448 14.085 0.002 5.47 984.0
2453575.85429 14.086 0.001 4.75 587.0
2453577.91085 14.078 0.001 5.41 573.0
2453579.85176 14.084 0.001 4.41 414.0
2453581.92068 14.085 0.001 4.38 756.0
2453582.87309 14.083 0.001 4.07 749.0
2453583.89218 14.088 0.001 4.40 443.0
2453584.86472 14.085 0.001 4.59 633.0
2453586.88245 14.082 0.001 4.16 235.0
2453588.88060 14.091 0.001 4.90 628.0
2453590.83922 14.087 0.001 3.84 455.0
2453592.79952 14.097 0.001 3.63 346.0
2453594.84030 14.089 0.001 4.36 425.0
2453600.92937 14.084 0.001 5.07 1107.0
2453602.78819 14.095 0.002 5.32 1108.0
2453603.75243 14.089 0.001 4.47 625.0
2453608.80905 14.091 0.001 4.90 359.0
2453614.84088 14.105 0.001 5.17 279.0
2453615.82661 14.113 0.001 6.78 365.0
2453618.82532 14.107 0.001 4.02 540.0
2453620.85179 14.112 0.001 4.21 441.0
2453622.80583 14.118 0.001 5.72 495.0
2453625.75177 14.124 0.001 3.92 463.0
2453628.77335 14.124 0.002 5.57 805.0
2453630.68879 14.123 0.001 5.12 931.0
2453632.66597 14.145 0.002 6.75 827.0
2453634.70094 14.094 0.001 4.99 419.0
2453637.70172 14.075 0.001 5.00 590.0
2453640.66800 14.180 0.001 3.99 344.0
2453644.70255 14.103 0.001 3.69 459.0
2453646.72007 14.145 0.002 6.10 387.0
2453650.73583 14.136 0.001 3.97 395.0
2453652.67729 14.156 0.001 3.55 399.0
2453654.65307 14.154 0.001 3.37 515.0
2453656.70628 14.157 0.001 3.83 516.0
2453657.73445 14.156 0.001 4.25 568.0
2453658.70799 14.158 0.002 5.08 584.0
2453659.69235 14.156 0.002 4.41 941.0
2453660.69802 14.147 0.001 3.57 1119.0
2453663.68877 14.162 0.002 4.12 794.0
2453665.71705 14.169 0.002 4.72 653.0
2453668.64564 14.153 0.002 5.25 378.0
2453668.66814 14.157 0.001 5.42 339.0
2453670.65678 14.167 0.002 6.37 437.0
2453672.58949 14.163 0.002 4.97 646.0
2453674.74879 14.163 0.001 4.09 474.0
2453676.63509 14.175 0.001 3.82 557.0
2453682.61171 14.165 0.001 4.42 1069.0
2453684.62902 14.176 0.001 3.23 763.0
2453686.59471 14.176 0.001 3.59 919.0
2453688.56768 14.173 0.001 3.42 868.0
2453690.58139 14.180 0.002 4.66 789.0
2453693.57851 14.186 0.002 4.03 932.0
2453695.57411 14.183 0.001 4.26 636.0
2453698.54970 14.197 0.002 6.33 749.0
2453701.59822 14.181 0.001 5.02 551.0
2453703.60885 14.184 0.001 3.88 374.0
2453705.58106 14.180 0.001 3.55 374.0
2453707.58149 14.184 0.001 5.01 420.0
2453712.59646 14.173 0.002 4.28 630.0
2453715.55468 14.180 0.002 3.96 589.0
2453719.63361 14.180 0.002 3.74 1012.0
2453722.58056 14.180 0.002 4.18 797.0
2453725.66062 14.183 0.002 4.44 847.0
2453730.56381 14.181 0.001 3.46 394.0
2453735.56644 14.168 0.002 4.49 524.0
2453739.56614 14.118 0.001 4.31 436.0
2453743.54180 14.182 0.002 5.24 549.0
2453748.54566 14.192 0.002 5.26 1173.0
2453753.54333 14.208 0.002 6.68 786.0
2453758.56523 14.200 0.002 5.91 602.0
2453762.57180 14.205 0.002 5.04 744.0
2453768.53178 14.211 0.002 5.12 725.0
2453773.52860 14.208 0.002 4.87 914.0
2453777.55454 14.198 0.001 4.24 878.0
2453871.92495 14.209 0.002 5.00 1179.0
2453902.94184 14.204 0.002 5.22 965.0
2453907.93682 14.207 0.002 5.42 683.0
2453915.91267 14.195 0.001 4.62 417.0
2453918.93196 14.197 0.001 4.64 505.0
2453932.88342 14.181 0.001 4.86 2021.0
2453934.90165 14.203 0.001 3.83 748.0
2453936.90987 14.205 0.001 3.95 507.0
2453938.89409 14.178 0.001 4.75 476.0
2453945.86388 14.166 0.001 3.98 508.0
2453950.84564 14.176 0.001 4.35 459.0
2453957.80128 14.182 0.002 5.65 1165.0
2453959.79976 14.176 0.002 5.35 754.0
2453961.78594 14.175 0.002 4.85 739.0
2453964.79312 14.173 0.001 4.25 271.0
2453966.78533 14.173 0.001 4.21 330.0
2453968.77888 14.169 0.001 5.19 525.0
2453970.77050 14.175 0.001 3.51 352.0
2453973.73987 14.159 0.001 5.29 365.0
2453975.75479 14.167 0.001 5.32 418.0
2453980.68732 14.163 0.001 5.02 662.0
2453981.68718 14.159 0.001 4.49 508.0
2453982.75151 14.165 0.002 5.53 787.0
2453986.72868 14.166 0.001 4.53 816.0
2453989.82574 14.153 0.001 5.20 828.0
2453991.76695 14.159 0.001 5.95 592.0
2453994.66793 14.152 0.002 5.95 440.0
2454001.66764 14.150 0.001 3.79 376.0
2454003.63937 14.151 0.001 4.02 472.0
2454004.72792 14.151 0.001 3.97 381.0
2454005.71319 14.156 0.001 3.88 419.0
2454007.60640 14.150 0.001 5.02 581.0
2454008.61542 14.146 0.001 3.89 364.0
2454011.66584 14.151 0.002 5.41 491.0
2454014.66377 14.152 0.002 4.88 807.0
2454016.64506 14.145 0.001 4.37 727.0
2454018.64139 14.165 0.001 4.11 586.0
2454020.67408 14.154 0.001 4.55 482.0
2454023.63079 14.146 0.001 5.35 732.0
2454025.63113 14.146 0.001 4.23 699.0
2454027.61926 14.141 0.001 4.28 615.0
2454029.60153 14.146 0.001 4.36 559.0
2454031.58848 14.135 0.001 4.30 577.0
2454036.62388 14.132 0.001 4.85 341.0
2454038.57820 14.146 0.001 4.75 380.0
2454040.55816 14.132 0.001 4.86 679.0
2454042.62754 14.095 0.001 4.29 805.0
2454044.67015 14.083 0.002 5.69 1031.0
2454047.58159 14.088 0.001 4.77 859.0
2454049.55423 14.090 0.001 3.54 648.0
2454051.60375 14.091 0.001 5.07 419.0
2454053.61473 14.097 0.001 3.75 411.0
2454055.54395 14.116 0.002 6.21 651.0
2454057.58304 14.106 0.002 6.58 673.0
2454059.61755 14.109 0.001 3.98 763.0
2454063.60895 14.107 0.001 3.71 641.0
2454066.52383 14.114 0.001 4.72 570.0
2454068.59120 14.102 0.001 3.58 783.0
2454071.53233 14.109 0.001 5.22 860.0
2454074.56753 14.110 0.001 4.10 832.0
2454077.62022 14.121 0.002 5.58 627.0
2454079.56731 14.103 0.001 4.61 493.0
2454083.57481 14.106 0.002 6.28 750.0
2454087.59670 14.118 0.001 4.25 602.0
2454095.56058 14.107 0.001 4.26 504.0
2454095.59760 14.104 0.001 3.95 606.0
2454098.57964 14.106 0.001 5.34 648.0
2454102.55178 14.100 0.001 4.69 713.0
2454107.55588 14.102 0.001 5.78 461.0
2454112.55632 14.103 0.001 4.93 506.0
2454119.54585 14.101 0.001 5.32 589.0
2454122.57215 14.097 0.001 5.55 497.0
2454128.57227 14.100 0.001 4.75 632.0
2454253.89550 14.007 0.002 6.43 1544.0
2454255.91411 14.009 0.002 4.90 1161.0
2454258.93113 14.020 0.002 6.82 879.0
2454273.91750 14.029 0.002 5.75 1106.0
2454278.94395 14.027 0.002 6.56 863.0
2454282.74399 14.030 0.002 4.42 1323.0
2454282.90826 14.022 0.002 4.25 1123.0
2454283.83499 14.030 0.002 4.88 1277.0
2454284.90281 14.028 0.002 4.21 1159.0
2454289.87388 14.034 0.002 5.44 700.0
2454292.90717 14.042 0.002 3.68 603.0
2454295.90110 14.045 0.002 4.53 616.0
2454296.93535 14.042 0.002 3.78 423.0
2454298.85437 14.045 0.002 5.26 697.0
2454299.89787 14.048 0.002 4.24 397.0
2454300.91971 14.057 0.002 3.47 772.0
2454301.93857 14.045 0.002 4.50 456.0
2454303.82925 14.057 0.002 6.43 298.0
2454307.72627 14.057 0.002 4.05 847.0
2454308.70005 14.053 0.002 4.94 858.0
2454308.90791 14.047 0.002 4.50 534.0
2454310.88000 14.048 0.002 4.58 1054.0
2454311.88151 14.059 0.002 6.25 1369.0
2454312.94178 14.042 0.002 4.62 1099.0
2454314.81047 14.045 0.002 5.76 631.0
2454316.87017 14.052 0.002 5.33 791.0
2454320.85386 14.042 0.002 4.09 524.0
2454326.87825 14.052 0.002 5.90 589.0
2454327.90151 14.049 0.002 5.57 975.0
2454328.87151 14.062 0.002 5.35 935.0
2454329.87121 14.054 0.002 5.07 839.0
2454330.90216 14.073 0.002 5.44 454.0
2454332.91842 14.049 0.002 5.04 836.0
2454334.89535 14.112 0.002 7.89 694.0
2454334.91169 14.074 0.002 7.32 705.0
2454339.86642 14.052 0.002 4.69 1028.0
2454340.81867 14.070 0.002 3.90 1349.0
2454341.81152 14.060 0.002 4.10 1100.0
2454342.88578 14.057 0.002 4.83 1000.0
2454343.80511 14.061 0.002 4.55 872.0
2454344.78728 14.056 0.002 3.78 847.0
2454346.76352 14.050 0.002 5.52 519.0
2454348.74925 14.029 0.002 5.01 564.0
2454350.72603 14.046 0.002 4.51 423.0
2454353.68418 14.063 0.002 5.51 667.0
2454355.74275 14.044 0.002 6.14 522.0
2454358.68609 14.058 0.002 5.90 441.0
2454359.74334 14.050 0.001 4.56 629.0
2454362.69369 14.040 0.002 5.74 644.0
2454365.66765 14.053 0.002 5.22 740.0
2454369.72446 14.057 0.002 5.10 1339.0
2454371.69140 14.058 0.002 6.16 764.0
2454376.69480 14.059 0.002 5.16 380.0
2454378.66150 14.058 0.002 6.38 442.0
2454379.69276 14.079 0.002 6.54 622.0
2454381.65196 14.061 0.002 5.72 801.0
2454383.68045 14.066 0.002 4.02 738.0
2454386.70506 14.069 0.002 6.01 446.0
2454388.70535 14.067 0.002 5.06 430.0
2454390.71429 14.064 0.002 4.35 571.0
2454394.60190 14.071 0.002 4.97 648.0
2454396.68531 14.067 0.002 4.95 861.0
2454398.68841 14.074 0.002 4.46 1062.0
2454402.67346 14.074 0.002 4.92 618.0
2454404.68992 14.076 0.002 6.53 723.0
2454407.69842 14.070 0.002 6.13 485.0
2454409.71402 14.080 0.002 4.94 910.0
2454411.70912 14.075 0.002 4.42 537.0
2454415.71300 14.079 0.002 5.60 756.0
2454417.66297 14.084 0.002 4.64 499.0
2454420.64941 14.063 0.002 4.50 845.0
2454422.68141 14.074 0.002 4.50 653.0
2454424.67849 14.057 0.002 4.49 986.0
2454427.56422 14.058 0.002 4.77 926.0
2454429.60736 14.066 0.002 5.58 1308.0
2454431.59444 14.050 0.002 5.65 814.0
2454433.60036 14.054 0.002 6.39 661.0
2454435.58869 14.041 0.002 4.36 759.0
2454438.64875 14.034 0.002 5.29 805.0
2454440.61823 14.035 0.002 5.00 687.0
2454442.57970 14.044 0.002 6.26 726.0
2454444.60443 14.036 0.002 6.45 871.0
2454450.63688 13.960 0.002 7.08 691.0
2454452.61461 14.001 0.002 4.92 843.0
2454454.63482 14.081 0.002 5.36 919.0
2454455.57688 14.036 0.002 5.00 716.0
2454457.58577 13.989 0.002 6.19 1004.0
2454460.54019 14.020 0.002 4.79 659.0
2454463.60372 14.021 0.002 5.94 622.0
2454467.58650 14.028 0.002 6.65 528.0
2454470.58592 14.022 0.002 5.13 744.0
2454474.63247 14.019 0.002 4.98 927.0
2454476.61080 14.020 0.002 5.16 495.0
2454481.60997 14.027 0.001 6.25 864.0
2454483.63713 14.036 0.002 5.23 974.0
2454485.61859 14.048 0.002 5.47 1201.0
2454488.61920 14.042 0.002 5.57 1620.0
2454492.60941 14.046 0.002 5.42 689.0
2454643.92313 14.141 0.002 5.56 649.0
2454655.90529 14.092 0.002 4.39 754.0
2454661.91912 14.166 0.002 5.15 658.0
2454662.84270 14.182 0.002 3.42 647.0
2454662.94057 14.171 0.002 3.37 808.0
2454663.79142 14.175 0.002 5.87 1108.0
2454665.86458 14.179 0.002 4.77 1306.0
2454670.94650 14.158 0.002 4.32 2146.0
2454671.84297 14.156 0.002 4.80 701.0
2454673.94503 14.187 0.002 6.30 1453.0
2454677.86237 14.175 0.002 4.57 465.0
2454682.83678 14.186 0.002 5.65 599.0
2454684.87482 14.186 0.002 3.96 824.0
2454686.83476 14.184 0.002 3.89 448.0
2454688.85099 14.191 0.002 3.82 623.0
2454690.77634 14.180 0.002 4.51 466.0
2454691.77966 14.174 0.002 5.62 560.0
2454694.82595 14.187 0.002 6.27 927.0
2454697.77031 14.184 0.002 6.70 714.0
2454699.79133 14.178 0.002 3.95 706.0
2454700.82523 14.178 0.002 4.43 589.0
2454701.83291 14.177 0.002 5.34 506.0
2454703.79213 14.178 0.002 5.76 465.0
2454704.81083 14.169 0.002 4.79 319.0
2454705.81842 14.186 0.002 6.88 475.0
2454707.83584 14.182 0.002 4.60 387.0
2454709.76665 14.175 0.002 4.28 400.0
2454715.77524 14.164 0.002 6.49 363.0
2454717.72982 14.174 0.001 5.00 735.0
2454720.70872 14.169 0.002 5.36 582.0
2454722.72393 14.168 0.002 3.64 613.0
2454725.72913 14.161 0.002 4.58 812.0
2454730.71972 14.172 0.002 3.94 352.0
2454730.78244 14.178 0.001 3.76 460.0
2454733.75465 14.174 0.002 4.90 400.0
2454740.69721 14.165 0.002 5.27 356.0
2454743.69394 14.164 0.002 5.18 326.0
2454748.68270 14.153 0.002 4.47 596.0
2454750.71553 14.154 0.002 6.12 1241.0
2454754.64110 14.140 0.002 5.32 1167.0
2454756.65068 14.084 0.002 4.52 821.0
2454758.63091 14.119 0.002 3.66 606.0
2454760.61757 14.115 0.002 5.81 339.0
2454762.60736 14.122 0.002 5.38 588.0
2454767.64296 14.140 0.002 5.12 526.0
2454770.69122 14.149 0.002 5.61 769.0
2454772.62861 14.129 0.002 4.90 545.0
2454774.60410 14.115 0.002 4.18 600.0
2454776.57589 14.121 0.002 5.29 876.0
2454778.57722 14.120 0.002 4.30 727.0
2454780.57448 14.130 0.002 4.47 753.0
2454782.54739 14.127 0.002 4.09 968.0
2454783.60898 14.125 0.002 4.75 944.0
2454785.64423 14.147 0.002 7.91 882.0
2454787.59635 14.124 0.002 5.45 1922.0
2454789.57509 14.121 0.001 3.60 591.0
2454791.55666 14.128 0.002 4.92 605.0
2454793.56402 14.133 0.002 4.84 587.0
2454795.57689 14.142 0.002 3.97 526.0
2454797.56905 14.145 0.002 6.18 597.0
2454798.63226 14.138 0.002 5.69 632.0
2454801.53353 14.139 0.002 4.14 559.0
2454802.62101 14.135 0.002 5.20 694.0
2454803.59289 14.144 0.002 3.85 679.0
2454805.52790 14.145 0.002 6.43 790.0
2454807.55465 14.147 0.002 5.13 773.0
2454809.57981 14.139 0.002 4.10 667.0
2454811.60168 14.142 0.002 5.25 972.0
2454814.55953 14.146 0.002 5.07 639.0
2454816.56168 14.148 0.002 4.91 592.0
2454818.57563 14.152 0.002 4.69 600.0
2454820.55362 14.155 0.002 5.58 612.0
2454822.61040 14.155 0.002 5.60 492.0
2454824.59523 14.161 0.002 5.29 704.0
2454831.56684 14.165 0.002 5.60 627.0
2454833.59469 14.165 0.002 5.07 570.0
2454835.61741 14.164 0.002 5.26 677.0
2454839.62043 14.176 0.002 5.96 853.0
2454842.58709 14.167 0.002 5.10 1189.0
2454844.59757 14.172 0.002 5.31 817.0
2454847.65175 14.157 0.002 6.41 1419.0
2454849.61172 14.178 0.002 4.48 693.0
2454853.60900 14.184 0.002 5.28 683.0
2454855.62221 14.180 0.002 6.26 839.0
2454862.59600 14.134 0.002 5.35 429.0
2454868.57818 14.145 0.002 5.02 738.0
