2452086.89595 15.218 0.003 5.85 847.0
2452103.90274 15.186 0.002 3.99 742.0
2452105.93288 15.192 0.003 5.42 564.0
2452106.89851 15.188 0.003 5.84 607.0
2452112.85090 15.225 0.003 1.77 486.0
2452114.83268 15.220 0.003 1.71 618.0
2452116.87865 15.224 0.003 6.05 422.0
2452122.81799 15.197 0.003 5.86 1425.0
2452123.82559 15.213 0.003 5.18 966.0
2452124.84605 15.217 0.004 5.73 1274.0
2452127.84467 15.221 0.005 9.99 0.0
2452128.83308 15.213 0.003 5.40 1063.0
2452129.86507 15.202 0.003 5.17 900.0
2452130.85146 15.211 0.003 4.86 902.0
2452131.84555 15.223 0.003 2.17 703.0
2452133.90217 15.205 0.003 5.56 862.0
2452134.81762 15.224 0.003 2.23 629.0
2452135.85167 15.212 0.003 5.08 825.0
2452137.89885 15.201 0.003 4.93 876.0
2452140.81893 15.209 0.003 2.40 559.0
2452141.85622 15.220 0.004 2.07 895.0
2452142.75883 15.209 0.003 5.39 585.0
2452143.82431 15.227 0.003 5.71 733.0
2452144.83102 15.195 0.003 3.95 581.0
2452155.88621 15.225 0.004 1.80 1102.0
2452156.83283 15.205 0.003 5.80 728.0
2452160.76221 15.211 0.003 1.77 446.0
2452162.76904 15.221 0.003 5.73 401.0
2452165.75136 15.214 0.004 8.98 447.0
2452166.76361 15.206 0.003 5.18 379.0
2452167.77210 15.190 0.003 5.22 496.0
2452168.72127 15.190 0.003 1.68 366.0
2452169.72755 15.206 0.003 2.14 499.0
2452171.74714 15.180 0.003 5.33 490.0
2452172.75380 15.178 0.003 4.42 644.0
2452177.64731 15.204 0.003 5.49 517.0
2452178.68463 15.224 0.004 1.72 506.0
2452183.70670 15.191 0.004 1.62 867.0
2452184.70893 15.200 0.003 1.84 807.0
2452185.67243 15.218 0.003 5.85 798.0
2452186.69728 15.214 0.004 6.73 827.0
2452187.69245 15.200 0.003 5.83 864.0
2452190.69904 15.220 0.003 5.52 636.0
2452191.66960 15.187 0.003 6.01 480.0
2452192.67007 15.209 0.003 5.15 436.0
2452193.69113 15.225 0.003 3.89 530.0
2452194.66127 15.208 0.003 4.59 507.0
2452203.55773 15.195 0.003 5.72 642.0
2452206.61402 15.220 0.003 6.70 889.0
2452211.64811 15.209 0.003 4.70 808.0
2452212.65193 15.232 0.003 5.14 897.0
2452213.65776 15.206 0.003 4.58 999.0
2452214.64895 15.200 0.003 5.31 1048.0
2452215.65592 15.204 0.003 4.08 997.0
2452217.64262 15.197 0.003 4.99 1093.0
2452219.68549 15.199 0.003 6.12 728.0
2452222.73404 15.205 0.003 6.36 642.0
2452224.72034 15.215 0.003 5.62 703.0
2452226.64324 15.201 0.003 6.60 698.0
2452228.56514 15.235 0.003 5.39 667.0
2452229.62340 15.197 0.003 5.62 742.0
2452231.65005 15.224 0.003 5.43 720.0
2452232.51680 15.220 0.003 6.11 919.0
2452233.62020 15.190 0.003 9.99 0.0
2452235.67030 15.205 0.003 4.57 667.0
2452238.55386 15.170 0.003 5.69 713.0
2452240.65814 15.179 0.003 4.89 869.0
2452242.62567 15.185 0.003 5.71 1000.0
2452248.61498 15.192 0.003 4.70 580.0
2452250.58362 15.204 0.003 4.42 783.0
2452253.57727 15.197 0.003 4.56 640.0
2452255.61392 15.208 0.003 5.75 603.0
2452258.58020 15.215 0.002 4.54 738.0
2452263.59094 15.208 0.003 4.87 490.0
2452266.56690 15.208 0.003 4.57 1094.0
2452271.57128 15.182 0.003 4.83 968.0
2452273.57061 15.206 0.003 5.23 1153.0
2452275.60553 15.182 0.003 4.69 934.0
2452276.56511 15.189 0.003 5.99 892.0
2452278.59768 15.204 0.003 5.11 881.0
2452280.59351 15.200 0.003 5.78 800.0
2452284.59640 15.214 0.003 6.15 702.0
2452290.61035 15.198 0.003 4.94 823.0
2452293.57263 15.227 0.003 5.87 775.0
2452295.56548 15.209 0.003 6.00 689.0
2452297.56878 15.219 0.003 6.05 811.0
2452299.56785 15.200 0.003 5.73 865.0
2452301.56013 15.237 0.004 9.99 0.0
2452304.55903 15.201 0.004 9.99 0.0
2452445.91870 15.181 0.003 4.61 1069.0
2452460.88634 15.202 0.004 7.11 888.0
2452463.92265 15.207 0.003 4.32 955.0
2452465.93545 15.203 0.003 4.68 656.0
2452467.90844 15.222 0.003 6.36 464.0
2452469.90781 15.206 0.003 4.31 626.0
2452471.89728 15.211 0.003 5.32 613.0
2452472.92672 15.218 0.002 4.71 602.0
2452473.91360 15.216 0.002 4.71 667.0
2452481.91095 15.216 0.003 5.49 1092.0
2452483.89619 15.191 0.003 3.77 612.0
2452486.89319 15.211 0.003 5.80 761.0
2452488.88711 15.206 0.004 6.69 705.0
2452489.93058 15.218 0.003 6.92 746.0
2452492.91096 15.204 0.003 4.76 636.0
2452495.90570 15.203 0.003 5.28 662.0
2452496.91065 15.206 0.003 3.87 1099.0
2452497.93406 15.214 0.003 3.88 1302.0
2452498.78132 15.218 0.003 4.74 767.0
2452499.86697 15.207 0.003 4.43 623.0
2452500.87250 15.213 0.003 4.68 871.0
2452501.86149 15.228 0.003 3.70 735.0
2452502.84166 15.230 0.003 5.07 744.0
2452508.75298 15.205 0.004 6.47 1499.0
2452516.78426 15.188 0.003 5.49 874.0
2452517.83102 15.197 0.003 4.29 826.0
2452518.80243 15.192 0.003 5.93 517.0
2452519.83936 15.206 0.003 3.94 844.0
2452520.79873 15.203 0.003 5.06 728.0
2452521.83085 15.192 0.003 4.33 520.0
2452524.82913 15.201 0.003 6.41 728.0
2452526.78534 15.201 0.003 4.45 358.0
2452534.84173 15.209 0.003 5.56 774.0
2452535.82191 15.217 0.003 4.23 833.0
2452537.70967 15.193 0.003 5.98 887.0
2452538.80568 15.219 0.003 5.17 1037.0
2452539.70876 15.213 0.003 4.84 961.0
2452540.75035 15.219 0.004 6.79 812.0
2452541.72067 15.200 0.003 4.21 742.0
2452542.69046 15.214 0.003 4.72 593.0
2452544.66971 15.216 0.003 4.77 436.0
2452545.68403 15.212 0.003 4.46 573.0
2452547.70201 15.227 0.003 5.96 564.0
2452548.71919 15.226 0.003 4.20 540.0
2452550.71433 15.204 0.003 5.60 478.0
2452551.70097 15.212 0.003 4.95 374.0
2452552.71703 15.205 0.003 5.00 450.0
2452553.65768 15.226 0.004 6.83 502.0
2452554.71018 15.216 0.003 4.70 509.0
2452555.71812 15.198 0.003 5.21 443.0
2452556.69716 15.204 0.003 4.85 562.0
2452557.70969 15.208 0.003 3.66 438.0
2452558.66615 15.218 0.003 4.17 814.0
2452559.62306 15.210 0.003 4.80 745.0
2452560.65612 15.204 0.003 4.02 675.0
2452561.68167 15.227 0.004 8.15 715.0
2452562.67456 15.189 0.003 4.75 904.0
2452563.68252 15.209 0.003 3.99 753.0
2452564.69787 15.204 0.003 4.54 791.0
2452565.68809 15.197 0.003 4.91 864.0
2452566.66836 15.207 0.003 4.24 928.0
2452568.69938 15.203 0.003 4.80 1603.0
2452571.65275 15.203 0.003 5.51 750.0
2452574.64927 15.186 0.003 4.60 677.0
2452576.66256 15.189 0.003 6.09 547.0
2452577.63615 15.179 0.003 5.99 883.0
2452578.63623 15.177 0.003 4.65 781.0
2452579.64287 15.187 0.003 5.59 829.0
2452580.65499 15.158 0.003 3.93 801.0
2452583.62630 15.180 0.003 5.66 947.0
2452584.63367 15.180 0.003 5.37 807.0
2452586.63252 15.185 0.003 5.07 797.0
2452587.61599 15.191 0.003 4.11 714.0
2452588.72439 15.192 0.003 4.54 838.0
2452589.60687 15.193 0.003 4.42 919.0
2452590.62107 15.197 0.003 5.32 735.0
2452591.64418 15.191 0.003 4.23 1074.0
2452593.61321 15.196 0.003 3.62 963.0
2452594.61699 15.191 0.003 5.29 962.0
2452596.59251 15.172 0.003 4.89 1022.0
2452597.57967 15.191 0.003 4.08 1645.0
2452598.65353 15.188 0.003 4.30 1193.0
2452599.61299 15.174 0.003 4.38 1518.0
2452607.63421 15.204 0.003 5.81 718.0
2452610.55396 15.200 0.003 5.17 909.0
2452613.54776 15.204 0.003 5.33 761.0
2452615.57663 15.176 0.003 5.31 488.0
2452619.56428 15.202 0.003 5.65 667.0
2452621.57331 15.181 0.003 4.61 806.0
2452625.55586 15.197 0.004 6.36 946.0
2452628.54863 15.188 0.004 7.38 1035.0
2452632.55505 15.196 0.003 4.81 554.0
2452636.55079 15.192 0.003 6.47 652.0
2452639.55069 15.210 0.003 4.70 608.0
2452642.56002 15.207 0.003 5.32 909.0
2452646.57224 15.185 0.003 4.34 1094.0
2452651.54486 15.171 0.004 5.86 1004.0
2452654.56616 15.164 0.003 4.98 888.0
2452657.56494 15.181 0.003 4.87 1143.0
2452660.56465 15.183 0.003 5.34 840.0
2452663.57239 15.217 0.004 9.99 0.0
2452671.55835 15.187 0.003 5.05 658.0
2452673.57015 15.210 0.003 6.22 823.0
2452676.53151 15.177 0.003 5.56 940.0
2452679.54590 15.188 0.003 4.35 883.0
2452682.54778 15.213 0.004 5.90 690.0
2452777.91025 15.190 0.004 5.22 1225.0
2452804.87723 15.201 0.004 4.14 2317.0
2452805.85413 15.205 0.004 7.46 1336.0
2452811.91173 15.197 0.004 5.46 1263.0
2452814.94739 15.218 0.004 3.73 1798.0
2452817.93394 15.212 0.004 5.13 1125.0
2452825.91406 15.228 0.003 6.08 809.0
2452830.91105 15.219 0.004 9.99 0.0
2452831.78880 15.221 0.004 4.53 1855.0
2452832.75478 15.216 0.003 4.63 1123.0
2452832.93272 15.204 0.003 3.68 1105.0
2452833.87270 15.213 0.004 5.32 1267.0
2452835.88137 15.216 0.003 3.87 1155.0
2452837.88243 15.222 0.004 6.50 1223.0
2452838.93959 15.228 0.004 6.81 994.0
2452840.83235 15.239 0.003 5.32 820.0
2452843.83379 15.213 0.003 4.67 787.0
2452844.87960 15.237 0.003 3.68 706.0
2452845.92561 15.213 0.003 5.79 603.0
2452849.86306 15.191 0.003 4.61 823.0
2452850.89581 15.203 0.003 5.36 712.0
2452851.93937 15.183 0.004 5.32 1272.0
2452852.81001 15.191 0.003 5.22 851.0
2452854.83577 15.194 0.003 4.97 636.0
2452856.82273 15.216 0.004 5.78 917.0
2452858.91679 15.207 0.003 3.97 635.0
2452860.88277 15.203 0.003 3.68 682.0
2452861.75397 15.212 0.003 3.43 766.0
2452862.93297 15.223 0.003 5.28 1220.0
2452863.84219 15.205 0.004 5.37 1410.0
2452865.83904 15.224 0.003 3.50 1385.0
2452866.88873 15.196 0.003 5.16 848.0
2452867.82873 15.200 0.003 3.87 729.0
2452868.77641 15.207 0.003 4.58 734.0
2452869.90995 15.213 0.003 4.83 778.0
2452870.82299 15.211 0.003 3.65 720.0
2452871.86593 15.204 0.003 4.08 848.0
2452875.81228 15.234 0.003 5.16 656.0
2452879.74672 15.231 0.003 4.13 400.0
2452883.83287 15.234 0.003 3.84 654.0
2452885.76768 15.230 0.003 5.78 342.0
2452888.81600 15.223 0.003 5.03 1477.0
2452892.80738 15.214 0.003 4.97 898.0
2452894.73654 15.240 0.003 5.21 790.0
2452896.73363 15.238 0.003 4.44 530.0
2452898.75461 15.217 0.003 4.43 751.0
2452900.75346 15.225 0.003 3.75 433.0
2452902.75299 15.231 0.003 4.03 535.0
2452905.76018 15.238 0.003 5.89 487.0
2452907.76157 15.220 0.003 4.24 407.0
2452909.75069 15.247 0.002 4.51 348.0
2452911.74203 15.235 0.003 3.32 418.0
2452915.71354 15.256 0.003 3.75 584.0
2452917.73964 15.218 0.003 3.44 732.0
2452921.73740 15.230 0.003 4.48 825.0
2452923.75933 15.202 0.003 4.52 952.0
2452925.72232 15.215 0.003 3.91 715.0
2452927.71983 15.223 0.003 4.87 884.0
2452930.73790 15.241 0.003 4.84 635.0
2452932.74443 15.230 0.003 4.57 802.0
2452934.72423 15.228 0.003 3.79 618.0
2452939.70090 15.231 0.003 4.78 680.0
2452940.64099 15.259 0.003 3.76 464.0
2452941.69084 15.227 0.003 3.45 574.0
2452942.64098 15.216 0.003 4.17 676.0
2452943.61217 15.222 0.003 4.86 829.0
2452944.59678 15.225 0.003 3.60 787.0
2452945.61356 15.213 0.004 5.49 1290.0
2452947.62306 15.226 0.003 4.56 735.0
2452949.60432 15.234 0.003 3.81 1051.0
2452950.64910 15.239 0.003 3.35 1019.0
2452951.63628 15.235 0.003 3.79 1282.0
2452952.66522 15.252 0.003 4.14 1084.0
2452954.69012 15.231 0.004 5.16 1089.0
2452956.63608 15.239 0.003 3.35 580.0
2452958.63048 15.251 0.003 5.33 598.0
2452961.60159 15.242 0.004 6.73 775.0
2452965.63998 15.248 0.003 5.45 553.0
2452968.60132 15.237 0.003 3.97 944.0
2452970.62058 15.252 0.003 4.84 624.0
2452972.60506 15.242 0.003 4.66 707.0
2452974.62664 15.272 0.003 3.91 687.0
2452976.55549 15.250 0.003 4.62 808.0
2452978.58159 15.265 0.004 4.97 925.0
2452980.59847 15.279 0.004 5.72 876.0
2452982.54365 15.252 0.003 4.76 983.0
2452984.63456 15.258 0.003 4.32 800.0
2452986.64467 15.250 0.003 4.95 783.0
2452988.53701 15.212 0.004 6.22 732.0
2452991.61008 15.213 0.003 5.69 464.0
2452994.59280 15.240 0.003 5.27 583.0
2452997.56587 15.237 0.003 4.12 557.0
2453001.58104 15.250 0.003 4.25 728.0
2453005.53908 15.279 0.004 4.97 1006.0
2453008.56540 15.256 0.004 5.68 777.0
2453011.56879 15.257 0.004 5.82 998.0
2453016.59542 15.255 0.003 5.28 820.0
2453018.58187 15.242 0.003 5.61 500.0
2453020.60993 15.272 0.003 5.22 530.0
2453021.62273 15.245 0.003 4.18 390.0
2453023.57864 15.263 0.003 4.65 481.0
2453025.57713 15.236 0.003 5.22 550.0
2453027.61064 15.254 0.003 4.86 588.0
2453029.58252 15.248 0.003 5.06 607.0
2453031.58708 15.247 0.003 4.68 504.0
2453033.58943 15.239 0.003 4.16 689.0
2453037.53647 15.226 0.003 4.35 1072.0
2453164.93685 15.240 0.003 4.98 760.0
2453177.92465 15.238 0.003 5.65 847.0
2453183.91885 15.265 0.003 5.01 652.0
2453193.88663 15.214 0.003 5.05 1572.0
2453195.94584 15.230 0.003 3.71 1220.0
2453197.92134 15.237 0.003 4.38 829.0
2453201.87876 15.244 0.002 4.81 672.0
2453203.88672 15.236 0.003 3.14 600.0
2453206.82458 15.266 0.004 8.01 501.0
2453210.90063 15.241 0.003 4.64 584.0
2453211.89205 15.260 0.003 5.46 471.0
2453215.66817 15.255 0.003 5.98 1035.0
2453216.73621 15.247 0.003 4.70 1600.0
2453217.93669 15.256 0.003 4.51 1170.0
2453218.92611 15.254 0.004 6.41 1133.0
2453223.84218 15.269 0.003 5.97 573.0
2453226.83247 15.273 0.003 7.07 548.0
2453229.83962 15.259 0.003 4.13 464.0
2453231.82173 15.242 0.003 6.54 827.0
2453239.80013 15.241 0.003 5.00 484.0
2453240.79737 15.255 0.003 6.40 523.0
2453241.82174 15.272 0.003 5.13 683.0
2453242.72110 15.256 0.003 6.14 601.0
2453243.85752 15.255 0.003 9.99 0.0
2453244.83473 15.265 0.003 5.40 762.0
2453245.78386 15.268 0.003 5.46 705.0
2453246.77628 15.267 0.003 6.41 709.0
2453247.77007 15.275 0.003 3.97 932.0
2453249.73476 15.254 0.003 4.54 726.0
2453254.73543 15.281 0.003 5.13 337.0
2453257.75185 15.263 0.003 4.24 340.0
2453259.67103 15.247 0.003 6.15 325.0
2453261.70910 15.233 0.003 3.83 401.0
2453263.69180 15.229 0.003 3.15 457.0
2453265.72622 15.221 0.003 4.44 388.0
2453267.71503 15.225 0.002 5.33 503.0
2453269.79148 15.250 0.004 9.99 0.0
2453270.74832 15.236 0.003 5.35 515.0
2453271.67112 15.237 0.003 5.62 606.0
2453272.72833 15.246 0.003 4.64 567.0
2453274.71421 15.224 0.003 5.22 644.0
2453276.71864 15.246 0.003 4.94 950.0
2453277.75741 15.239 0.003 4.32 898.0
2453279.68899 15.223 0.003 3.65 641.0
2453281.64774 15.230 0.003 4.09 531.0
2453283.64922 15.235 0.002 3.60 457.0
2453287.61539 15.224 0.003 5.60 480.0
2453289.62648 15.235 0.003 4.89 493.0
2453293.60324 15.245 0.002 5.78 263.0
2453295.62205 15.239 0.002 4.08 365.0
2453297.60385 15.251 0.002 3.99 443.0
2453299.66019 15.225 0.002 3.65 515.0
2453301.63441 15.255 0.003 5.25 636.0
2453303.69667 15.250 0.003 5.14 880.0
2453306.62921 15.229 0.002 3.79 535.0
2453308.61696 15.245 0.003 4.89 989.0
2453310.61607 15.241 0.003 3.67 910.0
2453312.66011 15.235 0.003 3.61 740.0
2453314.57091 15.241 0.004 6.70 778.0
2453320.60877 15.243 0.003 3.89 606.0
2453323.55224 15.267 0.003 4.85 564.0
2453327.56371 15.228 0.003 4.09 585.0
2453330.55797 15.214 0.003 4.36 839.0
2453335.60278 15.240 0.003 4.92 1020.0
2453338.60638 15.262 0.003 3.78 704.0
2453349.60268 15.253 0.003 4.78 446.0
2453353.58180 15.263 0.003 5.04 511.0
2453359.55830 15.268 0.003 4.85 665.0
2453363.56565 15.243 0.003 4.50 891.0
2453367.62496 15.241 0.003 3.47 877.0
2453372.55568 15.260 0.003 5.08 564.0
2453376.53500 15.231 0.003 3.93 1070.0
2453378.60190 15.253 0.003 5.66 600.0
2453386.56837 15.257 0.003 4.13 513.0
2453390.58191 15.278 0.003 5.42 662.0
2453398.56367 15.228 0.003 5.42 707.0
2453402.55205 15.248 0.002 4.87 403.0
2453541.93700 15.223 0.003 4.64 539.0
2453547.92158 15.245 0.003 4.20 757.0
2453554.92979 15.250 0.003 5.34 495.0
2453560.95196 15.232 0.003 3.75 1969.0
2453564.91411 15.285 0.003 4.35 346.0
2453568.84499 15.260 0.003 4.80 625.0
2453570.78569 15.250 0.003 6.40 815.0
2453571.80804 15.250 0.003 6.73 930.0
2453573.84553 15.231 0.003 5.19 899.0
2453574.88455 15.273 0.003 4.50 685.0
2453577.84320 15.270 0.003 5.29 468.0
2453578.90176 15.233 0.002 3.83 559.0
2453579.80661 15.229 0.003 5.26 394.0
2453581.85156 15.237 0.003 4.12 783.0
2453581.87612 15.223 0.003 4.28 1021.0
2453582.83643 15.243 0.003 7.01 602.0
2453583.84645 15.259 0.002 4.31 459.0
2453584.81256 15.268 0.003 5.16 452.0
2453586.81520 15.240 0.002 3.57 430.0
2453588.83307 15.244 0.002 4.46 542.0
2453589.82798 15.259 0.003 4.36 536.0
2453591.88071 15.207 0.002 2.96 581.0
2453593.81826 15.248 0.003 4.87 783.0
2453596.89873 15.237 0.003 4.08 525.0
2453601.81635 15.250 0.003 3.95 940.0
2453607.82179 15.229 0.003 5.14 322.0
2453614.79320 15.273 0.002 4.24 266.0
2453617.77564 15.253 0.002 4.59 339.0
2453619.70562 15.239 0.003 4.43 477.0
2453621.72409 15.265 0.003 4.38 403.0
2453624.87238 15.253 0.003 6.35 543.0
2453626.72177 15.255 0.003 5.16 520.0
2453629.67536 15.245 0.003 5.43 953.0
2453631.73775 15.281 0.003 5.13 992.0
2453633.71404 15.276 0.003 5.13 874.0
2453637.65701 15.260 0.003 5.51 551.0
2453639.70708 15.263 0.002 3.16 447.0
2453641.70363 15.275 0.003 5.34 326.0
2453643.72800 15.262 0.003 5.03 348.0
2453646.66294 15.258 0.003 5.68 442.0
2453650.66619 15.242 0.003 5.75 512.0
2453650.69027 15.232 0.003 4.86 456.0
2453651.74017 15.254 0.003 4.00 530.0
2453653.73634 15.231 0.003 4.32 544.0
2453655.70250 15.272 0.003 3.54 604.0
2453657.65620 15.231 0.003 3.59 637.0
2453658.66833 15.256 0.003 4.17 626.0
2453659.64772 15.254 0.003 4.62 989.0
2453660.67591 15.261 0.003 4.42 1101.0
2453663.56740 15.263 0.003 5.50 840.0
2453665.64309 15.262 0.003 4.78 561.0
2453668.57944 15.245 0.003 4.62 499.0
2453669.71027 15.249 0.003 5.56 491.0
2453671.63906 15.257 0.003 4.11 501.0
2453673.68117 15.240 0.003 5.03 600.0
2453675.66576 15.240 0.003 3.99 575.0
2453681.63707 15.247 0.003 6.74 898.0
2453683.65507 15.274 0.003 4.15 671.0
2453685.66022 15.259 0.003 3.48 863.0
2453687.66051 15.275 0.003 4.55 829.0
2453689.61206 15.273 0.003 3.95 890.0
2453692.58306 15.267 0.003 4.48 817.0
2453694.56706 15.249 0.003 6.08 647.0
2453696.56758 15.264 0.003 3.38 503.0
2453698.60124 15.243 0.003 6.06 689.0
2453700.58216 15.249 0.003 6.16 538.0
2453702.59148 15.263 0.003 4.91 660.0
2453704.59775 15.262 0.003 4.24 609.0
2453706.61821 15.232 0.003 3.52 532.0
2453708.59106 15.267 0.003 5.40 542.0
2453711.59766 15.252 0.003 5.24 496.0
2453714.53138 15.230 0.003 5.00 897.0
2453718.61190 15.232 0.003 5.32 896.0
2453721.56549 15.222 0.003 3.48 1021.0
2453724.57048 15.246 0.003 4.67 560.0
2453726.59100 15.249 0.003 4.93 450.0
2453728.56412 15.250 0.003 4.52 623.0
2453734.56755 15.269 0.003 5.79 438.0
2453737.58323 15.238 0.003 4.29 581.0
2453742.54187 15.225 0.003 5.46 975.0
2453746.56710 15.232 0.003 4.53 1372.0
2453751.54698 15.265 0.003 5.25 1284.0
2453756.55974 15.271 0.003 8.24 518.0
2453761.60996 15.267 0.003 7.68 520.0
2453766.53479 15.279 0.003 4.33 695.0
2453772.55762 15.280 0.003 6.67 554.0
2453776.55766 15.277 0.003 4.51 778.0
2453871.88353 15.299 0.004 5.66 1224.0
2453901.94609 15.316 0.003 4.30 1554.0
2453906.94641 15.291 0.003 3.91 1024.0
2453913.92444 15.326 0.003 3.50 478.0
2453918.88686 15.302 0.003 4.47 538.0
2453931.92218 15.272 0.003 4.67 888.0
2453934.86522 15.280 0.003 3.68 645.0
2453936.87342 15.288 0.003 4.40 496.0
2453938.85743 15.309 0.003 5.27 503.0
2453944.90483 15.307 0.002 4.11 641.0
2453946.87297 15.279 0.003 4.66 429.0
2453951.89229 15.308 0.003 4.43 553.0
2453955.85742 15.296 0.003 5.63 762.0
2453958.84295 15.304 0.003 5.14 799.0
2453960.83410 15.305 0.003 3.22 742.0
2453963.83085 15.324 0.003 6.26 817.0
2453965.82268 15.295 0.002 3.13 373.0
2453967.86502 15.269 0.002 3.76 416.0
2453969.80822 15.295 0.003 5.24 396.0
2453971.78439 15.283 0.003 4.38 361.0
2453974.78615 15.266 0.003 5.48 383.0
2453979.74737 15.291 0.003 6.38 274.0
2453980.62485 15.319 0.003 6.44 733.0
2453981.65114 15.310 0.003 3.98 553.0
2453983.84147 15.279 0.003 4.93 661.0
2453987.78999 15.295 0.003 4.30 647.0
2453990.79732 15.305 0.003 3.95 504.0
2453993.74216 15.285 0.003 5.43 505.0
2453995.74741 15.288 0.002 4.62 344.0
2453999.75673 15.291 0.003 4.02 443.0
2454002.72884 15.289 0.002 3.90 447.0
2454004.68061 15.320 0.003 3.86 452.0
2454006.70686 15.303 0.002 3.35 477.0
2454007.57021 15.296 0.003 4.15 730.0
2454008.57919 15.315 0.003 4.65 476.0
2454009.74901 15.319 0.003 6.87 328.0
2454013.70571 15.306 0.003 4.18 821.0
2454016.70031 15.304 0.003 3.91 644.0
2454018.70703 15.285 0.003 4.08 692.0
2454019.69768 15.292 0.003 5.49 722.0
2454021.68446 15.285 0.003 4.02 418.0
2454024.65795 15.301 0.003 4.70 362.0
2454026.63683 15.298 0.003 4.38 471.0
2454028.63278 15.314 0.003 4.18 359.0
2454030.64534 15.275 0.003 5.00 373.0
2454032.69744 15.328 0.003 5.82 578.0
2454037.67362 15.292 0.002 4.47 406.0
2454039.61153 15.280 0.003 4.21 417.0
2454041.61110 15.333 0.003 5.23 812.0
2454043.59677 15.275 0.003 4.49 978.0
2454046.60608 15.291 0.003 4.63 769.0
2454048.57201 15.318 0.003 5.78 672.0
2454050.61410 15.288 0.003 3.40 771.0
2454052.56622 15.306 0.003 4.44 443.0
2454054.62038 15.325 0.003 5.39 627.0
2454056.59244 15.325 0.003 6.22 504.0
2454058.62602 15.284 0.003 3.84 828.0
2454060.52482 15.303 0.003 4.64 621.0
2454064.52249 15.291 0.002 3.71 561.0
2454066.56397 15.331 0.003 4.16 421.0
2454069.52231 15.322 0.003 4.27 928.0
2454073.60586 15.288 0.003 4.25 907.0
2454077.52923 15.286 0.003 4.27 612.0
2454079.53117 15.309 0.003 5.49 659.0
2454082.53109 15.292 0.003 5.07 776.0
2454085.56880 15.281 0.003 4.13 643.0
2454092.56486 15.283 0.002 4.28 459.0
2454096.59080 15.300 0.003 4.82 647.0
2454100.59357 15.293 0.003 5.49 719.0
2454105.56139 15.307 0.003 5.12 629.0
2454108.53763 15.289 0.003 4.11 680.0
2454113.61552 15.266 0.003 5.32 504.0
2454120.58634 15.275 0.002 4.47 473.0
2454252.93338 15.299 0.004 4.55 1399.0
2454255.85269 15.307 0.004 4.92 1216.0
2454268.90567 15.288 0.003 4.18 813.0
2454275.92780 15.297 0.004 4.70 935.0
2454279.82448 15.274 0.004 5.01 2019.0
2454282.81603 15.281 0.003 4.28 1095.0
2454283.86899 15.303 0.004 4.08 1297.0
2454285.92330 15.309 0.003 4.99 835.0
2454291.94412 15.292 0.004 6.12 1048.0
2454292.86263 15.273 0.003 3.66 646.0
2454295.86669 15.291 0.003 4.06 585.0
2454296.89641 15.323 0.003 4.80 378.0
2454297.92929 15.297 0.003 4.56 381.0
2454299.86414 15.311 0.003 4.47 380.0
2454300.88564 15.294 0.003 3.43 754.0
2454301.90363 15.299 0.003 3.93 285.0
2454302.92524 15.298 0.004 6.61 578.0
2454306.92239 15.283 0.003 5.29 451.0
2454307.90414 15.291 0.003 3.67 487.0
2454308.66530 15.308 0.003 4.85 916.0
2454308.87330 15.301 0.003 4.37 668.0
2454310.84566 15.289 0.003 4.08 1030.0
2454311.83321 15.287 0.004 6.09 1441.0
2454312.90708 15.260 0.003 3.40 598.0
2454314.92654 15.297 0.004 5.96 722.0
2454316.83308 15.274 0.003 4.53 932.0
2454319.87026 15.298 0.004 6.58 464.0
2454320.89715 15.317 0.004 5.97 614.0
2454326.84105 15.286 0.003 5.23 587.0
2454327.81987 15.334 0.004 6.94 722.0
2454328.83551 15.317 0.003 4.66 958.0
2454329.83745 15.295 0.003 4.29 823.0
2454330.86633 15.328 0.003 4.51 426.0
2454333.86761 15.313 0.003 5.26 488.0
2454338.90798 15.293 0.003 5.11 1026.0
2454340.78046 15.292 0.003 3.58 1410.0
2454341.77563 15.319 0.004 4.57 1116.0
2454342.83151 15.301 0.004 4.84 1310.0
2454343.76913 15.326 0.003 4.39 722.0
2454344.75128 15.319 0.003 4.39 696.0
2454345.79723 15.309 0.003 4.50 693.0
2454347.78617 15.308 0.003 3.81 710.0
2454349.79936 15.315 0.003 4.51 566.0
2454351.82660 15.301 0.003 6.32 349.0
2454353.75966 15.314 0.003 5.58 436.0
2454357.70854 15.293 0.004 6.19 421.0
2454359.70648 15.288 0.003 4.47 563.0
2454361.70904 15.277 0.003 5.90 623.0
2454362.73386 15.301 0.003 6.11 463.0
2454364.59079 15.299 0.004 6.04 813.0
2454367.68831 15.282 0.004 5.16 859.0
2454370.67999 15.288 0.003 4.36 1136.0
2454372.74342 15.292 0.003 3.60 634.0
2454376.65880 15.273 0.003 5.22 445.0
2454378.62539 15.287 0.003 5.94 498.0
2454379.65336 15.276 0.004 6.33 773.0
2454380.76622 15.299 0.003 4.44 682.0
2454382.69365 15.305 0.003 4.81 419.0
2454386.66871 15.307 0.003 5.28 389.0
2454388.66921 15.311 0.003 4.71 525.0
2454390.67819 15.310 0.003 3.66 598.0
2454393.65199 15.313 0.003 4.91 696.0
2454395.68687 15.324 0.003 4.77 869.0
2454398.65231 15.319 0.004 4.45 1084.0
2454400.67516 15.301 0.003 5.09 827.0
2454403.70098 15.289 0.003 4.88 746.0
2454407.64105 15.283 0.003 5.59 503.0
2454408.68724 15.315 0.003 5.18 723.0
2454410.71015 15.267 0.003 4.42 842.0
2454415.69431 15.311 0.003 4.71 832.0
2454418.60096 15.291 0.003 3.79 615.0
2454422.66218 15.307 0.003 4.52 620.0
2454424.65925 15.290 0.003 4.31 980.0
2454427.54593 15.270 0.003 4.80 963.0
2454429.57188 15.278 0.004 6.38 1188.0
2454431.57634 15.256 0.003 6.11 660.0
2454433.58218 15.300 0.004 6.20 579.0
2454435.57049 15.288 0.003 4.44 732.0
2454437.65954 15.320 0.004 5.57 985.0
2454439.57139 15.331 0.004 5.57 670.0
2454441.60725 15.318 0.003 5.59 614.0
2454443.59796 15.328 0.004 6.58 497.0
2454449.65198 15.307 0.003 5.10 571.0
2454451.60709 15.291 0.003 4.81 625.0
2454453.58907 15.299 0.003 5.15 815.0
2454456.59046 15.302 0.004 5.02 1079.0
2454459.54303 15.316 0.004 5.37 821.0
2454464.58268 15.278 0.003 5.37 405.0
2454465.54863 15.287 0.003 4.96 820.0
2454470.56754 15.295 0.003 5.12 808.0
2454474.60401 15.297 0.004 6.65 906.0
2454476.58217 15.289 0.003 5.62 513.0
2454479.60695 15.300 0.004 6.44 773.0
2454481.59163 15.291 0.003 6.88 731.0
2454484.60831 15.318 0.004 6.56 1279.0
2454487.62981 15.288 0.004 6.02 1800.0
2454609.90308 15.316 0.003 5.16 1074.0
2454643.88780 15.327 0.004 6.35 566.0
2454649.93801 15.303 0.003 4.50 905.0
2454655.94978 15.288 0.003 3.89 1903.0
2454661.90120 15.287 0.003 4.74 684.0
2454662.78390 15.324 0.003 3.31 785.0
2454662.90085 15.279 0.003 3.66 668.0
2454663.75560 15.323 0.003 4.59 979.0
2454663.93950 15.275 0.003 4.62 1077.0
2454665.82860 15.300 0.003 4.59 1218.0
2454665.92253 15.309 0.003 4.88 1226.0
2454666.91639 15.302 0.003 4.75 914.0
2454670.91082 15.276 0.003 4.02 780.0
2454671.82506 15.273 0.003 4.75 618.0
2454672.88480 15.307 0.003 5.00 633.0
2454675.90243 15.309 0.003 5.38 698.0
2454681.88217 15.285 0.003 3.80 419.0
2454683.87741 15.323 0.003 3.94 450.0
2454685.86351 15.303 0.003 4.27 672.0
2454688.81488 15.305 0.003 4.02 571.0
2454690.74042 15.322 0.003 4.74 384.0
2454691.74334 15.309 0.003 6.13 706.0
2454693.89842 15.291 0.004 5.80 1023.0
2454696.84835 15.315 0.004 7.20 782.0
2454698.76015 15.287 0.003 4.27 391.0
2454699.75416 15.308 0.003 5.03 508.0
2454700.79165 15.280 0.003 4.16 529.0
2454701.79687 15.276 0.003 5.26 407.0
2454702.85700 15.277 0.003 6.11 557.0
2454703.75609 15.304 0.003 5.38 436.0
2454704.77492 15.279 0.003 5.94 296.0
2454705.78216 15.280 0.003 5.70 395.0
2454707.77483 15.264 0.003 3.86 377.0
2454708.84309 15.285 0.003 4.42 394.0
2454710.75907 15.291 0.003 5.59 390.0
2454716.76058 15.299 0.003 5.22 377.0
2454719.75274 15.301 0.003 4.38 1732.0
2454721.74173 15.293 0.004 5.58 2070.0
2454724.77142 15.296 0.003 3.79 936.0
2454726.66708 15.298 0.003 5.83 611.0
2454729.67811 15.295 0.003 5.71 517.0
2454731.76830 15.299 0.003 4.10 318.0
2454734.75064 15.310 0.003 4.24 370.0
2454739.65672 15.308 0.003 5.90 437.0
2454741.73127 15.311 0.003 4.09 330.0
2454747.59786 15.322 0.003 5.33 611.0
2454749.59748 15.290 0.003 5.73 776.0
2454753.66659 15.317 0.003 5.54 810.0
2454755.66055 15.283 0.003 3.51 697.0
2454757.64500 15.319 0.003 3.42 704.0
2454759.65758 15.299 0.003 3.98 537.0
2454761.62788 15.316 0.003 3.63 300.0
2454763.64051 15.311 0.003 6.71 469.0
2454766.60874 15.292 0.003 5.91 703.0
2454769.64680 15.285 0.003 6.30 583.0
2454771.55783 15.260 0.003 6.68 661.0
2454773.68268 15.300 0.003 4.95 563.0
2454775.66955 15.281 0.003 5.90 740.0
2454777.60326 15.305 0.003 5.20 720.0
2454779.63887 15.300 0.003 4.34 789.0
2454781.58876 15.316 0.003 5.00 802.0
2454783.57239 15.300 0.003 4.19 1024.0
2454785.60350 15.290 0.003 6.10 776.0
2454787.55985 15.329 0.004 4.67 1862.0
2454789.53890 15.312 0.003 5.31 653.0
2454790.62111 15.329 0.003 4.03 427.0
2454791.61938 15.300 0.003 4.09 451.0
2454793.52353 15.329 0.003 4.29 657.0
2454795.54057 15.295 0.003 3.13 574.0
2454797.53278 15.351 0.003 4.43 594.0
2454798.59605 15.318 0.004 7.13 663.0
2454800.64337 15.304 0.003 4.13 883.0
2454803.53467 15.330 0.003 5.54 742.0
2454804.58487 15.295 0.003 5.74 831.0
2454806.59386 15.309 0.003 5.30 561.0
2454808.55212 15.302 0.003 4.74 845.0
2454810.56253 15.312 0.003 4.55 840.0
2454813.60190 15.308 0.003 4.81 1013.0
2454815.57807 15.288 0.003 5.37 842.0
2454817.59453 15.329 0.003 4.07 669.0
2454819.59415 15.310 0.003 4.85 520.0
2454821.63602 15.325 0.003 5.14 383.0
2454823.59680 15.329 0.003 5.44 499.0
2454825.62526 15.333 0.003 5.51 541.0
2454833.55760 15.343 0.003 5.57 597.0
2454835.58019 15.303 0.003 6.28 710.0
2454839.60169 15.277 0.003 6.00 816.0
2454842.56876 15.270 0.003 4.87 1185.0
2454844.57929 15.294 0.003 4.29 762.0
2454847.63353 15.300 0.004 6.09 1483.0
2454849.59337 15.293 0.003 4.74 583.0
2454853.59080 15.314 0.003 5.81 597.0
2454856.58475 15.311 0.003 5.46 532.0
2454865.55783 15.303 0.003 4.36 961.0
