2455347.92940 14.051 0.003 4.95 1400.0
2455380.92878 14.052 0.003 6.16 460.0
2455381.93787 14.063 0.003 7.16 786.0
2455385.95062 14.036 0.003 4.22 2559.0
2455400.89936 14.042 0.003 4.61 614.0
2455401.88864 14.076 0.003 7.86 725.0
2455403.88517 14.048 0.003 4.20 851.0
2455407.90608 14.060 0.003 7.53 490.0
2455426.86727 14.034 0.003 4.75 292.0
2455432.85600 14.045 0.003 5.46 859.0
2455433.83254 14.043 0.003 4.99 730.0
2455465.80165 14.040 0.003 6.92 613.0
2455477.68742 14.047 0.003 4.31 287.0
2455482.64546 14.061 0.003 7.45 406.0
2455496.62881 14.055 0.003 7.36 577.0
2455498.61044 14.057 0.003 7.12 383.0
2455499.62096 14.054 0.003 5.77 335.0
2455503.60342 14.049 0.003 4.59 337.0
2455504.65535 14.069 0.003 3.64 404.0
2455507.59016 14.060 0.003 4.67 384.0
2455508.57299 14.048 0.003 5.92 377.0
2455510.61036 14.059 0.003 5.22 364.0
2455511.59506 14.054 0.003 5.94 371.0
2455513.58337 14.055 0.003 6.04 443.0
2455514.64394 14.053 0.003 4.11 503.0
2455515.58562 14.040 0.003 6.87 481.0
2455516.59188 14.048 0.003 5.38 412.0
2455517.57121 14.051 0.003 5.20 510.0
2455518.58298 14.045 0.003 5.88 489.0
2455519.58039 14.061 0.003 6.70 605.0
2455521.58520 14.062 0.003 7.03 745.0
2455547.60608 14.026 0.003 5.46 555.0
2455550.62188 14.024 0.003 6.84 762.0
2455699.90715 14.060 0.003 6.27 1107.0
2455756.90728 14.042 0.003 6.43 887.0
2455759.88863 14.033 0.003 4.87 743.0
2455762.85611 14.040 0.003 5.24 548.0
2455763.86556 14.022 0.003 5.84 593.0
2455764.87847 14.037 0.003 4.45 355.0
2455866.65508 14.068 0.003 4.11 385.0
2455893.58816 14.048 0.003 4.78 378.0
2455894.58858 14.058 0.003 5.28 358.0
2455895.56029 14.051 0.003 4.13 347.0
2455896.52938 14.047 0.003 4.72 519.0
2455898.59596 14.067 0.003 5.57 507.0
2455899.59511 14.045 0.003 4.95 473.0
2455900.59705 14.043 0.003 5.30 484.0
2455901.60753 14.051 0.003 5.50 664.0
2455902.59725 14.052 0.003 6.30 640.0
2455903.63260 14.042 0.003 5.72 807.0
2455904.61291 14.035 0.003 4.36 638.0
2455907.60917 14.052 0.003 6.26 610.0
2455913.60454 14.047 0.003 5.34 551.0
2455914.63605 14.042 0.003 4.54 431.0
2455918.63216 14.060 0.003 4.38 362.0
2455922.64835 14.052 0.003 4.97 346.0
2455925.63516 14.042 0.003 5.17 478.0
2455929.60226 14.056 0.003 6.93 438.0
2455932.63814 14.050 0.003 5.94 732.0
2455938.61066 14.053 0.003 4.67 463.0
2455959.56930 14.033 0.003 5.82 378.0
2456084.90678 14.081 0.003 5.76 753.0
2456118.95281 14.072 0.003 4.72 1293.0
2456164.88495 14.108 0.003 5.14 444.0
2456172.75468 14.090 0.003 4.83 515.0
2456181.72931 14.094 0.003 4.18 334.0
2456184.67804 14.093 0.003 4.78 186.0
2456186.68832 14.104 0.003 5.18 278.0
2456211.80352 14.096 0.003 6.18 529.0
2456216.75756 14.095 0.003 3.84 338.0
2456218.75174 14.108 0.003 5.71 274.0
2456246.51741 14.109 0.003 4.32 429.0
2456249.52338 14.126 0.003 6.04 376.0
2456255.61133 14.091 0.003 4.24 446.0
2456263.53203 14.108 0.003 4.73 447.0
2456272.60786 14.114 0.003 4.15 301.0
2456284.60623 14.121 0.003 4.93 457.0
2456287.55019 14.098 0.003 4.63 578.0
2456291.64347 14.105 0.003 5.40 617.0
2456294.58017 14.114 0.003 5.36 205.0
2456483.90004 14.135 0.003 7.44 330.0
2456491.92984 14.113 0.003 3.77 377.0
2456514.82115 14.116 0.003 5.14 312.0
2456519.84496 14.112 0.003 4.29 292.0
2456522.72565 14.123 0.003 4.88 447.0
2456525.82009 14.136 0.003 5.14 815.0
2456530.76318 14.127 0.003 4.99 232.0
2456532.75677 14.133 0.003 6.91 269.0
2456534.77843 14.116 0.003 4.62 249.0
2456538.72353 14.121 0.003 5.49 253.0
2456543.76223 14.108 0.003 4.64 278.0
2456546.79213 14.115 0.003 4.01 183.0
2456548.69675 14.119 0.003 4.66 256.0
2456570.66565 14.128 0.003 4.18 231.0
2456575.67592 14.113 0.003 3.90 235.0
2456579.64757 14.126 0.003 4.77 498.0
2456584.62670 14.109 0.003 3.63 801.0
2456592.61368 14.129 0.003 6.23 307.0
2456605.56148 14.130 0.003 6.60 330.0
2456610.55161 14.137 0.003 5.00 497.0
2456613.62464 14.146 0.003 4.63 535.0
2456616.56082 14.129 0.003 4.57 447.0
2456622.58907 14.140 0.003 5.96 261.0
2456631.59410 14.134 0.003 5.58 312.0
2456638.56955 14.136 0.003 5.46 355.0
2456645.57857 14.128 0.003 4.61 413.0
2456651.54362 14.127 0.003 5.59 283.0
2456657.57885 14.146 0.003 4.74 366.0
2456664.59313 14.129 0.003 4.63 340.0
2456669.57286 14.132 0.003 5.00 567.0
2456795.92620 14.149 0.003 4.06 847.0
2456829.93888 14.161 0.003 6.19 473.0
2456834.92894 14.153 0.003 4.75 712.0
2456841.88548 14.161 0.003 6.12 448.0
2456851.86702 14.174 0.003 6.48 957.0
2456857.88264 14.150 0.003 3.84 417.0
2456864.90982 14.155 0.003 4.65 387.0
2456870.87238 14.144 0.003 4.47 452.0
2456872.82946 14.146 0.003 6.86 340.0
2456878.79637 14.164 0.003 6.70 686.0
2456882.80951 14.147 0.003 4.64 460.0
2456885.83483 14.154 0.003 4.62 303.0
2456888.80049 14.149 0.003 4.70 270.0
2456891.79343 14.152 0.003 6.46 445.0
2456904.71556 14.157 0.003 6.08 373.0
2456912.74168 14.148 0.003 5.08 451.0
2456920.67975 14.155 0.003 5.86 243.0
2456924.69126 14.147 0.003 5.09 219.0
2456929.69802 14.144 0.003 5.44 384.0
2456932.65299 14.149 0.003 6.34 305.0
2456939.60501 14.148 0.003 5.34 743.0
2456942.64885 14.156 0.003 5.61 418.0
2456948.64060 14.146 0.003 4.57 408.0
2456951.66951 14.150 0.003 4.02 499.0
2456954.65087 14.135 0.003 3.51 480.0
2456958.66474 14.149 0.003 4.20 435.0
2456963.58273 14.149 0.003 6.06 517.0
2456981.58350 14.157 0.003 5.54 414.0
2456982.59179 14.163 0.003 5.50 623.0
2456984.61647 14.134 0.003 4.22 480.0
2456987.58631 14.152 0.003 4.91 381.0
2456992.60173 14.144 0.003 5.07 439.0
2456996.55763 14.143 0.003 4.72 645.0
2456999.58362 14.136 0.003 4.68 564.0
2457003.56224 14.149 0.003 5.46 362.0
2457009.57090 14.138 0.003 5.19 331.0
2457015.60851 14.146 0.003 5.05 432.0
2457019.56942 14.147 0.003 7.36 281.0
2457026.61227 14.135 0.003 5.29 745.0
2457031.56409 14.120 0.003 4.96 627.0
2457035.55556 14.147 0.003 8.07 361.0
2457040.54461 14.123 0.003 6.35 305.0
2457043.53862 14.133 0.003 6.39 633.0
2457046.54367 14.133 0.003 5.30 278.0
2457048.54479 14.129 0.003 6.18 307.0
2457051.54206 14.131 0.003 6.95 580.0
2457192.91600 14.068 0.003 5.74 466.0
2457200.91872 14.072 0.003 4.55 484.0
2457205.89282 14.075 0.003 5.33 1081.0
2457210.92629 14.069 0.003 4.72 552.0
2457221.87095 14.053 0.003 5.01 359.0
2457228.87214 14.057 0.003 5.41 383.0
2457233.84499 14.075 0.003 6.62 788.0
2457249.82206 14.058 0.003 5.17 252.0
2457255.78154 14.047 0.003 6.03 275.0
2457258.81912 14.053 0.003 4.59 263.0
2457261.82452 14.056 0.003 5.04 548.0
2457264.82967 14.057 0.003 4.66 789.0
2457267.79045 14.059 0.003 5.34 365.0
2457270.77801 14.060 0.003 4.28 306.0
2457274.79937 14.049 0.003 5.90 238.0
2457278.74830 14.052 0.003 5.45 266.0
2457286.73340 14.060 0.003 7.48 250.0
2457290.76919 14.043 0.003 6.06 877.0
2457291.68194 14.052 0.003 8.05 645.0
2457295.68591 14.049 0.003 5.39 569.0
2457303.65052 14.068 0.003 7.46 305.0
2457307.65995 14.052 0.003 4.87 268.0
2457313.64235 14.048 0.003 6.08 333.0
2457319.65381 14.048 0.003 6.32 560.0
2457324.63232 14.068 0.003 6.95 557.0
2457333.59531 14.040 0.003 4.89 337.0
2457339.61785 14.046 0.003 5.02 325.0
2457344.63265 14.052 0.003 5.46 427.0
2457348.61878 14.049 0.003 6.07 558.0
2457354.64711 14.039 0.003 4.56 611.0
2457357.60837 14.031 0.003 4.78 397.0
2457361.58980 14.037 0.003 5.41 297.0
2457363.60505 14.034 0.003 3.47 374.0
2457366.56614 14.037 0.003 4.24 381.0
2457372.56290 14.035 0.003 4.66 272.0
2457375.57911 14.037 0.003 4.80 434.0
2457378.59914 14.030 0.003 4.29 644.0
2457383.59820 14.030 0.003 4.46 572.0
2457388.56330 14.027 0.003 5.10 321.0
2457394.56276 14.024 0.003 6.56 337.0
2457399.54274 14.033 0.003 4.83 458.0
2457403.57109 14.033 0.003 4.87 466.0
2457406.54188 14.036 0.003 5.76 434.0
2457411.54031 14.046 0.003 6.11 821.0
2457434.52863 14.040 0.003 6.34 531.0
2457560.92671 14.037 0.003 5.97 694.0
2457568.88723 14.051 0.003 7.50 438.0
2457581.88378 14.051 0.003 5.05 285.0
2457584.93022 14.045 0.003 5.24 275.0
2457589.93628 14.047 0.003 5.06 851.0
2457593.89260 14.066 0.003 5.52 394.0
2457599.89850 14.073 0.003 4.88 364.0
2457603.84916 14.055 0.003 5.11 264.0
2457607.84975 14.062 0.003 4.52 221.0
2457610.89090 14.058 0.003 3.98 428.0
2457616.83320 14.062 0.003 4.27 543.0
2457621.81671 14.059 0.003 5.51 461.0
2457624.80897 14.070 0.003 6.86 267.0
2457626.83181 14.064 0.003 4.80 386.0
2457630.78744 14.071 0.003 6.03 224.0
2457633.79038 14.065 0.003 6.75 271.0
2457637.78789 14.062 0.003 5.62 340.0
2457643.71662 14.068 0.003 5.52 420.0
2457647.73381 14.067 0.003 3.90 742.0
2457650.74139 14.064 0.003 5.89 418.0
2457653.74776 14.081 0.003 4.94 383.0
2457657.69979 14.076 0.003 4.51 288.0
2457660.69212 14.071 0.003 6.28 258.0
2457663.68403 14.085 0.003 4.32 298.0
2457667.67024 14.058 0.003 4.35 300.0
2457675.64965 14.074 0.003 4.94 806.0
2457682.70153 14.073 0.003 4.20 421.0
2457686.67659 14.080 0.003 7.29 479.0
2457691.64061 14.060 0.003 5.06 275.0
2457697.66814 14.080 0.003 4.01 290.0
2457700.62282 14.067 0.003 4.61 555.0
2457703.59351 14.075 0.003 3.89 477.0
2457707.59296 14.069 0.003 4.85 853.0
2457710.61358 14.060 0.003 5.31 327.0
2457713.57732 14.062 0.003 5.31 273.0
2457717.61150 14.065 0.003 5.76 267.0
2457734.64211 14.042 0.003 5.75 741.0
2457738.56794 14.073 0.003 4.87 516.0
2457743.56912 14.056 0.003 5.13 411.0
2457750.56716 14.058 0.003 5.17 255.0
2457755.56723 14.070 0.003 5.42 236.0
2457760.55800 14.076 0.003 4.83 418.0
2457765.54551 14.084 0.003 5.87 860.0
2457773.54604 14.060 0.003 5.51 279.0
2457924.91824 14.105 0.003 4.19 576.0
2457934.92745 14.106 0.003 5.36 223.0
2457944.91348 14.117 0.003 5.21 596.0
2457948.89894 14.114 0.003 4.80 593.0
2457955.88246 14.114 0.003 3.97 279.0
2457959.82874 14.109 0.003 5.59 243.0
2457962.82398 14.104 0.003 5.56 375.0
2457971.79180 14.119 0.003 5.36 594.0
2457974.80880 14.123 0.003 4.98 684.0
2457979.85375 14.113 0.003 4.39 494.0
2457981.79246 14.130 0.003 5.48 506.0
2457984.79441 14.128 0.003 5.68 275.0
2457987.79576 14.128 0.003 4.95 367.0
2457992.77716 14.134 0.003 5.73 339.0
2458000.75068 14.148 0.003 7.51 601.0
2458003.77051 14.142 0.003 6.06 606.0
2458013.74391 14.141 0.003 4.55 271.0
2458018.71066 14.150 0.003 4.97 361.0
2458022.75182 14.136 0.003 4.80 259.0
2458027.70039 14.147 0.003 6.35 522.0
2458032.67026 14.141 0.003 5.04 847.0
2458035.64388 14.151 0.003 6.02 404.0
2458039.59968 14.150 0.003 6.46 325.0
2458043.58582 14.144 0.003 5.06 388.0
2458046.64207 14.156 0.003 4.89 309.0
2458064.61026 14.155 0.003 4.44 540.0
2458065.62307 14.161 0.003 5.19 543.0
2458068.61749 14.154 0.003 5.13 480.0
2458072.54590 14.170 0.003 6.60 495.0
2458077.56956 14.182 0.003 5.70 393.0
2458081.55171 14.161 0.003 3.84 478.0
2458086.54985 14.199 0.003 5.88 483.0
2458091.55490 14.165 0.003 4.43 850.0
2458096.58986 14.154 0.003 4.57 378.0
2458108.62925 14.151 0.003 4.93 328.0
2458113.60162 14.170 0.003 4.94 354.0
2458118.59246 14.160 0.003 5.89 766.0
2458124.54535 14.154 0.003 5.28 238.0
2458132.62942 14.162 0.003 5.95 351.0
2458136.57881 14.144 0.003 5.52 376.0
2458141.57045 14.130 0.003 5.92 283.0
2458144.53843 14.131 0.003 5.27 581.0
2458149.53801 14.121 0.003 4.67 830.0
2458150.52854 14.124 0.003 6.60 1540.0
2458286.92464 14.077 0.003 4.81 300.0
2458292.90503 14.056 0.003 5.53 464.0
2458306.92418 14.089 0.003 7.39 390.0
2458310.89016 14.087 0.003 4.93 280.0
2458314.88778 14.093 0.003 5.73 399.0
2458321.83491 14.088 0.003 6.65 465.0
2458328.84635 14.069 0.003 5.73 724.0
2458332.85506 14.063 0.003 5.72 403.0
2458340.84435 14.064 0.003 3.94 194.0
2458344.85401 14.080 0.003 4.22 235.0
2458347.82023 14.057 0.003 4.33 183.0
2458355.82436 14.069 0.003 4.01 539.0
2458358.75466 14.054 0.003 5.77 541.0
2458362.83971 14.065 0.003 7.21 319.0
2458366.81547 14.066 0.003 6.55 302.0
2458371.72294 14.058 0.003 5.55 244.0
2458375.74025 14.053 0.003 5.41 241.0
2458382.70185 14.068 0.003 4.47 459.0
2458385.74728 14.048 0.003 3.81 575.0
2458393.73425 14.045 0.003 4.10 239.0
2458401.67824 14.055 0.003 5.03 230.0
2458409.64242 14.033 0.003 5.33 367.0
2458414.64760 14.031 0.003 5.75 737.0
2458419.57637 14.019 0.003 4.58 336.0
2458426.59494 14.031 0.003 5.28 368.0
2458430.58821 14.048 0.003 4.82 287.0
2458433.59209 14.053 0.003 5.32 292.0
2458437.58230 14.043 0.003 4.15 448.0
2458450.57674 14.047 0.003 3.83 250.0
2458461.59115 14.046 0.003 7.02 243.0
2458464.58525 14.055 0.003 4.14 341.0
2458467.59368 14.042 0.003 4.70 318.0
2458473.56856 14.046 0.003 4.31 592.0
2458478.54482 14.061 0.003 4.59 226.0
2458484.57190 14.057 0.003 4.15 212.0
2458491.57556 14.041 0.003 5.66 255.0
2458497.54581 14.039 0.003 5.77 518.0
2458504.59884 14.038 0.003 3.83 968.0
2458509.56635 14.073 0.003 7.70 288.0
2458516.59130 14.027 0.003 6.73 303.0
2458525.55624 14.051 0.003 4.92 379.0
2458660.92648 14.062 0.003 5.30 328.0
2458666.91916 14.050 0.003 6.23 314.0
2458667.94648 14.057 0.003 5.23 747.0
2458668.93074 14.061 0.003 4.95 422.0
2458675.86463 14.059 0.003 5.07 451.0
2458683.89525 14.052 0.003 7.30 481.0
2458692.80614 14.074 0.003 5.43 369.0
2458699.79590 14.097 0.003 4.48 222.0
2458704.84327 14.100 0.003 5.15 309.0
2458708.77841 14.109 0.003 4.96 536.0
2458713.82984 14.127 0.003 5.97 519.0
2458718.80890 14.121 0.003 5.10 377.0
2458722.74659 14.116 0.003 4.99 198.0
2458726.74434 14.125 0.003 5.20 224.0
2458730.74790 14.124 0.003 5.79 272.0
2458736.73399 14.163 0.003 6.56 448.0
2458739.77603 14.159 0.003 6.76 561.0
2458742.71979 14.203 0.003 5.56 454.0
2458748.72538 14.171 0.003 6.27 297.0
2458754.72773 14.151 0.003 5.81 345.0
2458757.70507 14.171 0.003 6.74 173.0
2458760.74653 14.172 0.003 7.01 322.0
2458763.68595 14.170 0.003 5.13 307.0
2458772.66467 14.187 0.003 6.40 436.0
2458777.64175 14.199 0.003 6.07 324.0
2458781.62344 14.218 0.003 4.96 309.0
2458784.73554 14.212 0.003 5.80 276.0
2458791.66068 14.206 0.003 4.95 414.0
2458794.58867 14.208 0.003 4.40 397.0
2458797.60360 14.223 0.003 4.90 689.0
2458798.57771 14.198 0.003 4.33 656.0
2458800.58665 14.235 0.003 5.57 814.0
2458803.63189 14.214 0.003 5.01 464.0
2458806.62538 14.206 0.003 5.22 276.0
2458811.60241 14.218 0.003 5.44 354.0
2458815.53031 14.246 0.003 4.62 328.0
2458819.53235 14.235 0.003 8.25 335.0
2458824.58978 14.225 0.003 5.97 443.0
2458831.59113 14.227 0.003 4.53 410.0
2458836.58850 14.223 0.003 4.56 323.0
2458840.59333 14.232 0.003 5.10 284.0
2458847.57008 14.229 0.003 5.43 177.0
2458853.54301 14.227 0.003 5.71 385.0
2458860.53720 14.249 0.003 5.87 350.0
2458866.63101 14.234 0.003 3.75 377.0
2458875.54204 14.286 0.003 6.41 351.0
