2455261.66360 17.536 0.011 4.33 425.0
2455265.62616 17.133 0.011 6.14 427.0
2455266.62015 17.091 0.009 5.31 327.0
2455268.61429 17.075 0.010 5.73 543.0
2455269.58367 17.062 0.009 4.80 514.0
2455270.58588 16.987 0.008 4.77 357.0
2455271.59319 17.060 0.009 4.76 381.0
2455273.58149 16.862 0.008 6.09 332.0
2455274.61272 16.797 0.008 5.73 497.0
2455276.59210 16.975 0.008 4.95 305.0
2455281.57040 16.982 0.008 4.42 587.0
2455282.57500 17.068 0.011 5.62 717.0
2455290.49500 17.079 0.009 5.07 517.0
2455293.49089 16.940 0.010 6.42 493.0
2455295.51971 16.838 0.009 5.65 588.0
2455299.52506 17.103 0.010 5.51 547.0
2455305.54574 17.049 0.010 5.60 769.0
2455307.48211 16.968 0.009 5.56 498.0
2455311.53913 16.903 0.011 5.72 680.0
2455313.52169 16.906 0.011 6.51 938.0
2455315.50241 16.918 0.010 5.05 1175.0
2455321.48890 16.753 0.009 6.33 670.0
2455322.49901 16.822 0.009 5.40 826.0
2455324.50337 16.800 0.009 5.36 1000.0
2455326.51086 17.022 0.009 5.94 593.0
2455327.50087 17.174 0.009 5.61 553.0
2455335.49131 17.014 0.009 5.25 665.0
2455342.49148 17.153 0.017 7.65 1179.0
2455430.93356 17.083 0.017 5.40 3862.0
2455443.87075 17.797 0.013 4.65 382.0
2455448.90220 17.728 0.013 4.46 467.0
2455451.84529 17.754 0.018 6.62 549.0
2455454.89456 17.735 0.013 5.58 355.0
2455457.78915 17.730 0.011 3.76 397.0
2455461.86699 17.665 0.014 4.40 912.0
2455465.88623 17.776 0.018 6.39 575.0
2455467.86909 17.780 0.013 4.55 510.0
2455468.85808 17.737 0.014 5.36 481.0
2455470.83313 17.710 0.012 4.32 388.0
2455471.88072 17.808 0.012 4.16 397.0
2455473.81559 17.661 0.010 4.14 292.0
2455477.81874 17.721 0.011 3.91 335.0
2455478.84054 17.688 0.011 3.93 362.0
2455481.76441 17.785 0.014 6.31 260.0
2455483.79734 17.813 0.015 6.38 350.0
2455484.80980 17.826 0.013 5.38 290.0
2455486.79152 17.724 0.013 5.76 324.0
2455487.79338 17.736 0.013 4.38 527.0
2455490.85643 17.639 0.015 5.35 562.0
2455491.84446 17.549 0.012 5.04 504.0
2455492.78618 17.543 0.012 4.25 781.0
2455493.80847 17.540 0.013 5.26 581.0
2455494.85325 17.458 0.011 4.20 702.0
2455495.81042 17.553 0.011 4.31 489.0
2455496.80825 17.570 0.017 6.78 623.0
2455497.83841 17.577 0.012 5.22 388.0
2455499.74543 17.632 0.011 4.91 302.0
2455502.81557 17.619 0.011 3.80 363.0
2455503.77081 17.644 0.011 3.70 354.0
2455505.74052 17.644 0.013 5.27 478.0
2455506.75801 17.608 0.010 3.35 300.0
2455507.77614 17.598 0.010 3.94 249.0
2455509.68450 17.617 0.011 4.48 375.0
2455510.74040 17.578 0.011 4.60 289.0
2455511.71666 17.540 0.011 4.83 320.0
2455512.75973 17.559 0.010 3.81 300.0
2455513.73002 17.574 0.010 4.15 344.0
2455514.76254 17.527 0.010 3.97 312.0
2455515.67983 17.537 0.012 4.66 446.0
2455516.76538 17.438 0.010 3.99 315.0
2455517.67851 17.495 0.013 5.23 489.0
2455518.77496 17.610 0.017 6.82 611.0
2455519.70136 17.557 0.016 6.92 615.0
2455521.71818 17.563 0.013 4.41 702.0
2455522.74332 17.574 0.012 4.30 650.0
2455523.70801 17.459 0.011 4.58 555.0
2455524.71651 17.631 0.011 3.50 634.0
2455525.74952 17.629 0.010 3.37 447.0
2455526.70163 17.655 0.011 3.15 547.0
2455527.78232 17.719 0.011 3.58 328.0
2455528.72344 17.649 0.012 4.14 501.0
2455529.70372 17.578 0.012 5.36 334.0
2455530.71092 17.545 0.012 5.36 348.0
2455531.79415 17.519 0.009 3.84 289.0
2455532.70230 17.521 0.009 3.48 276.0
2455533.72565 17.491 0.010 5.29 252.0
2455534.75712 17.421 0.009 4.16 291.0
2455535.73400 17.471 0.010 4.40 293.0
2455536.73665 17.414 0.009 4.52 268.0
2455539.74687 17.437 0.010 4.56 308.0
2455540.83106 17.414 0.010 5.22 294.0
2455541.69724 17.436 0.010 5.64 291.0
2455542.75640 17.436 0.009 4.71 250.0
2455543.78721 17.331 0.011 6.66 265.0
2455544.77466 17.399 0.009 4.71 289.0
2455545.76394 17.427 0.010 5.30 308.0
2455546.71365 17.491 0.011 5.40 375.0
2455547.77342 17.476 0.011 5.28 328.0
2455548.74131 17.521 0.011 4.37 426.0
2455549.70121 17.582 0.012 4.71 508.0
2455550.75345 17.481 0.012 4.81 662.0
2455551.71097 17.512 0.014 5.06 875.0
2455553.75695 17.554 0.013 5.65 496.0
2455556.70495 17.463 0.011 4.73 466.0
2455557.68609 17.472 0.010 4.27 378.0
2455558.68698 17.457 0.011 6.31 246.0
2455559.73016 17.325 0.009 4.89 348.0
2455560.66889 17.418 0.009 4.17 266.0
2455561.70266 17.419 0.011 6.04 325.0
2455562.72203 17.331 0.009 4.38 357.0
2455563.65598 17.431 0.011 5.78 355.0
2455565.68789 17.434 0.009 4.59 244.0
2455566.71457 17.474 0.010 3.97 467.0
2455568.73488 17.574 0.012 5.48 421.0
2455569.72947 17.544 0.013 7.15 292.0
2455570.76895 17.512 0.011 6.19 300.0
2455571.70058 17.516 0.011 5.55 271.0
2455572.81757 17.489 0.011 5.80 309.0
2455575.72154 17.446 0.010 4.24 378.0
2455576.69570 17.455 0.010 5.26 300.0
2455577.69798 17.402 0.010 4.78 464.0
2455578.70534 17.412 0.011 4.96 520.0
2455579.75522 17.422 0.014 5.31 951.0
2455580.69925 17.459 0.010 4.15 493.0
2455581.70140 17.365 0.010 4.06 775.0
2455582.70835 17.384 0.011 5.13 563.0
2455583.71676 17.116 0.008 4.64 501.0
2455584.70109 17.021 0.007 4.82 384.0
2455585.70103 16.982 0.007 4.54 474.0
2455586.66478 16.921 0.007 5.14 351.0
2455587.64699 16.992 0.007 6.78 308.0
2455589.65692 16.965 0.007 4.81 270.0
2455590.63547 16.978 0.007 5.56 203.0
2455591.69425 16.978 0.007 4.91 268.0
2455592.67651 16.940 0.006 4.88 201.0
2455594.67574 16.917 0.007 5.52 194.0
2455595.65439 17.036 0.007 5.33 231.0
2455596.71748 17.024 0.007 4.61 262.0
2455597.63495 16.910 0.007 4.44 358.0
2455598.70128 16.817 0.006 5.03 231.0
2455599.66491 17.068 0.008 5.38 303.0
2455600.69763 16.969 0.007 5.16 196.0
2455601.67725 16.858 0.006 4.52 248.0
2455602.67600 16.825 0.006 5.14 190.0
2455603.68268 16.696 0.007 6.54 278.0
2455604.68309 16.905 0.008 6.63 276.0
2455605.68559 16.785 0.006 4.43 328.0
2455606.69751 16.870 0.007 5.00 444.0
2455607.70845 16.918 0.009 5.97 581.0
2455608.70155 16.760 0.008 5.94 692.0
2455611.65682 17.016 0.011 6.15 792.0
2455613.67253 17.110 0.010 6.26 476.0
2455614.66488 17.083 0.008 4.54 499.0
2455615.65826 17.077 0.008 4.75 401.0
2455616.67429 17.048 0.008 4.12 386.0
2455619.65619 16.840 0.006 4.75 293.0
2455622.65809 16.703 0.007 5.24 437.0
2455623.61712 16.915 0.007 5.14 401.0
2455624.55834 16.976 0.007 4.48 313.0
2455625.64983 16.948 0.008 6.00 343.0
2455626.61092 16.950 0.009 6.99 303.0
2455627.57571 16.994 0.007 4.79 277.0
2455629.61589 16.845 0.007 4.42 337.0
2455630.62731 16.906 0.008 5.50 484.0
2455632.57552 17.026 0.010 6.37 485.0
2455633.62442 17.056 0.008 4.59 418.0
2455634.58490 17.043 0.009 6.06 441.0
2455635.58917 16.938 0.009 6.26 413.0
2455638.59379 16.742 0.009 5.47 980.0
2455639.56955 16.887 0.009 5.05 781.0
2455640.54299 16.956 0.009 5.29 733.0
2455641.57220 16.874 0.008 4.64 541.0
2455642.51891 16.852 0.007 4.15 396.0
2455643.51666 16.835 0.007 5.79 322.0
2455644.51940 16.617 0.006 4.69 307.0
2455645.51810 16.738 0.007 5.48 438.0
2455646.53115 16.871 0.007 5.37 371.0
2455647.53311 16.858 0.007 4.84 326.0
2455648.53376 16.912 0.007 4.55 445.0
2455649.54852 16.983 0.008 5.33 449.0
2455650.52898 17.071 0.008 4.46 419.0
2455651.53484 16.968 0.006 3.90 374.0
2455652.52980 17.026 0.007 4.18 390.0
2455653.55989 17.015 0.007 4.34 356.0
2455654.56835 17.010 0.008 4.40 406.0
2455655.55962 17.054 0.008 5.93 346.0
2455657.52837 16.993 0.008 5.51 427.0
2455659.52770 16.948 0.007 5.26 391.0
2455660.57308 16.950 0.008 5.90 355.0
2455664.50726 16.886 0.009 7.03 570.0
2455665.52249 16.763 0.008 5.37 643.0
2455666.51928 17.001 0.011 6.62 742.0
2455667.50147 16.998 0.009 5.21 630.0
2455668.50739 16.968 0.009 5.59 646.0
2455669.50098 17.029 0.009 4.43 884.0
2455670.55250 17.056 0.010 4.85 974.0
2455671.50287 17.122 0.014 7.49 759.0
2455672.49773 17.079 0.009 4.58 584.0
2455674.50582 17.096 0.008 4.43 444.0
2455675.49910 17.116 0.008 4.61 463.0
2455676.55486 17.120 0.005 4.20 266.0
2455677.49573 17.024 0.008 3.91 501.0
2455678.52958 17.089 0.008 4.30 446.0
2455679.49720 16.992 0.008 5.22 352.0
2455680.54598 16.926 0.009 6.11 533.0
2455681.51003 16.922 0.008 6.40 373.0
2455682.50983 17.000 0.010 6.96 504.0
2455683.51438 16.918 0.008 5.24 671.0
2455684.51936 17.029 0.009 4.35 568.0
2455685.49084 17.061 0.009 5.62 505.0
2455686.49138 16.934 0.007 4.73 486.0
2455687.49355 16.990 0.009 5.84 613.0
2455691.48505 17.048 0.010 5.54 638.0
2455692.53196 17.117 0.013 7.63 1045.0
2455694.50162 17.111 0.011 5.45 949.0
2455695.48604 17.170 0.010 4.77 612.0
2455696.49443 17.251 0.013 5.83 838.0
2455697.48440 17.235 0.011 5.02 867.0
2455699.49389 17.122 0.013 6.33 1177.0
2455700.48547 17.165 0.013 6.68 902.0
2455702.48231 17.149 0.010 6.39 545.0
2455706.48202 17.061 0.011 7.29 548.0
2455709.46910 17.033 0.008 6.56 469.0
2455785.90782 17.019 0.009 5.62 498.0
2455796.90970 17.226 0.010 5.33 522.0
2455803.89351 17.060 0.007 4.99 330.0
2455805.85795 17.099 0.008 5.35 401.0
2455806.90897 17.071 0.008 5.37 347.0
2455809.87014 17.139 0.007 4.32 203.0
2455810.87330 17.241 0.009 5.06 442.0
2455812.86623 17.184 0.008 5.07 307.0
2455814.91523 17.283 0.013 5.74 944.0
2455815.89459 17.315 0.009 4.79 476.0
2455816.86873 17.254 0.010 5.15 654.0
2455817.87041 17.254 0.009 4.76 492.0
2455818.89840 17.238 0.010 5.37 554.0
2455819.85241 17.208 0.009 4.91 497.0
2455822.84007 17.149 0.008 4.67 349.0
2455825.82515 17.093 0.007 4.18 332.0
2455831.85050 17.091 0.006 4.20 266.0
2455832.83994 17.110 0.007 4.78 217.0
2455833.82425 17.182 0.008 4.75 301.0
2455834.82522 17.143 0.007 4.10 310.0
2455836.79163 17.245 0.008 4.62 310.0
2455837.87195 17.205 0.008 5.17 333.0
2455839.85266 17.180 0.008 5.29 286.0
2455840.83616 17.115 0.007 4.34 373.0
2455841.83320 17.163 0.008 5.23 247.0
2455842.85084 17.192 0.010 6.51 339.0
2455843.86630 17.106 0.008 4.91 390.0
2455845.88130 17.113 0.012 6.69 630.0
2455846.84183 17.081 0.012 6.97 696.0
2455850.80645 17.072 0.008 4.71 433.0
2455851.81466 17.091 0.008 5.18 458.0
2455853.87018 17.048 0.008 5.65 389.0
2455854.77387 17.085 0.007 3.96 392.0
2455855.84321 17.099 0.007 3.71 397.0
2455856.81481 17.205 0.010 6.42 447.0
2455857.81547 17.243 0.011 6.59 375.0
2455858.84902 17.246 0.011 7.11 367.0
2455859.81756 17.291 0.008 4.17 380.0
2455860.80261 17.251 0.008 4.98 323.0
2455861.81162 17.174 0.008 4.80 406.0
2455863.81477 17.125 0.007 4.49 358.0
2455864.72206 17.132 0.007 3.67 371.0
2455865.79208 17.102 0.008 4.47 384.0
2455866.81583 17.097 0.008 5.46 383.0
2455867.75474 17.111 0.008 4.60 396.0
2455868.85623 17.021 0.006 3.49 390.0
2455869.82179 17.108 0.007 3.86 376.0
2455870.76154 17.105 0.007 4.38 427.0
2455871.74767 17.082 0.007 4.47 438.0
2455872.75701 17.098 0.007 4.04 439.0
2455873.75226 17.122 0.008 3.90 470.0
2455874.78925 17.163 0.009 5.49 445.0
2455875.72171 17.177 0.009 4.95 623.0
2455878.82268 17.256 0.014 7.94 549.0
2455879.73000 17.244 0.011 5.49 586.0
2455880.75829 17.232 0.008 4.63 377.0
2455881.74480 17.217 0.009 4.71 467.0
2455882.77563 17.217 0.008 4.83 385.0
2455885.71664 17.135 0.010 6.32 442.0
2455886.74697 17.102 0.010 6.50 480.0
2455887.81935 17.124 0.007 3.96 407.0
2455888.80798 17.117 0.008 4.71 480.0
2455890.78374 17.079 0.008 5.54 385.0
2455891.74241 17.086 0.008 4.16 445.0
2455894.80177 17.026 0.007 4.88 345.0
2455895.81885 17.073 0.008 5.34 370.0
2455896.80193 17.126 0.009 5.71 326.0
2455897.74874 17.518 0.009 4.36 249.0
2455898.73093 17.745 0.011 4.24 333.0
2455900.73973 17.755 0.011 4.61 269.0
2455902.74032 17.700 0.015 5.56 635.0
2455906.75600 17.760 0.014 4.25 703.0
2455907.73407 17.665 0.013 4.40 600.0
2455908.75945 17.799 0.013 4.20 593.0
2455910.71675 17.737 0.012 4.26 502.0
2455911.74860 17.744 0.012 4.05 421.0
2455912.76907 17.842 0.012 4.19 379.0
2455913.74099 17.737 0.010 4.03 300.0
2455914.76367 17.724 0.010 4.09 287.0
2455915.72073 17.698 0.010 4.95 199.0
2455916.77702 17.883 0.012 4.77 268.0
2455923.73150 17.791 0.010 3.40 256.0
2455924.71280 17.924 0.012 4.32 321.0
2455925.72684 17.884 0.014 5.52 353.0
2455926.73865 17.844 0.012 5.43 203.0
2455927.73763 17.858 0.012 4.28 319.0
2455929.71185 17.829 0.013 4.65 381.0
2455930.85700 17.817 0.012 5.24 275.0
2455931.67886 17.684 0.013 4.78 455.0
2455932.67617 17.727 0.013 4.39 510.0
2455933.72603 17.742 0.013 4.03 766.0
2455934.72212 17.761 0.013 4.22 605.0
2455936.66766 17.933 0.016 4.12 771.0
2455937.69693 17.814 0.012 3.58 549.0
2455938.69770 17.875 0.013 4.68 431.0
2455941.77810 17.813 0.017 5.84 578.0
2455942.80274 17.849 0.012 4.98 301.0
2455943.75960 17.782 0.014 4.51 494.0
2455944.75248 17.961 0.012 4.17 242.0
2455945.73320 17.897 0.011 4.08 265.0
2455946.67303 17.991 0.013 4.55 251.0
2455947.74004 17.782 0.012 5.48 282.0
2455948.72840 17.842 0.011 4.38 283.0
2455949.74457 17.836 0.014 5.98 322.0
2455950.66557 17.711 0.009 4.39 216.0
2455951.69097 17.790 0.012 4.31 417.0
2455952.71555 17.734 0.010 4.93 172.0
2455953.71348 17.802 0.014 5.80 335.0
2455954.71106 17.845 0.009 3.53 196.0
2455955.73369 17.755 0.012 4.68 348.0
2455956.73371 17.806 0.011 4.97 235.0
2455958.75092 17.768 0.011 5.17 249.0
2455959.72291 17.752 0.011 4.91 286.0
2455960.72493 17.873 0.012 4.57 324.0
2455961.65666 17.870 0.011 3.70 423.0
2455962.65756 17.841 0.016 6.09 517.0
2455963.62432 17.888 0.017 4.25 1033.0
2455964.63626 17.962 0.018 5.14 693.0
2455965.63516 17.863 0.015 4.14 758.0
2455967.65733 17.772 0.018 6.26 578.0
2455968.65746 17.866 0.015 5.47 451.0
2455969.63345 17.732 0.012 5.17 327.0
2455970.61096 17.844 0.011 4.18 305.0
2455971.70384 17.952 0.013 4.56 337.0
2455972.69017 17.847 0.011 3.72 345.0
2455973.67329 17.845 0.010 3.96 255.0
2455974.62831 17.769 0.010 4.23 212.0
2455976.66247 17.745 0.012 5.41 259.0
2455977.69603 17.650 0.011 4.38 315.0
2455978.67251 17.679 0.011 4.34 333.0
2455979.62260 17.802 0.013 5.61 299.0
2455980.65279 17.725 0.013 5.34 416.0
2455981.66173 17.714 0.012 4.95 302.0
2455982.66771 17.738 0.012 5.12 310.0
2455983.71079 17.781 0.010 4.34 309.0
2455984.64981 17.760 0.011 4.42 320.0
2455985.68172 17.811 0.015 6.17 357.0
2455986.61145 17.869 0.012 4.44 309.0
2455987.68728 17.873 0.012 4.68 380.0
2455988.65338 17.895 0.014 4.64 455.0
2455989.61734 17.920 0.015 5.27 344.0
2455990.61086 17.831 0.016 6.13 449.0
2455991.68587 17.795 0.016 5.46 666.0
2455992.64613 17.729 0.013 4.96 555.0
2455993.60298 17.686 0.013 5.14 540.0
2455994.60245 17.712 0.013 3.95 852.0
2455995.64935 17.691 0.016 4.60 889.0
2455996.61948 17.780 0.019 6.29 751.0
2455997.62162 17.786 0.014 4.68 533.0
2455998.61997 17.724 0.012 4.45 423.0
2455998.68545 17.636 0.013 5.16 518.0
2455999.66395 17.677 0.011 4.10 425.0
2456000.63604 17.626 0.011 4.01 437.0
2456002.59973 17.750 0.012 5.06 410.0
2456003.56597 17.770 0.014 6.36 318.0
2456004.62631 17.815 0.015 5.70 445.0
2456005.60935 17.848 0.012 4.21 359.0
2456006.59329 17.840 0.012 3.63 356.0
2456007.59159 17.801 0.011 4.51 350.0
2456008.64598 17.816 0.012 4.76 442.0
2456009.56715 17.758 0.014 5.18 423.0
2456010.62273 17.817 0.015 5.75 556.0
2456011.58153 17.842 0.013 4.82 395.0
2456012.61723 17.781 0.012 4.29 405.0
2456013.56231 17.784 0.012 4.98 307.0
2456014.58126 17.756 0.011 5.21 311.0
2456015.57761 17.649 0.010 3.99 440.0
2456016.61760 17.753 0.011 4.29 429.0
2456017.58100 17.681 0.012 4.71 480.0
2456018.53614 17.722 0.014 5.48 468.0
2456019.58488 17.703 0.013 5.88 391.0
2456020.60637 17.693 0.012 4.70 478.0
2456021.59416 17.698 0.014 5.35 591.0
2456022.60603 17.698 0.015 6.11 678.0
2456023.57965 17.707 0.013 4.45 739.0
2456024.60249 17.697 0.018 5.81 947.0
2456025.60253 17.822 0.019 6.24 814.0
2456026.54879 17.738 0.015 5.28 701.0
2456028.58555 17.854 0.018 6.25 579.0
2456032.52341 17.897 0.017 6.67 496.0
2456033.51094 17.875 0.018 6.45 502.0
2456034.51650 17.818 0.014 3.97 610.0
2456035.54195 17.756 0.013 5.03 432.0
2456036.51881 17.721 0.013 5.31 375.0
2456037.51845 17.758 0.019 7.18 540.0
2456038.51016 17.718 0.017 7.13 546.0
2456039.51687 17.686 0.014 5.85 556.0
2456040.51913 17.698 0.012 5.65 319.0
2456042.51680 17.708 0.018 7.47 549.0
2456047.49371 17.810 0.016 5.63 592.0
2456048.49249 17.885 0.016 4.77 605.0
2456049.51577 17.822 0.014 4.06 620.0
2456050.49132 17.848 0.017 4.77 679.0
2456052.50702 17.849 0.017 4.31 1003.0
2456053.50406 17.790 0.017 3.96 1349.0
2456055.51264 17.850 0.018 4.58 776.0
2456056.49962 17.820 0.015 5.21 480.0
2456057.51188 17.799 0.013 4.81 468.0
2456058.50319 17.655 0.012 5.19 417.0
2456059.49684 17.701 0.013 5.50 412.0
2456060.50008 17.756 0.015 6.16 541.0
2456061.49326 17.736 0.017 7.13 578.0
2456062.48472 17.671 0.017 6.69 593.0
2456064.48651 17.664 0.015 5.53 809.0
2456070.48787 17.861 0.020 6.77 503.0
2456079.46987 17.713 0.021 6.18 1484.0
2456123.93370 17.721 0.012 5.47 334.0
2456137.93162 17.682 0.012 5.25 401.0
2456171.89724 17.681 0.011 4.10 564.0
2456182.89457 17.475 0.009 5.51 220.0
2456185.87255 17.489 0.009 4.62 345.0
2456196.88932 17.573 0.009 4.00 410.0
2456202.84580 17.620 0.014 6.10 502.0
2456204.88099 17.513 0.010 4.38 380.0
2456212.84533 17.738 0.013 5.59 404.0
2456216.84316 17.712 0.010 4.12 306.0
2456221.84143 17.572 0.011 5.76 378.0
2456222.84238 17.538 0.010 5.05 333.0
2456223.79948 17.590 0.010 4.66 414.0
2456224.86508 17.599 0.010 4.42 360.0
2456230.74584 17.311 0.011 5.28 714.0
2456232.83673 17.186 0.008 4.56 408.0
2456236.81208 17.179 0.007 3.86 401.0
2456239.81986 17.036 0.007 4.61 319.0
2456251.79273 17.025 0.006 4.13 295.0
2456265.82765 16.794 0.006 4.85 309.0
2456270.85221 16.763 0.008 7.01 362.0
2456274.83451 16.880 0.006 4.88 251.0
2456282.80443 17.070 0.007 5.48 242.0
2456286.73773 17.006 0.007 4.60 374.0
2456299.78555 17.081 0.008 4.86 427.0
2456306.72571 16.931 0.007 5.43 313.0
2456317.71202 17.028 0.007 4.12 496.0
2456329.64376 16.929 0.008 6.27 375.0
2456340.64676 17.123 0.007 4.62 219.0
2456343.59053 17.088 0.007 4.67 315.0
2456363.55171 17.630 0.011 5.28 413.0
2456376.54797 17.654 0.013 5.15 562.0
2456378.52234 17.807 0.014 4.06 701.0
2456378.55978 17.814 0.015 4.06 788.0
2456380.54712 17.824 0.015 4.63 624.0
2456381.54901 17.827 0.013 3.94 479.0
2456385.51744 17.757 0.012 5.56 304.0
2456396.55540 17.722 0.011 4.50 505.0
2456416.51653 17.651 0.012 6.21 485.0
2456123.93370 17.721 0.012 5.47 334.0
2456137.93162 17.682 0.012 5.25 401.0
2456171.89724 17.681 0.011 4.10 564.0
2456182.89457 17.475 0.009 5.51 220.0
2456185.87255 17.489 0.009 4.62 345.0
2456196.88932 17.573 0.009 4.00 410.0
2456202.84580 17.620 0.014 6.10 502.0
2456204.88099 17.513 0.010 4.38 380.0
2456212.84533 17.738 0.013 5.59 404.0
2456216.84316 17.712 0.010 4.12 306.0
2456221.84143 17.572 0.011 5.76 378.0
2456222.84238 17.538 0.010 5.05 333.0
2456223.79948 17.590 0.010 4.66 414.0
2456224.86508 17.599 0.010 4.42 360.0
2456230.74584 17.311 0.011 5.28 714.0
2456232.83673 17.186 0.008 4.56 408.0
2456236.81208 17.179 0.007 3.86 401.0
2456239.81986 17.036 0.007 4.61 319.0
2456251.79273 17.025 0.006 4.13 295.0
2456265.82765 16.794 0.006 4.85 309.0
2456270.85221 16.763 0.008 7.01 362.0
2456274.83451 16.880 0.006 4.88 251.0
2456282.80443 17.070 0.007 5.48 242.0
2456286.73773 17.006 0.007 4.60 374.0
2456299.78555 17.081 0.008 4.86 427.0
2456306.72571 16.931 0.007 5.43 313.0
2456317.71202 17.028 0.007 4.12 496.0
2456329.64376 16.929 0.008 6.27 375.0
2456340.64676 17.123 0.007 4.62 219.0
2456343.59053 17.088 0.007 4.67 315.0
2456363.55171 17.630 0.011 5.28 413.0
2456376.54797 17.654 0.013 5.15 562.0
2456378.52234 17.807 0.014 4.06 701.0
2456378.55978 17.814 0.015 4.06 788.0
2456380.54712 17.824 0.015 4.63 624.0
2456381.54901 17.827 0.013 3.94 479.0
2456385.51744 17.757 0.012 5.56 304.0
2456396.55540 17.722 0.011 4.50 505.0
2456416.51653 17.651 0.012 6.21 485.0
2456509.93499 17.529 0.010 3.99 682.0
2456520.87664 17.695 0.011 4.29 402.0
2456520.90819 17.615 0.010 4.32 368.0
2456531.91935 17.540 0.010 4.53 483.0
2456547.88601 17.660 0.010 5.23 263.0
2456560.82586 16.986 0.006 4.22 258.0
2456561.85291 16.764 0.006 5.75 295.0
2456571.85969 16.967 0.006 4.07 316.0
2456578.87964 16.952 0.006 4.39 487.0
2456583.80644 16.628 0.006 5.33 545.0
2456592.74303 16.888 0.007 5.54 370.0
2456593.72428 16.860 0.007 6.64 386.0
2456594.78383 16.926 0.009 7.39 463.0
2456594.81682 16.876 0.007 6.60 501.0
2456595.71641 16.852 0.006 4.87 312.0
2456596.78066 16.847 0.007 5.70 331.0
2456599.76580 16.904 0.006 4.71 351.0
2456600.71682 16.918 0.006 4.06 339.0
2456601.83124 16.855 0.006 4.05 404.0
2456602.83708 16.947 0.006 4.64 338.0
2456604.77920 16.983 0.007 5.23 266.0
2456608.84687 16.992 0.005 3.49 319.0
2456612.78312 17.021 0.007 4.06 432.0
2456616.74500 16.943 0.007 4.39 456.0
2456622.75646 16.931 0.006 5.20 292.0
2456622.79895 16.903 0.006 5.62 266.0
2456623.74866 16.991 0.006 4.44 300.0
2456624.81627 16.961 0.006 4.39 295.0
2456625.81056 16.964 0.006 3.98 290.0
2456626.82573 17.030 0.006 3.78 256.0
2456627.77586 17.072 0.006 3.93 333.0
2456628.76993 17.111 0.007 5.14 294.0
2456628.82737 17.095 0.006 4.52 268.0
2456631.85445 17.048 0.009 6.25 487.0
2456632.73212 17.021 0.006 3.58 296.0
2456633.71910 17.050 0.006 3.29 435.0
2456635.75000 17.048 0.008 6.35 296.0
2456637.75004 16.957 0.006 4.71 296.0
2456638.75246 16.993 0.006 3.84 322.0
2456645.75004 17.162 0.008 4.02 538.0
2456649.75699 17.227 0.007 4.42 291.0
2456654.77712 17.567 0.008 4.30 225.0
2456658.80031 17.447 0.007 4.57 204.0
2456662.78699 17.460 0.010 5.95 296.0
2456664.83098 17.417 0.009 5.22 363.0
2456665.61564 17.421 0.008 4.54 263.0
2456666.62091 17.479 0.009 4.72 246.0
2456667.84674 17.474 0.011 6.75 383.0
2456668.63142 17.435 0.008 4.47 275.0
2456669.75726 17.335 0.009 4.45 579.0
2456670.74369 17.560 0.012 6.20 461.0
2456671.77806 17.556 0.015 6.47 649.0
2456673.78095 17.542 0.015 6.36 718.0
2456674.78886 17.491 0.014 6.39 815.0
2456675.79889 17.482 0.013 4.98 986.0
2456676.74515 17.386 0.008 4.15 384.0
2456680.78480 17.417 0.010 5.75 438.0
2456690.67750 17.552 0.009 4.94 233.0
2456691.68486 17.570 0.009 4.08 324.0
2456693.65701 17.511 0.009 4.06 363.0
2456694.70083 17.538 0.008 4.37 304.0
2456695.64594 17.514 0.008 4.58 292.0
2456696.63355 17.454 0.009 4.79 437.0
2456697.69161 17.521 0.008 4.13 384.0
2456698.69193 17.570 0.014 6.77 454.0
2456700.56533 17.484 0.010 4.65 427.0
2456701.68640 17.395 0.009 4.26 492.0
2456702.55667 17.408 0.011 5.22 526.0
2456703.57367 17.453 0.012 5.97 482.0
2456704.71140 17.519 0.014 5.97 803.0
2456705.56321 17.468 0.009 3.82 433.0
2456705.69141 17.448 0.013 6.61 552.0
2456712.65867 17.566 0.010 5.25 296.0
2456722.61948 17.669 0.010 5.18 267.0
2456732.65246 17.898 0.024 8.05 646.0
2456733.65068 17.849 0.018 5.36 757.0
2456734.62660 17.796 0.015 5.58 512.0
2456735.63735 17.827 0.013 5.15 511.0
2456736.59502 17.902 0.021 8.23 474.0
2456736.63067 17.873 0.020 7.85 475.0
2456737.60554 17.955 0.011 4.22 272.0
2456739.60139 17.832 0.011 4.90 286.0
2456741.55631 17.723 0.010 4.30 302.0
2456742.52223 17.809 0.018 6.28 381.0
2456743.54684 17.774 0.011 5.17 375.0
2456744.54543 17.734 0.012 5.30 374.0
2456746.51543 17.772 0.017 6.59 475.0
2456748.51589 17.883 0.015 7.04 274.0
2456749.51875 17.858 0.013 6.17 280.0
2456759.50675 17.764 0.015 6.73 436.0
2456760.50624 17.847 0.014 4.04 624.0
2456761.51664 17.830 0.012 3.79 606.0
2456762.50330 17.755 0.012 4.38 690.0
2456764.50108 17.748 0.015 5.70 487.0
2456765.49125 17.753 0.013 5.09 457.0
2456766.47959 17.820 0.015 5.54 505.0
2456767.47013 17.834 0.016 4.35 845.0
2456768.47213 17.854 0.013 4.26 526.0
2456769.47324 17.866 0.013 4.61 431.0
2456770.47153 17.902 0.013 3.78 550.0
2456771.46650 17.830 0.015 3.73 1163.0
2456772.47204 17.900 0.019 5.17 667.0
2456871.93957 17.680 0.020 5.88 1262.0
2456888.90807 17.608 0.012 5.23 471.0
2456896.90819 17.720 0.012 4.84 444.0
2456907.89101 17.584 0.012 4.66 588.0
2456926.82013 17.584 0.010 3.90 345.0
2456932.82880 17.510 0.011 5.40 335.0
2456938.81423 17.695 0.014 4.77 703.0
2456942.81178 17.712 0.014 4.84 693.0
2456950.86260 17.574 0.010 4.10 409.0
2456956.76959 17.613 0.013 5.50 381.0
2456956.86546 17.692 0.012 4.52 459.0
2456957.77112 17.684 0.013 6.12 279.0
2456958.82161 17.650 0.010 3.97 447.0
2456959.83254 17.669 0.013 5.64 358.0
2456960.79642 17.733 0.015 6.51 365.0
2456961.80767 17.684 0.014 5.75 397.0
2456961.86007 17.702 0.013 4.57 509.0
2456963.74787 17.628 0.013 5.19 446.0
2456964.85710 17.655 0.012 4.74 433.0
2456965.83940 17.526 0.011 4.73 405.0
2456967.73154 17.638 0.017 5.96 769.0
2456970.75447 17.503 0.011 4.44 584.0
2456973.73699 17.587 0.011 4.74 345.0
2456980.77401 17.603 0.010 4.04 356.0
2456987.80501 17.602 0.012 5.56 380.0
2456992.77720 17.570 0.010 4.79 253.0
2456997.78297 17.669 0.014 4.77 687.0
2457002.72476 17.718 0.013 5.41 334.0
2457007.73605 17.690 0.012 5.18 313.0
2457013.69156 17.663 0.012 5.06 346.0
2457016.79520 17.595 0.011 5.09 335.0
2457020.79977 17.570 0.012 4.22 638.0
2457024.77513 17.717 0.014 5.93 414.0
2457027.65040 17.718 0.015 4.21 1074.0
2457028.68641 17.631 0.016 4.29 1406.0
2457029.68204 17.670 0.014 4.87 651.0
2457030.74887 17.656 0.010 3.47 469.0
2457031.73624 17.700 0.014 4.86 640.0
2457032.73796 17.668 0.012 5.19 310.0
2457033.73363 17.596 0.012 4.94 483.0
2457034.79160 17.688 0.012 4.84 328.0
2457035.66875 17.608 0.011 5.13 326.0
2457036.71794 17.683 0.011 5.20 300.0
2457037.75805 17.580 0.011 4.75 345.0
2457042.75567 17.639 0.009 4.65 178.0
2457047.71882 17.756 0.013 4.60 624.0
2457056.68783 17.507 0.013 4.96 712.0
2457062.67953 17.567 0.012 5.32 441.0
2457080.60312 16.997 0.008 4.88 452.0
2457083.62988 16.963 0.008 5.27 517.0
2457086.63894 17.056 0.009 4.15 936.0
2457091.61887 16.957 0.007 4.58 421.0
2457093.59237 16.832 0.006 3.99 485.0
2457097.56683 16.914 0.008 5.30 417.0
2457098.57278 16.886 0.006 4.59 390.0
2457099.61575 16.698 0.005 3.94 507.0
2457100.57752 16.556 0.005 4.25 314.0
2457102.54125 16.946 0.008 5.73 472.0
2457103.55488 16.883 0.006 4.09 361.0
2457103.58979 16.882 0.006 3.70 328.0
2457115.59365 16.946 0.010 4.78 772.0
2457119.55169 16.855 0.009 5.46 648.0
2457126.54269 16.970 0.007 5.18 349.0
2457131.54719 17.038 0.009 5.15 599.0
2457134.51751 17.039 0.008 5.46 450.0
2457278.86352 17.775 0.014 6.25 350.0
2457292.85147 17.887 0.017 5.51 677.0
2457294.81517 17.836 0.015 5.13 608.0
2457297.81386 17.853 0.017 6.58 456.0
2457306.87201 17.735 0.012 5.26 304.0
2457312.81022 17.910 0.015 5.78 354.0
2457322.76524 17.704 0.014 5.00 784.0
2457339.77577 17.667 0.010 3.97 336.0
2457345.73438 17.727 0.014 6.32 306.0
2457354.81123 17.740 0.013 4.40 594.0
2457361.83408 17.548 0.011 5.66 374.0
2457366.70670 17.544 0.010 5.05 268.0
2457373.86023 17.498 0.013 5.66 664.0
2457377.83198 17.603 0.011 5.08 354.0
2457382.73018 17.538 0.013 5.48 582.0
2457385.74369 17.568 0.011 5.90 350.0
2457390.76552 17.541 0.010 5.29 300.0
2457399.77013 17.599 0.016 7.46 362.0
2457403.78553 17.667 0.010 4.37 358.0
2457408.73285 17.521 0.011 4.67 629.0
2457410.73424 17.434 0.011 4.62 849.0
2457413.69696 17.521 0.014 6.91 467.0
2457416.70391 17.572 0.011 4.67 483.0
2457424.64630 17.570 0.011 5.29 298.0
2457427.67783 17.600 0.010 4.19 446.0
2457431.67191 17.547 0.010 4.39 394.0
2457435.66611 17.614 0.011 3.93 475.0
2457439.67297 17.612 0.012 4.31 644.0
2457443.64356 17.642 0.011 4.33 550.0
2457449.64920 17.669 0.013 5.22 391.0
2457453.62458 17.610 0.009 4.43 218.0
2457462.63836 17.716 0.010 4.18 348.0
2457466.58573 17.676 0.016 6.37 573.0
2457472.59254 17.534 0.013 5.34 652.0
2457476.54828 17.569 0.010 5.22 278.0
2457488.50199 17.615 0.011 4.85 349.0
2457499.52511 17.552 0.013 4.77 782.0
2457508.47059 17.718 0.012 4.01 636.0
2457638.89677 17.510 0.011 5.59 381.0
2457645.87231 17.318 0.009 4.43 439.0
2457648.86685 17.604 0.012 4.97 617.0
2457651.88025 17.593 0.011 4.61 400.0
2457655.88305 17.441 0.009 4.19 338.0
2457660.83582 17.481 0.012 6.89 308.0
2457663.85253 17.493 0.008 3.94 280.0
2457667.88951 17.543 0.009 4.11 422.0
2457673.83288 17.383 0.008 4.38 266.0
2457684.85086 17.337 0.011 6.05 409.0
2457691.79610 17.211 0.008 5.45 224.0
2457700.79862 17.435 0.011 5.59 448.0
2457705.77076 17.508 0.012 4.41 714.0
2457709.72566 17.429 0.009 4.21 369.0
2457713.81878 17.461 0.010 5.32 399.0
2457719.78157 17.342 0.009 4.91 283.0
2457724.73807 17.153 0.008 4.99 303.0
2457733.81773 17.542 0.012 4.67 504.0
2457737.73938 17.425 0.011 4.59 686.0
2457741.81627 17.451 0.011 5.69 368.0
2457747.79118 17.325 0.010 5.88 299.0
2457750.76469 17.426 0.011 6.56 233.0
2457755.72653 17.336 0.009 5.51 191.0
2457760.72964 17.443 0.010 5.06 348.0
2457764.78268 17.115 0.009 4.11 831.0
2457769.74284 17.437 0.010 4.90 401.0
2457775.74493 17.332 0.009 6.31 193.0
2457783.63566 17.248 0.008 4.26 273.0
2457787.71430 17.582 0.010 5.17 250.0
2457792.60311 17.824 0.013 3.79 434.0
2457796.63002 17.741 0.014 4.55 578.0
2457801.64688 17.714 0.013 4.80 396.0
2457812.59550 17.895 0.015 5.49 366.0
2457818.55005 17.973 0.014 4.21 422.0
2457823.56578 17.770 0.018 5.51 726.0
2457828.54173 17.789 0.015 5.54 429.0
2457837.52286 17.827 0.016 5.97 446.0
2457846.50883 17.746 0.017 6.86 502.0
2457856.52505 17.934 0.020 6.26 663.0
2457870.49509 17.776 0.015 4.46 518.0
2458010.88467 16.838 0.008 6.07 310.0
2458018.90650 17.126 0.013 5.23 1720.0
2458029.89386 17.038 0.008 4.22 682.0
2458066.81390 17.855 0.013 4.41 439.0
2458070.70071 17.838 0.013 4.75 396.0
2458075.74329 17.799 0.013 5.04 300.0
2458080.84115 17.859 0.011 3.80 283.0
2458086.83904 17.908 0.017 6.06 371.0
2458091.70833 17.820 0.020 5.97 911.0
2458096.78091 17.865 0.012 4.29 385.0
2458101.72034 17.925 0.011 3.93 316.0
2458109.73926 17.970 0.013 5.07 197.0
2458115.78271 17.952 0.012 4.91 233.0
2458128.70896 17.921 0.012 4.58 196.0
2458136.69880 17.934 0.014 4.25 425.0
2458142.69352 17.918 0.014 4.68 441.0
2458147.65968 18.018 0.017 4.87 523.0
2458153.63628 17.916 0.012 3.64 390.0
2458172.59316 17.960 0.017 5.21 416.0
2458176.59052 17.920 0.017 5.63 463.0
2458186.60842 17.905 0.015 6.50 258.0
2458197.50707 17.779 0.015 6.12 341.0
2458205.55817 17.864 0.016 4.89 610.0
2458209.55555 17.813 0.017 5.37 705.0
2458213.54367 17.850 0.018 7.04 389.0
2458220.56012 17.812 0.014 6.28 372.0
2458226.53695 17.769 0.017 6.04 490.0
2458230.53474 17.837 0.015 4.42 601.0
2458236.49516 17.798 0.015 4.72 882.0
2458357.87812 17.682 0.012 4.48 509.0
2458364.90463 17.599 0.010 4.15 300.0
2458371.83525 17.769 0.013 5.02 386.0
2458382.86565 17.645 0.010 4.21 313.0
2458393.86784 17.712 0.011 4.10 379.0
2458404.78169 17.599 0.011 5.65 240.0
2458408.81581 17.659 0.011 5.07 343.0
2458411.77455 17.730 0.015 5.95 485.0
2458415.75588 17.753 0.017 5.49 800.0
2458419.75294 17.679 0.013 5.19 485.0
2458423.76316 17.601 0.011 4.81 436.0
2458469.80276 17.448 0.009 4.62 281.0
2458472.80072 17.474 0.010 4.14 553.0
2458475.72056 17.470 0.011 4.07 815.0
2458478.76869 17.254 0.008 4.63 423.0
2458481.74601 17.221 0.009 4.89 568.0
2458484.77378 16.985 0.007 4.07 476.0
2458488.77007 16.978 0.007 5.63 277.0
2458493.73309 16.940 0.007 5.82 243.0
2458499.76501 17.146 0.008 5.33 368.0
2458504.76120 16.788 0.006 3.92 250.0
2458513.76325 16.846 0.007 5.66 338.0
2458516.77005 16.945 0.006 4.21 242.0
2458518.60832 16.883 0.006 4.14 188.0
2458521.62547 17.108 0.006 4.24 233.0
2458525.67217 16.991 0.006 3.69 262.0
2458529.61883 16.911 0.006 4.17 325.0
2458536.68174 16.911 0.007 3.74 529.0
2458541.54401 16.965 0.007 5.17 274.0
2458545.59640 17.214 0.008 5.16 286.0
2458552.54252 16.993 0.008 5.96 381.0
2458559.55097 17.069 0.009 5.98 505.0
2458563.56211 17.074 0.009 3.90 716.0
2458568.55484 16.970 0.007 4.06 323.0
2458575.51323 16.989 0.008 5.34 318.0
2458582.47765 16.999 0.009 4.85 1272.0
2458587.52019 17.145 0.010 6.26 435.0
2458602.49312 17.748 0.012 4.87 394.0
2458704.91797 17.878 0.020 7.33 501.0
2458711.93105 17.815 0.019 5.50 1058.0
2458716.90430 17.666 0.011 4.23 482.0
2458721.90074 17.770 0.010 5.06 286.0
2458725.88196 17.798 0.014 6.16 318.0
2458728.87451 17.585 0.009 4.39 259.0
2458736.88446 17.454 0.011 5.80 336.0
2458739.87595 17.402 0.013 6.89 480.0
2458741.86754 17.387 0.011 5.75 536.0
2458747.89165 17.345 0.013 7.81 366.0
2458753.88993 17.013 0.008 5.97 346.0
2458758.88218 17.229 0.008 6.60 336.0
2458763.82797 17.343 0.008 4.34 337.0
2458767.85109 17.072 0.008 5.00 439.0
2458771.86552 17.261 0.014 7.40 664.0
2458774.82737 17.315 0.010 5.84 471.0
2458777.81263 17.271 0.009 5.81 363.0
2458781.84466 17.270 0.008 3.92 339.0
2458785.75547 17.392 0.009 5.40 262.0
2458796.74525 17.373 0.009 4.57 592.0
2458799.74316 17.292 0.013 6.64 736.0
2458802.76240 17.316 0.008 3.91 529.0
2458817.75917 17.129 0.007 4.12 348.0
2458823.71233 17.475 0.008 4.37 287.0
2458827.71733 17.547 0.011 4.66 475.0
2458830.71960 17.427 0.010 4.72 494.0
2458834.71242 17.546 0.010 5.09 333.0
2458838.73739 17.454 0.008 4.80 201.0
2458842.72771 17.429 0.008 4.17 181.0
2458846.69114 17.460 0.008 4.70 267.0
2458851.67988 17.563 0.009 4.75 233.0
2458857.72603 17.421 0.011 5.56 603.0
2458862.75524 17.292 0.011 6.76 468.0
2458871.55227 17.379 0.009 4.89 506.0
2458879.66443 17.474 0.009 5.44 263.0
2458889.59840 17.298 0.010 5.23 598.0
2458897.61027 17.733 0.010 4.64 312.0
2458904.58915 17.790 0.012 5.16 337.0
2458910.62355 17.667 0.011 6.24 277.0
2458916.58434 17.908 0.015 5.40 524.0
2458921.58569 17.838 0.014 5.64 384.0
