2104.89510 15.191 0.006
2112.88872 15.208 0.006
2117.85625 15.198 0.006
2122.87966 15.201 0.006
2123.89361 15.212 0.006
2125.77910 15.209 0.006
2128.89320 15.216 0.006
2129.92112 15.205 0.006
2130.89816 15.210 0.006
2131.78712 15.215 0.006
2132.87000 15.211 0.006
2133.84294 15.215 0.006
2134.88038 15.211 0.006
2136.91681 15.197 0.006
2137.87408 15.204 0.006
2140.87886 15.194 0.006
2141.78912 15.220 0.006
2142.84679 15.210 0.006
2143.89782 15.216 0.006
2144.77783 15.215 0.006
2156.73937 15.225 0.006
2160.81899 15.232 0.006
2161.69781 15.238 0.006
2162.83622 15.234 0.006
2166.65923 15.232 0.006
2167.71535 15.235 0.006
2171.78614 15.210 0.006
2172.82845 15.202 0.006
2173.77193 15.187 0.006
2174.69831 15.183 0.006
2177.70381 15.181 0.006
2184.76507 15.199 0.006
2187.63572 15.201 0.006
2189.75496 15.219 0.006
2190.75512 15.221 0.006
2192.72207 15.210 0.006
2193.74932 15.227 0.006
2194.71397 15.227 0.006
2203.61695 15.230 0.006
2208.71343 15.231 0.006
2211.71994 15.226 0.006
2212.70579 15.223 0.006
2214.72661 15.229 0.006
2217.70035 15.222 0.006
2221.58901 15.219 0.006
2223.63910 15.235 0.006
2225.65673 15.244 0.006
2227.54999 15.244 0.006
2228.61798 15.237 0.006
2230.60506 15.242 0.006
2232.62533 15.247 0.006
2234.61070 15.239 0.006
2236.59982 15.238 0.006
2239.54871 15.249 0.006
2241.59228 15.246 0.006
2243.63053 15.241 0.006
2249.59789 15.243 0.006
2251.59687 15.243 0.006
2254.59437 15.243 0.006
2256.61257 15.257 0.006
2263.55105 15.207 0.006
2265.58640 15.216 0.006
2270.61085 15.223 0.006
2274.59169 15.219 0.006
2276.60239 15.223 0.006
2278.57908 15.235 0.006
2283.60919 15.246 0.006
2290.56241 15.261 0.006
2292.62216 15.250 0.006
2294.62344 15.258 0.006
2296.58371 15.256 0.006
2298.59226 15.238 0.006
2300.59143 15.253 0.006
2303.57128 15.257 0.006
2453.90369 15.286 0.006
2462.90745 15.313 0.006
2464.90805 15.309 0.006
2466.90047 15.315 0.006
2468.89643 15.306 0.006
2470.88568 15.309 0.006
2472.86811 15.313 0.006
2481.83851 15.318 0.006
2488.77332 15.330 0.006
2489.83564 15.319 0.006
2492.81733 15.319 0.006
2496.81579 15.318 0.006
2497.83813 15.327 0.006
2498.83834 15.318 0.006
2499.92607 15.324 0.006
2500.93175 15.321 0.006
2501.92244 15.310 0.006
2502.89831 15.314 0.006
2516.88802 15.327 0.006
2517.88857 15.327 0.006
2518.86443 15.333 0.006
2519.77583 15.336 0.006
2520.85614 15.322 0.006
2521.74600 15.337 0.006
2524.77161 15.332 0.006
2529.76155 15.327 0.006
2535.75975 15.300 0.006
2537.76626 15.290 0.006
2537.78524 15.280 0.006
2538.86693 15.303 0.006
2539.75751 15.291 0.006
2540.80845 15.298 0.006
2541.77287 15.306 0.006
2542.73929 15.302 0.006
2544.72587 15.303 0.006
2545.73667 15.310 0.006
2547.75069 15.308 0.006
2548.77538 15.314 0.006
2550.77044 15.317 0.006
2551.75786 15.311 0.006
2552.77300 15.313 0.006
2553.71380 15.336 0.006
2554.76630 15.316 0.006
2555.77423 15.312 0.006
2556.75413 15.320 0.006
2557.76576 15.321 0.006
2558.72222 15.315 0.006
2559.67994 15.328 0.006
2560.71239 15.320 0.006
2561.75784 15.323 0.006
2563.73854 15.336 0.006
2564.76589 15.330 0.006
2565.75206 15.330 0.006
2566.72692 15.328 0.006
2571.71744 15.322 0.006
2573.71850 15.328 0.006
2574.70599 15.332 0.006
2576.74517 15.334 0.006
2577.70363 15.334 0.006
2578.68561 15.322 0.006
2579.69620 15.338 0.006
2580.70778 15.331 0.006
2583.68456 15.339 0.006
2584.68724 15.335 0.006
2587.67282 15.336 0.006
2588.68544 15.329 0.006
2589.67756 15.332 0.006
2590.68604 15.348 0.006
2591.71332 15.337 0.006
2593.67033 15.335 0.006
2594.67732 15.339 0.006
2596.65133 15.328 0.006
2597.63832 15.337 0.006
2598.71671 15.330 0.006
2599.68028 15.339 0.006
2609.54062 15.346 0.006
2611.58976 15.349 0.006
2614.55468 15.345 0.006
2618.58624 15.350 0.006
2622.56298 15.334 0.006
2626.52690 15.318 0.006
2629.56878 15.314 0.006
2637.52943 15.332 0.007
2640.55258 15.340 0.006
2643.55525 15.341 0.006
2649.56535 15.337 0.006
2652.54713 15.346 0.006
2655.55845 15.353 0.006
2662.54245 15.340 0.006
2665.55544 15.350 0.006
2670.54098 15.357 0.006
2674.56053 15.357 0.006
2677.54410 15.356 0.006
2680.55121 15.364 0.006
2684.53470 15.344 0.006
2804.82021 15.359 0.007
2812.93058 15.348 0.006
2815.94100 15.341 0.006
2818.95334 15.327 0.007
2829.88762 15.344 0.006
2831.88849 15.339 0.006
2832.85247 15.347 0.006
2833.92956 15.355 0.006
2836.91869 15.351 0.006
2837.93297 15.359 0.007
2838.92057 15.359 0.006
2840.86932 15.355 0.006
2843.89856 15.363 0.006
2844.93468 15.350 0.006
2848.84136 15.368 0.007
2849.91940 15.360 0.006
2851.84636 15.361 0.006
2852.87952 15.357 0.006
2854.89089 15.353 0.006
2857.92639 15.367 0.006
2859.88552 15.365 0.006
2860.93789 15.362 0.006
2861.80979 15.360 0.006
2862.85852 15.362 0.006
2863.89753 15.360 0.007
2865.78282 15.363 0.006
2867.86935 15.356 0.006
2869.83165 15.357 0.006
2870.87838 15.370 0.006
2872.80232 15.364 0.006
2877.81125 15.367 0.006
2879.83388 15.357 0.006
2884.78273 15.372 0.006
2886.79561 15.365 0.006
2888.73880 15.375 0.006
2890.77724 15.378 0.006
2893.80600 15.378 0.006
2895.77988 15.353 0.006
2897.76442 15.340 0.006
2899.79672 15.328 0.006
2903.81572 15.352 0.006
2906.76412 15.339 0.006
2908.74190 15.343 0.006
2910.73614 15.350 0.006
2912.74196 15.341 0.006
2916.75480 15.354 0.006
2918.73184 15.352 0.006
2922.73478 15.356 0.006
2924.73100 15.349 0.006
2926.66644 15.353 0.006
2929.72778 15.371 0.006
2931.70528 15.353 0.006
2933.71586 15.360 0.006
2935.67996 15.371 0.006
2937.71052 15.360 0.006
2939.64478 15.362 0.006
2941.67198 15.359 0.006
2943.66814 15.350 0.006
2944.67069 15.360 0.006
2946.65076 15.350 0.006
2947.67853 15.357 0.006
2949.65938 15.368 0.006
2950.61089 15.353 0.006
2951.69196 15.335 0.006
2953.63994 15.344 0.006
2955.62454 15.364 0.006
2960.65841 15.355 0.006
2964.67107 15.372 0.006
2966.61488 15.366 0.006
2969.64012 15.361 0.006
2971.66699 15.365 0.006
2974.54170 15.370 0.006
2976.57481 15.367 0.006
2978.56270 15.365 0.007
2980.61753 15.357 0.006
2982.58223 15.358 0.006
2984.61533 15.360 0.006
2986.62563 15.350 0.006
2989.57711 15.324 0.006
2992.59329 15.330 0.006
2996.60060 15.354 0.006
2999.59545 15.342 0.006
3003.53969 15.350 0.006
3006.58658 15.351 0.006
3009.57869 15.357 0.006
3013.59112 15.335 0.006
3017.57980 15.353 0.006
3020.55457 15.337 0.006
3022.58223 15.351 0.006
3024.58128 15.348 0.006
3026.55156 15.348 0.006
3030.55607 15.345 0.006
3032.57319 15.356 0.006
3034.57273 15.351 0.006
3038.56379 15.346 0.006
3180.92671 15.330 0.006
3184.91854 15.338 0.006
3193.94270 15.334 0.006
3196.91371 15.347 0.006
3202.90621 15.360 0.006
3204.87625 15.346 0.006
3206.88910 15.353 0.006
3211.80055 15.360 0.006
3211.83741 15.357 0.006
3216.79135 15.363 0.006
3217.89548 15.335 0.006
3224.83808 15.350 0.006
3228.81599 15.360 0.006
3230.79353 15.357 0.006
3238.82056 15.375 0.006
3239.85990 15.345 0.006
3241.76207 15.348 0.006
3242.79800 15.341 0.006
3244.73503 15.332 0.006
3245.83881 15.360 0.006
3246.83582 15.354 0.006
3248.74062 15.365 0.006
3250.80158 15.361 0.006
3256.73824 15.335 0.006
3258.73747 15.325 0.006
3260.71094 15.337 0.006
3262.74682 15.341 0.006
3264.69861 15.340 0.006
3266.76947 15.339 0.006
3268.70301 15.328 0.006
3270.76681 15.328 0.006
3271.73060 15.341 0.006
3273.68944 15.338 0.006
3275.67985 15.325 0.006
3276.77391 15.339 0.006
3278.65236 15.329 0.006
3280.68604 15.323 0.006
3282.68113 15.326 0.006
3286.63978 15.344 0.006
3288.65348 15.348 0.006
3291.62865 15.343 0.006
3294.64044 15.326 0.006
3296.60777 15.326 0.006
3298.61666 15.335 0.006
3300.61720 15.347 0.006
3302.59834 15.333 0.006
3305.69427 15.342 0.006
3307.61084 15.326 0.006
3309.63156 15.337 0.006
3311.58717 15.329 0.006
3315.62065 15.338 0.006
3320.66411 15.341 0.006
3323.62082 15.320 0.006
3324.63055 15.337 0.006
3329.56404 15.348 0.006
3334.58027 15.346 0.006
3336.57615 15.347 0.006
3341.62309 15.349 0.006
3350.57885 15.319 0.006
3354.61087 15.304 0.006
3360.59071 15.340 0.006
3366.63032 15.317 0.006
3372.61477 15.326 0.006
3376.59056 15.311 0.006
3379.60800 15.331 0.006
3387.56733 15.331 0.006
3395.57580 15.320 0.006
3399.56266 15.341 0.006
3403.55374 15.331 0.006
3543.93229 15.298 0.006
3552.88564 15.311 0.006
3558.93688 15.317 0.006
3562.93139 15.308 0.006
3568.92288 15.313 0.006
3570.88268 15.314 0.006
3571.87128 15.329 0.006
3575.87625 15.315 0.006
3579.87400 15.305 0.006
3582.77130 15.321 0.006
3584.88290 15.300 0.006
3589.85374 15.311 0.006
3590.88401 15.317 0.006
3592.82564 15.319 0.006
3594.86300 15.324 0.006
3603.77450 15.318 0.006
3607.86717 15.331 0.006
3617.82348 15.296 0.006
3619.79935 15.291 0.006
3621.79645 15.304 0.006
3621.84192 15.297 0.006
3625.79484 15.289 0.006
3628.74501 15.313 0.006
3630.71160 15.317 0.006
3632.74053 15.292 0.006
3634.65408 15.288 0.006
3637.72826 15.293 0.006
3640.69370 15.315 0.006
3642.69161 15.316 0.006
3644.72450 15.291 0.006
3646.73819 15.312 0.006
3650.75389 15.306 0.006
3652.70233 15.310 0.006
3654.67557 15.300 0.006
3656.74920 15.312 0.006
3657.75261 15.315 0.006
3659.71438 15.314 0.006
3661.64098 15.311 0.006
3664.71103 15.300 0.006
3666.71007 15.301 0.006
3668.69434 15.309 0.006
3670.67497 15.308 0.006
3672.63516 15.300 0.006
3674.76704 15.310 0.006
3676.66040 15.316 0.006
3682.63397 15.296 0.006
3684.64750 15.297 0.006
3686.61706 15.306 0.006
3688.58990 15.310 0.006
3690.60349 15.326 0.006
3693.60165 15.317 0.006
3695.59768 15.324 0.006
3697.58820 15.314 0.006
3699.58796 15.298 0.006
3701.62201 15.313 0.006
3703.62703 15.306 0.006
3705.63739 15.301 0.006
3707.60394 15.312 0.006
3712.66455 15.282 0.006
3715.60549 15.267 0.006
3717.58418 15.284 0.006
3720.61993 15.282 0.006
3724.58921 15.287 0.006
3726.60958 15.296 0.006
3731.54942 15.297 0.006
3735.58843 15.291 0.006
3739.55092 15.296 0.006
3743.56502 15.301 0.006
3748.56861 15.308 0.006
3753.56563 15.304 0.006
3759.57048 15.316 0.006
3763.55534 15.316 0.006
3769.53313 15.304 0.006
3773.55905 15.316 0.006
3778.53377 15.318 0.006
3903.91751 15.275 0.006
3908.94073 15.285 0.006
3915.93087 15.293 0.006
3918.95019 15.332 0.006
3933.84191 15.296 0.006
3935.83833 15.311 0.006
3937.87624 15.317 0.006
3945.84564 15.310 0.006
3950.86357 15.302 0.006
3957.82145 15.308 0.006
3959.81887 15.307 0.006
3961.80386 15.322 0.006
3964.81098 15.318 0.006
3966.80348 15.310 0.006
3968.79672 15.320 0.006
3970.78831 15.315 0.006
3973.75925 15.314 0.006
3975.77259 15.313 0.006
3980.70508 15.301 0.006
3981.70498 15.307 0.006
3982.76938 15.291 0.006
3986.74643 15.297 0.006
3989.84913 15.319 0.006
3991.78733 15.307 0.006
3994.69908 15.305 0.006
3998.82654 15.295 0.006
4001.69361 15.297 0.006
4003.65724 15.299 0.006
4005.73216 15.306 0.006
4007.63072 15.311 0.006
4008.65607 15.305 0.006
4011.68374 15.302 0.006
4014.68176 15.310 0.006
4016.66290 15.299 0.006
4018.65931 15.315 0.006
4020.69856 15.298 0.006
4023.64874 15.302 0.006
4025.69691 15.311 0.006
4027.63719 15.303 0.006
4029.61940 15.314 0.006
4031.60634 15.309 0.006
4036.66512 15.323 0.006
4038.63823 15.320 0.006
4040.57655 15.314 0.006
4042.64541 15.300 0.006
4047.59956 15.305 0.006
4049.57217 15.305 0.006
4051.62177 15.323 0.006
4053.59623 15.311 0.006
4055.56179 15.341 0.006
4057.56486 15.323 0.006
4060.54379 15.303 0.006
4064.58830 15.317 0.006
4066.54564 15.302 0.006
4068.61144 15.299 0.006
4071.57774 15.297 0.006
4073.58462 15.282 0.006
4075.62968 15.283 0.006
4077.60210 15.280 0.006
4079.58557 15.305 0.006
4083.55668 15.295 0.006
4087.61476 15.280 0.006
4095.57879 15.300 0.006
4100.55627 15.293 0.006
4105.63296 15.299 0.006
4107.57404 15.310 0.006
4108.62012 15.301 0.006
4112.57440 15.298 0.006
4119.57642 15.304 0.006
4120.60724 15.283 0.006
4122.59585 15.295 0.006
4127.58810 15.298 0.006
4253.91368 15.287 0.006
4255.93383 15.274 0.006
4258.91429 15.281 0.006
4273.93438 15.293 0.006
4279.76337 15.282 0.007
4282.84994 15.309 0.006
4283.81805 15.290 0.006
4284.91982 15.293 0.006
4289.89066 15.302 0.006
4292.92412 15.296 0.006
4295.91793 15.292 0.006
4297.83812 15.291 0.006
4298.87128 15.299 0.006
4299.91472 15.300 0.006
4300.93697 15.290 0.006
4302.83744 15.298 0.006
4303.84619 15.326 0.006
4307.78679 15.309 0.006
4308.71796 15.313 0.006
4308.92536 15.314 0.006
4310.89708 15.314 0.006
4314.82756 15.298 0.006
4316.88743 15.292 0.006
4320.81915 15.306 0.006
4326.89733 15.311 0.006
4327.91950 15.306 0.006
4328.88941 15.305 0.006
4329.90511 15.305 0.006
4331.88738 15.317 0.006
4333.92154 15.315 0.006
4336.88402 15.309 0.006
4339.89186 15.314 0.006
4340.87671 15.301 0.006
4342.84953 15.295 0.006
4344.81003 15.268 0.006
4346.78339 15.281 0.006
4348.76709 15.287 0.006
4350.74391 15.286 0.006
4353.70212 15.299 0.006
4355.76078 15.310 0.006
4358.70395 15.287 0.006
4362.71173 15.300 0.006
4363.71900 15.281 0.006
4365.70844 15.284 0.006
4369.74253 15.295 0.006
4370.70259 15.292 0.006
4373.71422 15.298 0.006
4378.67954 15.304 0.006
4379.71115 15.307 0.006
4381.66982 15.294 0.006
4383.69846 15.296 0.006
4386.72462 15.298 0.006
4388.72325 15.300 0.006
4391.54636 15.297 0.006
4394.64064 15.292 0.006
4396.70347 15.289 0.006
4398.70629 15.291 0.006
4402.69129 15.311 0.006
4404.70793 15.308 0.006
4409.69551 15.301 0.006
4412.64023 15.311 0.006
4415.73134 15.308 0.006
4417.68132 15.291 0.006
4420.66811 15.294 0.006
4423.65826 15.313 0.006
4426.53985 15.311 0.006
4426.71179 15.288 0.006
4428.59873 15.313 0.006
4430.61869 15.311 0.006
4432.60457 15.307 0.006
4434.64600 15.276 0.006
4436.62262 15.281 0.006
4438.63051 15.264 0.006
4440.63636 15.280 0.006
4442.59783 15.289 0.006
4444.62236 15.280 0.006
4450.60063 15.270 0.006
4452.63256 15.266 0.006
4454.61380 15.281 0.006
4456.60865 15.281 0.006
4457.63749 15.281 0.006
4460.58614 15.296 0.006
4462.61106 15.287 0.006
4464.60563 15.294 0.006
4471.57893 15.289 0.006
4473.56689 15.308 0.006
4475.63021 15.296 0.006
4480.61419 15.294 0.006
4482.61636 15.294 0.006
4484.62668 15.311 0.006
4486.63848 15.299 0.006
4490.56766 15.288 0.006
4643.94104 15.308 0.006
4651.91747 15.298 0.006
4655.83843 15.305 0.006
4661.93710 15.304 0.006
4662.86072 15.310 0.006
4663.80939 15.313 0.006
4665.88248 15.315 0.006
4671.91642 15.313 0.006
4677.88026 15.314 0.006
4682.86563 15.303 0.006
4684.89272 15.305 0.006
4686.85275 15.308 0.006
4688.86890 15.326 0.006
4690.79439 15.321 0.006
4691.79763 15.327 0.006
4694.80744 15.301 0.006
4697.78839 15.320 0.006
4699.80922 15.299 0.006
4700.84316 15.319 0.006
4701.85094 15.310 0.006
4703.81025 15.310 0.006
4704.82861 15.310 0.006
4705.83631 15.315 0.006
4707.81752 15.297 0.006
4709.78813 15.291 0.006
4715.79312 15.296 0.006
4717.74774 15.301 0.006
4720.72675 15.284 0.006
4724.69108 15.293 0.006
4726.68512 15.306 0.006
4730.73951 15.289 0.006
4740.71692 15.311 0.006
4743.71465 15.312 0.006
4748.70078 15.311 0.006
4750.73348 15.311 0.006
4754.65909 15.306 0.006
4756.68922 15.303 0.006
4758.64882 15.304 0.006
4760.63550 15.315 0.006
4762.62549 15.316 0.006
4767.68175 15.307 0.006
4771.57603 15.324 0.006
4772.64663 15.301 0.006
4774.64307 15.314 0.006
4776.59349 15.313 0.006
4778.59579 15.307 0.006
4780.61349 15.309 0.006
4782.56528 15.299 0.006
4783.62697 15.319 0.006
4786.54794 15.324 0.006
4787.61556 15.296 0.007
4789.61109 15.298 0.006
4791.57528 15.308 0.006
4793.58198 15.323 0.006
4795.61630 15.296 0.006
4797.58939 15.309 0.006
4799.59584 15.255 0.006
4801.57241 15.253 0.006
4802.63917 15.259 0.006
4803.61159 15.254 0.006
4805.55410 15.270 0.006
4807.57267 15.271 0.006
4809.59771 15.271 0.006
4811.61967 15.244 0.006
4814.57740 15.266 0.006
4816.57963 15.272 0.006
4818.55749 15.293 0.006
4820.57168 15.275 0.006
4822.64441 15.285 0.006
4824.61333 15.316 0.006
4831.58948 15.293 0.006
4834.62303 15.308 0.006
4838.62228 15.301 0.006
4841.60485 15.305 0.006
4843.60231 15.312 0.006
4846.60799 15.307 0.006
4848.64434 15.312 0.006
4850.63181 15.295 0.006
4853.62752 15.292 0.006
4856.60325 15.294 0.006
4864.58091 15.280 0.006
4868.60066 15.278 0.006
4870.54013 15.316 0.006
4873.55580 15.303 0.006
