 626.93294 15.215 0.005
 629.85225 15.220 0.006
 631.91409 15.223 0.006
 632.90883 15.219 0.006
 635.88476 15.220 0.005
 643.85414 15.200 0.006
 645.88028 15.176 0.005
 649.84297 15.185 0.006
 656.89546 15.205 0.005
 657.89933 15.208 0.005
 658.90810 15.212 0.006
 665.87512 15.193 0.005
 666.87722 15.193 0.005
 667.89624 15.223 0.005
 668.86701 15.196 0.005
 670.83268 15.187 0.005
 671.85514 15.195 0.005
 672.86009 15.195 0.005
 673.77314 15.189 0.005
 684.78810 15.192 0.005
 685.78860 15.193 0.005
 686.74468 15.200 0.005
 687.90598 15.198 0.005
 688.87389 15.197 0.005
 689.74042 15.199 0.005
 697.70628 15.217 0.005
 698.72153 15.228 0.006
 699.73235 15.214 0.005
 700.71743 15.218 0.005
 701.68911 15.208 0.005
 704.68368 15.185 0.006
 706.68203 15.186 0.006
 706.77652 15.187 0.006
 707.71259 15.184 0.006
 708.71011 15.188 0.006
 712.71047 15.225 0.006
 713.72466 15.222 0.005
 714.74121 15.225 0.005
 715.78207 15.221 0.005
 716.76460 15.225 0.005
 720.67162 15.207 0.005
 726.73177 15.207 0.005
 728.72488 15.214 0.005
 729.66927 15.207 0.005
 730.62061 15.195 0.005
 733.68021 15.201 0.006
 739.70243 15.226 0.005
 741.66603 15.222 0.005
 742.65983 15.225 0.005
 744.62835 15.234 0.005
 745.66824 15.227 0.005
 746.61304 15.239 0.005
 748.56749 15.234 0.006
 749.57391 15.232 0.006
 750.54813 15.234 0.006
 751.57825 15.241 0.006
 752.78202 15.243 0.005
 753.72177 15.256 0.005
 754.75330 15.271 0.006
 755.57699 15.269 0.006
 759.57962 15.271 0.005
 760.58396 15.262 0.005
 761.57920 15.259 0.005
 762.57720 15.255 0.006
 762.70747 15.251 0.006
 762.78588 15.242 0.006
 763.59620 15.228 0.006
 763.74045 15.219 0.005
 764.67423 15.252 0.007
 765.55956 15.211 0.006
 766.59648 15.189 0.006
 766.66303 15.210 0.006
 767.57092 15.214 0.006
 767.72456 15.217 0.006
 769.55583 15.207 0.005
 770.65213 15.229 0.005
 771.62830 15.220 0.005
 772.55637 15.231 0.005
 773.57896 15.240 0.005
 774.64877 15.260 0.005
 775.60167 15.247 0.005
 776.68263 15.250 0.005
 777.59956 15.253 0.005
 778.57271 15.258 0.006
 778.66420 15.251 0.006
 778.73044 15.254 0.006
 779.63209 15.233 0.006
 780.63189 15.238 0.006
 780.72602 15.225 0.006
 781.60846 15.221 0.005
 782.60612 15.219 0.006
 783.58587 15.211 0.005
 784.62547 15.214 0.005
 785.59632 15.203 0.005
 786.60104 15.209 0.005
 787.68144 15.212 0.005
 788.61305 15.212 0.005
 790.56306 15.202 0.005
 795.57482 15.214 0.005
 796.62442 15.236 0.006
 797.69490 15.225 0.005
 798.61231 15.217 0.005
 800.61023 15.205 0.005
 802.59076 15.223 0.005
 805.59681 15.221 0.006
 806.60758 15.227 0.006
 817.63502 15.245 0.006
 819.67611 15.256 0.005
 820.67512 15.258 0.005
 822.59506 15.233 0.005
 823.67234 15.245 0.005
 824.62047 15.233 0.006
 824.68329 15.214 0.006
 825.69366 15.223 0.007
 828.65370 15.188 0.005
 829.62030 15.201 0.006
 832.62722 15.228 0.005
 833.64732 15.236 0.005
 834.66150 15.250 0.006
 836.59489 15.267 0.006
 838.56802 15.250 0.006
 840.58345 15.231 0.005
 845.58910 15.233 0.005
 850.55657 15.226 0.005
 855.56323 15.216 0.006
 856.55111 15.219 0.005
 859.55074 15.216 0.006
 860.58306 15.228 0.006
 866.57036 15.212 0.005
 876.53891 15.253 0.005
 962.91949 15.240 0.005
 986.88577 15.246 0.005
 987.89806 15.251 0.005
 991.91195 15.255 0.005
 996.87971 15.291 0.005
 998.88539 15.283 0.006
1003.81657 15.292 0.006
1005.84199 15.273 0.006
1008.87513 15.254 0.005
1020.83804 15.295 0.005
1025.81768 15.239 0.006
1035.79255 15.298 0.005
1037.81981 15.290 0.006
1038.91883 15.280 0.006
1041.88926 15.239 0.005
1045.79041 15.275 0.005
1049.81082 15.311 0.005
1052.82121 15.281 0.006
1055.69096 15.268 0.005
1058.84276 15.298 0.006
1059.82162 15.318 0.006
1064.76476 15.335 0.006
1068.75663 15.294 0.005
1071.78462 15.239 0.005
1075.80176 15.304 0.005
1078.72353 15.321 0.005
1080.66957 15.323 0.005
1083.76188 15.305 0.005
1086.61244 15.260 0.005
1090.69552 15.278 0.006
1092.69562 15.291 0.005
1094.69178 15.318 0.005
1102.66039 15.279 0.005
1107.62872 15.306 0.005
1112.73490 15.321 0.005
1117.61032 15.316 0.005
1122.62192 15.338 0.006
1128.57051 15.325 0.006
1132.60087 15.262 0.006
1135.66955 15.270 0.005
1138.62233 15.326 0.005
1140.65470 15.361 0.006
1144.65773 15.341 0.006
1151.59219 15.295 0.005
1154.61178 15.355 0.006
1157.65753 15.370 0.006
1160.64904 15.342 0.006
1163.73096 15.306 0.005
1166.69801 15.316 0.005
1170.62693 15.343 0.005
1175.68805 15.350 0.006
1179.68576 15.337 0.005
1183.69463 15.368 0.006
1186.68846 15.375 0.005
1189.57701 15.374 0.005
1192.62161 15.317 0.005
1202.56816 15.395 0.006
1206.57179 15.346 0.006
1212.56335 15.337 0.006
1216.56939 15.378 0.006
1220.56558 15.342 0.006
1227.56118 15.351 0.006
1233.54872 15.369 0.006
1329.81006 15.393 0.006
1330.92020 15.374 0.006
1335.86535 15.355 0.006
1341.92619 15.391 0.006
1347.92256 15.393 0.006
1355.91145 15.387 0.006
1365.91236 15.397 0.006
1367.88992 15.409 0.007
1369.87759 15.415 0.006
1374.87651 15.431 0.006
1395.84210 15.369 0.006
1397.86548 15.399 0.006
1401.87915 15.420 0.006
1407.88646 15.414 0.006
1412.78441 15.429 0.006
1418.82451 15.448 0.006
1430.71852 15.467 0.006
1432.78339 15.458 0.006
1438.73627 15.450 0.006
1441.84339 15.436 0.006
1447.69985 15.465 0.007
1451.66591 15.467 0.006
1454.64013 15.446 0.007
1458.69273 15.461 0.007
1459.68572 15.470 0.007
1461.66054 15.488 0.006
1462.71892 15.495 0.006
1470.60778 15.469 0.007
1475.63187 15.462 0.006
1478.58045 15.471 0.006
1479.59662 15.463 0.006
1484.59585 15.443 0.006
1487.62291 15.429 0.006
1490.65864 15.441 0.006
1492.56140 15.447 0.006
1495.61068 15.440 0.006
1499.57935 15.443 0.006
1502.59979 15.428 0.006
1505.66688 15.447 0.006
1509.57781 15.440 0.006
1512.67996 15.455 0.006
1516.57968 15.430 0.006
1518.64960 15.428 0.006
1520.67746 15.442 0.006
1523.59480 15.455 0.007
1526.57771 15.448 0.006
1531.68500 15.425 0.006
1540.60334 15.460 0.007
1546.60112 15.423 0.006
1551.56413 15.418 0.006
1556.60487 15.433 0.007
1567.60123 15.398 0.006
1571.59573 15.403 0.006
1576.58458 15.395 0.006
1580.58933 15.385 0.006
1583.59140 15.389 0.006
1587.58047 15.396 0.006
1592.57250 15.386 0.006
1599.55087 15.371 0.006
1602.54068 15.378 0.007
1607.53480 15.368 0.006
1702.90526 15.411 0.006
1716.91317 15.413 0.006
1728.90462 15.393 0.006
1731.89120 15.409 0.005
1740.87985 15.450 0.006
1742.90431 15.455 0.006
1743.87768 15.463 0.006
1744.89678 15.458 0.006
1749.84711 15.454 0.005
1750.87362 15.462 0.006
1751.83089 15.455 0.006
1752.84666 15.441 0.006
1753.84770 15.447 0.006
1754.81992 15.461 0.006
1755.83979 15.475 0.007
1756.86893 15.467 0.007
1757.81833 15.476 0.006
1758.82297 15.467 0.006
1759.81283 15.464 0.006
1761.85221 15.470 0.006
1762.83460 15.450 0.006
1763.84026 15.456 0.005
1764.83003 15.449 0.005
1765.82620 15.451 0.006
1766.77946 15.460 0.007
1768.79046 15.451 0.006
1769.69932 15.448 0.006
1770.70945 15.472 0.008
1771.79264 15.478 0.007
1772.81252 15.472 0.006
1773.77976 15.471 0.006
1775.86364 15.473 0.006
1784.84799 15.467 0.006
1788.75132 15.477 0.006
1803.80548 15.465 0.006
1808.81439 15.455 0.006
1811.79755 15.433 0.005
1814.84439 15.437 0.006
1817.81026 15.449 0.005
1821.61216 15.458 0.006
1823.76968 15.450 0.005
1828.85613 15.422 0.006
1829.78096 15.428 0.006
1847.80463 15.441 0.005
1854.78701 15.442 0.005
1859.75101 15.443 0.006
1863.73470 15.461 0.006
1871.79545 15.451 0.006
2086.91788 15.336 0.007
2086.92886 15.342 0.006
2106.90981 15.322 0.007
2106.92089 15.347 0.006
2113.84132 15.348 0.006
2114.85557 15.348 0.006
2115.91948 15.354 0.007
2116.89092 15.319 0.006
2116.90195 15.362 0.006
2117.89659 15.318 0.006
2122.82915 15.325 0.007
2122.84019 15.342 0.006
2123.83959 15.321 0.006
2123.85186 15.324 0.006
2124.90910 15.342 0.006
2128.84414 15.323 0.007
2128.85517 15.354 0.007
2129.87626 15.316 0.006
2130.82514 15.322 0.006
2130.83621 15.345 0.006
2131.81866 15.323 0.007
2131.82971 15.348 0.006
2132.83589 15.351 0.006
2133.91343 15.323 0.007
2133.92450 15.349 0.007
2134.82976 15.321 0.007
2134.84083 15.340 0.006
2135.86420 15.321 0.006
2135.87602 15.349 0.006
2136.86411 15.319 0.007
2136.87654 15.348 0.007
2137.90908 15.314 0.007
2137.91916 15.351 0.007
2140.83398 15.314 0.007
2140.84509 15.343 0.007
2142.89135 15.346 0.006
2143.83528 15.300 0.006
2143.85211 15.336 0.006
2144.81687 15.326 0.006
2155.89748 15.314 0.007
2156.84401 15.326 0.007
2156.85506 15.340 0.006
2160.77372 15.327 0.007
2160.78480 15.347 0.006
2162.78028 15.330 0.006
2162.79136 15.343 0.006
2165.77517 15.355 0.006
2166.77505 15.325 0.006
2166.78614 15.344 0.006
2167.75693 15.350 0.006
2168.73237 15.333 0.007
2168.74346 15.351 0.006
2171.76949 15.347 0.006
2172.76501 15.321 0.007
2172.77606 15.354 0.006
2173.72710 15.330 0.006
2173.73818 15.349 0.006
2177.65875 15.323 0.007
2177.66980 15.355 0.006
2184.72010 15.327 0.007
2185.68358 15.323 0.007
2185.69466 15.351 0.007
2187.66619 15.320 0.007
2187.67723 15.338 0.007
2190.71010 15.318 0.007
2190.72123 15.346 0.006
2191.65193 15.316 0.007
2192.68069 15.335 0.006
2192.69079 15.347 0.006
2193.70166 15.326 0.006
2193.71178 15.353 0.006
2194.67294 15.330 0.006
2194.68300 15.342 0.006
2200.69548 15.354 0.006
2201.73902 15.340 0.006
2201.74914 15.358 0.006
2206.62485 15.349 0.007
2206.63497 15.358 0.007
2211.66350 15.364 0.006
2211.67361 15.342 0.006
2212.66257 15.367 0.007
2213.67355 15.363 0.007
2213.68366 15.388 0.006
2214.65992 15.353 0.007
2214.67003 15.376 0.007
2215.67521 15.369 0.007
2217.65287 15.343 0.007
2217.66297 15.362 0.006
2219.69602 15.350 0.007
2222.74525 15.358 0.007
2222.75538 15.372 0.007
2223.68499 15.367 0.007
2225.62463 15.357 0.006
2228.57626 15.357 0.007
2228.58638 15.364 0.006
2230.51353 15.350 0.007
2230.52369 15.366 0.007
2232.52733 15.356 0.007
2232.53742 15.356 0.006
2234.57950 15.367 0.006
2236.55890 15.370 0.006
2238.56428 15.354 0.007
2238.57439 15.377 0.006
2241.55111 15.384 0.007
2243.58935 15.374 0.007
2243.59947 15.389 0.006
2248.64388 15.393 0.006
2250.62205 15.396 0.006
2253.60092 15.397 0.006
2256.58005 15.381 0.006
2258.61041 15.366 0.006
2258.62050 15.372 0.006
2263.60167 15.371 0.007
2265.63776 15.401 0.006
2270.59595 15.377 0.006
2272.59401 15.376 0.006
2274.57785 15.387 0.006
2276.53139 15.350 0.007
2276.54537 15.382 0.006
2280.55795 15.392 0.007
2285.59640 15.393 0.006
2289.59333 15.391 0.006
2291.59403 15.372 0.006
2293.59472 15.370 0.006
2295.59103 15.374 0.006
2297.59420 15.393 0.006
2299.59068 15.391 0.006
2460.90484 15.432 0.007
2463.93393 15.418 0.007
2466.85579 15.441 0.007
2466.86683 15.424 0.009
2467.91966 15.455 0.007
2467.93072 15.460 0.007
2469.91896 15.445 0.007
2469.92999 15.444 0.006
2471.90850 15.458 0.007
2471.91956 15.461 0.007
2472.89857 15.451 0.006
2472.90961 15.457 0.006
2473.92476 15.450 0.006
2473.93580 15.450 0.007
2481.88403 15.454 0.007
2481.89505 15.454 0.007
2483.90769 15.450 0.007
2483.91870 15.457 0.006
2486.90780 15.456 0.007
2486.91885 15.468 0.007
2488.90976 15.480 0.007
2488.93421 15.472 0.007
2490.79641 15.482 0.007
2492.92209 15.479 0.007
2492.93310 15.477 0.007
2495.91725 15.474 0.006
2495.92829 15.507 0.006
2496.92186 15.480 0.007
2498.79311 15.463 0.007
2498.80420 15.460 0.006
2499.87810 15.485 0.007
2499.88914 15.473 0.006
2500.88653 15.466 0.007
2500.89760 15.481 0.007
2501.87328 15.453 0.007
2502.85344 15.458 0.007
2502.86450 15.458 0.008
2508.76406 15.474 0.008
2508.77508 15.478 0.008
2516.79550 15.494 0.007
2516.80655 15.490 0.007
2517.84227 15.483 0.007
2517.85331 15.497 0.007
2518.81456 15.477 0.007
2518.82568 15.471 0.007
2519.81284 15.476 0.007
2519.82390 15.466 0.006
2520.81101 15.480 0.007
2520.82208 15.480 0.006
2521.79929 15.462 0.007
2521.81525 15.452 0.008
2524.80269 15.481 0.007
2524.81379 15.484 0.007
2526.79652 15.479 0.006
2526.80757 15.484 0.006
2529.79274 15.474 0.007
2529.80381 15.479 0.006
2535.79098 15.437 0.007
2535.80207 15.447 0.007
2537.72106 15.425 0.007
2537.73215 15.453 0.007
2538.82214 15.443 0.007
2538.83240 15.443 0.007
2539.71930 15.432 0.007
2539.72960 15.434 0.006
2540.76180 15.430 0.007
2540.77289 15.441 0.007
2541.73118 15.443 0.007
2542.70100 15.441 0.007
2542.71127 15.440 0.006
2544.68093 15.433 0.007
2544.69203 15.438 0.006
2545.69446 15.430 0.007
2547.71245 15.446 0.007
2547.72272 15.436 0.008
2548.73044 15.453 0.007
2548.74151 15.450 0.006
2550.72571 15.437 0.007
2550.73679 15.420 0.008
2551.71224 15.440 0.007
2551.72333 15.434 0.006
2552.72825 15.430 0.006
2552.73930 15.445 0.006
2553.68009 15.452 0.007
2554.72135 15.448 0.007
2554.73244 15.445 0.008
2555.72929 15.448 0.007
2555.74034 15.439 0.008
2556.70836 15.448 0.007
2556.71945 15.448 0.006
2557.72088 15.459 0.007
2558.67736 15.446 0.007
2558.68842 15.447 0.006
2559.63441 15.459 0.007
2559.64543 15.462 0.006
2560.66734 15.456 0.007
2560.67844 15.456 0.006
2561.71296 15.469 0.007
2561.72406 15.467 0.007
2562.68572 15.455 0.007
2562.69674 15.442 0.006
2563.69365 15.450 0.007
2563.70472 15.457 0.007
2564.71001 15.459 0.007
2564.72111 15.445 0.006
2565.70601 15.450 0.007
2566.68095 15.440 0.007
2566.69121 15.447 0.006
2568.75000 15.463 0.007
2568.76763 15.452 0.007
2572.75211 15.471 0.007
2573.67988 15.464 0.007
2573.69019 15.475 0.007
2574.65986 15.445 0.007
2574.67015 15.441 0.006
2576.69460 15.453 0.007
2576.70488 15.427 0.006
2577.65966 15.428 0.007
2577.66993 15.432 0.009
2578.64716 15.428 0.007
2578.65746 15.398 0.008
2579.65768 15.443 0.007
2579.66798 15.437 0.007
2580.66582 15.424 0.007
2580.67609 15.426 0.006
2583.63787 15.422 0.007
2583.64815 15.429 0.007
2584.64432 15.414 0.007
2584.65460 15.425 0.006
2586.64552 15.390 0.007
2586.65580 15.400 0.006
2587.62740 15.420 0.007
2587.63846 15.416 0.008
2589.61831 15.433 0.007
2589.62933 15.443 0.006
2590.63505 15.431 0.007
2590.64610 15.436 0.006
2591.66123 15.412 0.007
2591.67228 15.444 0.006
2593.62450 15.425 0.007
2593.63553 15.407 0.006
2594.63052 15.420 0.007
2594.64157 15.416 0.006
2596.60414 15.419 0.007
2596.61520 15.427 0.006
2597.59131 15.406 0.007
2597.60238 15.402 0.006
2598.67151 15.407 0.007
2598.68256 15.404 0.006
2599.62558 15.395 0.007
2599.63663 15.402 0.007
2607.64568 15.415 0.007
2607.65672 15.415 0.007
2610.56701 15.397 0.007
2610.57807 15.428 0.007
2613.56101 15.399 0.007
2613.57185 15.415 0.007
2615.59140 15.401 0.007
2615.60230 15.423 0.006
2619.57591 15.396 0.007
2619.58677 15.412 0.007
2621.58490 15.403 0.008
2621.59592 15.397 0.008
2625.56764 15.404 0.007
2625.57850 15.413 0.007
2627.54918 15.399 0.007
2630.55276 15.389 0.008
2630.56300 15.403 0.007
2635.56647 15.378 0.007
2635.57671 15.397 0.007
2637.57157 15.389 0.006
2640.53168 15.362 0.007
2640.54192 15.398 0.006
2642.57143 15.381 0.007
2642.58165 15.407 0.007
2646.58278 15.400 0.007
2646.59303 15.406 0.007
2651.55685 15.377 0.007
2651.56770 15.402 0.007
2654.59519 15.397 0.007
2657.53693 15.393 0.007
2661.53346 15.364 0.006
2661.55321 15.382 0.006
2664.57393 15.376 0.007
2664.58415 15.417 0.007
2667.54294 15.390 0.006
2672.55188 15.352 0.007
2672.56209 15.387 0.007
2676.54208 15.366 0.007
2676.55227 15.383 0.006
2679.55678 15.388 0.007
2679.56698 15.408 0.007
2683.53515 15.382 0.007
2777.92190 15.328 0.007
2777.93270 15.349 0.007
2804.85045 15.341 0.007
2804.86124 15.360 0.007
2805.86773 15.338 0.008
2805.87853 15.362 0.009
2811.92285 15.330 0.007
2811.93365 15.362 0.007
2815.90734 15.335 0.007
2817.94510 15.336 0.007
2825.93921 15.354 0.006
2830.84647 15.361 0.006
2831.80530 15.334 0.007
2831.81612 15.361 0.006
2832.76599 15.334 0.007
2832.78917 15.358 0.006
2832.94386 15.340 0.007
2833.88382 15.333 0.007
2833.89466 15.359 0.007
2834.93447 15.329 0.007
2834.94529 15.366 0.006
2836.90362 15.365 0.007
2838.84669 15.369 0.006
2840.84353 15.341 0.007
2840.85436 15.357 0.007
2843.84485 15.350 0.006
2843.85571 15.357 0.006
2844.90142 15.355 0.006
2845.93760 15.328 0.008
2845.94844 15.361 0.009
2849.87410 15.352 0.007
2849.88495 15.370 0.007
2850.91770 15.362 0.007
2852.84632 15.356 0.006
2854.84679 15.339 0.007
2854.85766 15.349 0.007
2857.85421 15.333 0.007
2857.86504 15.359 0.006
2858.93865 15.337 0.006
2860.90462 15.354 0.006
2861.77610 15.353 0.006
2862.89947 15.346 0.006
2863.86415 15.346 0.007
2865.82384 15.355 0.006
2867.81326 15.353 0.006
2868.81686 15.355 0.006
2869.80338 15.343 0.006
2870.84495 15.359 0.006
2871.88802 15.316 0.008
2872.84482 15.331 0.006
2875.83572 15.335 0.006
2876.80514 15.354 0.006
2879.73164 15.361 0.006
2883.85489 15.340 0.006
2885.77933 15.327 0.006
2885.79021 15.337 0.006
2890.71021 15.343 0.008
2890.72108 15.348 0.008
2893.76166 15.323 0.007
2893.77254 15.335 0.006
2895.82175 15.340 0.006
2897.71437 15.331 0.007
2897.72529 15.330 0.006
2899.75206 15.322 0.006
2899.76292 15.343 0.006
2903.78198 15.315 0.006
2906.73098 15.324 0.006
2908.69706 15.316 0.007
2908.70798 15.325 0.006
2910.70286 15.317 0.006
2912.70819 15.327 0.006
2916.71004 15.299 0.006
2916.72094 15.311 0.006
2918.69783 15.328 0.006
2922.68690 15.316 0.007
2922.69781 15.330 0.006
2924.63875 15.319 0.006
2926.63279 15.324 0.006
2929.69399 15.325 0.006
2931.66993 15.319 0.006
2933.68036 15.318 0.006
2935.64470 15.319 0.006
2937.65942 15.307 0.007
2937.67029 15.327 0.007
2939.67488 15.308 0.007
2939.68575 15.307 0.006
2940.65205 15.309 0.006
2940.66292 15.323 0.006
2941.63818 15.314 0.006
2942.66298 15.318 0.006
2943.62343 15.302 0.007
2943.63433 15.319 0.006
2944.60779 15.300 0.007
2944.61869 15.322 0.006
2946.56257 15.307 0.007
2946.60253 15.306 0.007
2946.61344 15.314 0.006
2947.63414 15.312 0.007
2947.64506 15.311 0.006
2949.61524 15.298 0.007
2949.62608 15.312 0.006
2950.56678 15.303 0.007
2950.57761 15.306 0.006
2951.65822 15.321 0.006
2953.59527 15.300 0.007
2953.60616 15.311 0.006
2955.58041 15.322 0.007
2955.59124 15.325 0.007
2957.59399 15.312 0.007
2957.60486 15.318 0.006
2960.60844 15.315 0.007
2960.62398 15.331 0.007
2962.64828 15.311 0.007
2962.65913 15.317 0.006
2965.66180 15.321 0.006
2968.62413 15.321 0.006
2970.64294 15.313 0.006
2972.64756 15.318 0.006
2975.54474 15.309 0.007
2975.55560 15.316 0.006
2979.58044 15.308 0.007
2979.59130 15.316 0.006
2981.63858 15.321 0.007
2983.57209 15.322 0.007
2986.57784 15.303 0.007
2986.58867 15.317 0.006
2988.54983 15.304 0.007
2988.56065 15.311 0.006
2991.57597 15.305 0.007
2991.59046 15.302 0.007
2994.57533 15.310 0.006
2997.58793 15.307 0.006
3003.56193 15.322 0.006
3006.54920 15.310 0.006
3009.54449 15.312 0.006
3013.54686 15.304 0.006
3015.58212 15.309 0.006
3018.55923 15.301 0.006
3020.59494 15.297 0.006
3022.54859 15.309 0.006
3024.53679 15.309 0.007
3024.54762 15.311 0.006
3025.60720 15.294 0.006
3027.63269 15.290 0.006
3029.60438 15.301 0.006
3031.59841 15.291 0.007
3031.60918 15.299 0.006
3034.52866 15.288 0.007
3034.53942 15.299 0.006
3037.55858 15.299 0.006
3169.93001 15.282 0.007
3177.93553 15.255 0.006
3179.92091 15.271 0.006
3183.92985 15.277 0.007
3183.94060 15.277 0.006
3193.89773 15.283 0.007
3193.90852 15.269 0.006
3196.88062 15.261 0.006
3197.93221 15.262 0.007
3197.94302 15.254 0.006
3202.86851 15.259 0.006
3203.89774 15.266 0.006
3203.90859 15.263 0.006
3206.83557 15.261 0.007
3206.84640 15.256 0.006
3210.91158 15.266 0.007
3210.92241 15.269 0.006
3211.86619 15.265 0.006
3211.87698 15.265 0.006
3215.80130 15.286 0.007
3215.81219 15.276 0.006
3216.75805 15.256 0.006
3217.79717 15.258 0.007
3217.80803 15.250 0.007
3223.85333 15.268 0.007
3223.86416 15.257 0.007
3228.77203 15.269 0.007
3228.78286 15.252 0.006
3229.85386 15.254 0.006
3229.86467 15.248 0.006
3231.83533 15.268 0.007
3231.84617 15.253 0.006
3238.77219 15.259 0.007
3238.78305 15.249 0.006
3239.81573 15.263 0.006
3239.82662 15.244 0.006
3240.80846 15.262 0.007
3240.81932 15.254 0.006
3241.79193 15.249 0.007
3241.80280 15.245 0.006
3242.73593 15.251 0.006
3242.74678 15.239 0.006
3243.87940 15.253 0.006
3244.84712 15.254 0.007
3244.85797 15.243 0.006
3245.79486 15.260 0.007
3245.80573 15.237 0.006
3246.78762 15.269 0.006
3246.79849 15.250 0.006
3247.79600 15.253 0.006
3247.80684 15.248 0.006
3249.74630 15.254 0.006
3249.75715 15.253 0.006
3251.77075 15.251 0.006
3254.75846 15.234 0.006
3257.78272 15.232 0.006
3259.68459 15.242 0.006
3259.69544 15.242 0.006
3261.72064 15.248 0.006
3261.73149 15.244 0.006
3263.71786 15.244 0.006
3263.72872 15.236 0.006
3265.73920 15.256 0.006
3265.75008 15.236 0.006
3267.72596 15.232 0.006
3267.73686 15.228 0.006
3270.67941 15.246 0.006
3270.69029 15.228 0.006
3271.68234 15.238 0.006
3271.69317 15.246 0.006
3273.64065 15.238 0.007
3273.65150 15.233 0.006
3275.62651 15.234 0.006
3275.64635 15.255 0.007
3276.74078 15.228 0.006
3277.76855 15.239 0.006
3277.77942 15.225 0.006
3279.70017 15.230 0.006
3279.71102 15.231 0.006
3281.65874 15.246 0.006
3281.66962 15.235 0.006
3283.66041 15.230 0.006
3283.67130 15.233 0.006
3287.62654 15.250 0.006
3287.63743 15.226 0.006
3289.64152 15.236 0.006
3289.65237 15.230 0.006
3291.59046 15.234 0.006
3293.61508 15.244 0.006
3293.62596 15.227 0.006
3295.63301 15.240 0.006
3295.64387 15.220 0.006
3298.57091 15.244 0.006
3298.58178 15.224 0.006
3300.57321 15.237 0.006
3300.58406 15.238 0.007
3302.55018 15.244 0.006
3302.56103 15.213 0.006
3305.66111 15.228 0.006
3307.56249 15.243 0.007
3307.57337 15.222 0.006
3309.59841 15.206 0.006
3311.53920 15.242 0.006
3311.55003 15.209 0.006
3314.58215 15.238 0.007
3314.59300 15.221 0.006
3320.61995 15.225 0.006
3320.63081 15.205 0.006
3323.57823 15.200 0.006
3327.57491 15.228 0.006
3327.58576 15.207 0.006
3330.57040 15.199 0.007
3330.58126 15.215 0.006
3335.62523 15.214 0.006
3338.56007 15.217 0.006
3338.57091 15.212 0.006
3350.54522 15.204 0.006
3353.60382 15.198 0.006
3359.58568 15.202 0.006
3363.57693 15.224 0.006
3363.58771 15.211 0.006
3367.64734 15.221 0.006
3372.58082 15.201 0.006
3376.54611 15.201 0.006
3376.55696 15.197 0.006
3380.53252 15.208 0.007
3380.54334 15.201 0.006
3386.59028 15.184 0.006
3395.52729 15.224 0.007
3395.53809 15.197 0.006
3398.58578 15.189 0.006
3402.57225 15.205 0.006
3402.58303 15.190 0.006
3543.89658 15.283 0.006
3551.90940 15.294 0.007
3551.92011 15.285 0.006
3554.94062 15.285 0.006
3558.90365 15.274 0.006
3561.94786 15.285 0.006
3562.89076 15.281 0.006
3564.92553 15.276 0.006
3568.87116 15.251 0.006
3568.88187 15.260 0.006
3570.83216 15.265 0.007
3570.84292 15.278 0.006
3571.82311 15.286 0.007
3571.83383 15.277 0.006
3573.86881 15.263 0.007
3573.87955 15.276 0.006
3575.82459 15.278 0.006
3575.83531 15.282 0.006
3577.88097 15.266 0.006
3577.89168 15.278 0.006
3578.91699 15.269 0.006
3578.92775 15.269 0.006
3579.83277 15.265 0.006
3581.89113 15.261 0.006
3581.90186 15.259 0.006
3582.84743 15.261 0.007
3582.85814 15.257 0.006
3583.85766 15.263 0.006
3583.86838 15.253 0.006
3584.83863 15.275 0.007
3585.87875 15.279 0.006
3585.88952 15.274 0.006
3586.83092 15.266 0.006
3586.84166 15.264 0.006
3588.85993 15.263 0.006
3590.80526 15.259 0.006
3590.81599 15.267 0.006
3592.77001 15.267 0.006
3592.78075 15.264 0.006
3594.82024 15.257 0.006
3597.84945 15.252 0.007
3600.90602 15.295 0.007
3602.74651 15.266 0.007
3602.76459 15.255 0.006
3607.83761 15.285 0.006
3607.84838 15.265 0.006
3614.82059 15.282 0.006
3617.79363 15.276 0.006
3617.80437 15.269 0.006
3619.77173 15.255 0.006
3619.78250 15.265 0.006
3621.76422 15.256 0.006
3621.77498 15.252 0.006
3630.64295 15.235 0.006
3630.65377 15.243 0.006
3632.64031 15.255 0.007
3632.65108 15.269 0.006
3634.71321 15.267 0.006
3634.72398 15.264 0.006
3637.67204 15.260 0.006
3637.68279 15.275 0.006
3639.72195 15.264 0.006
3639.73273 15.257 0.006
3641.71873 15.262 0.006
3641.72950 15.275 0.006
3643.81714 15.255 0.006
3643.82794 15.263 0.007
3644.75780 15.251 0.006
3644.76859 15.250 0.006
3646.68884 15.251 0.006
3646.69964 15.248 0.007
3650.71007 15.266 0.006
3650.72085 15.270 0.006
3652.64523 15.278 0.006
3652.65597 15.288 0.006
3654.61568 15.276 0.006
3654.63430 15.278 0.006
3656.65798 15.254 0.006
3657.70494 15.271 0.006
3657.71569 15.287 0.007
3658.67986 15.271 0.006
3658.69298 15.271 0.006
3659.66256 15.259 0.006
3659.67331 15.257 0.007
3661.62201 15.248 0.007
3663.63418 15.256 0.007
3663.64496 15.248 0.006
3665.66652 15.273 0.006
3665.67727 15.263 0.006
3668.61568 15.275 0.006
3668.62641 15.268 0.006
3670.56638 15.293 0.007
3670.57713 15.282 0.006
3672.60581 15.304 0.006
3672.61658 15.290 0.006
3674.63507 15.291 0.006
3674.67542 15.311 0.006
3676.59289 15.290 0.006
3676.61585 15.295 0.006
3682.58183 15.283 0.006
3682.59255 15.298 0.006
3684.57469 15.283 0.006
3684.58548 15.286 0.006
3686.57536 15.299 0.006
3688.53766 15.278 0.006
3688.54843 15.291 0.006
3690.54357 15.272 0.007
3690.55431 15.275 0.006
3692.59612 15.264 0.006
3692.60689 15.268 0.008
3694.58270 15.275 0.006
3694.59344 15.278 0.006
3696.58957 15.286 0.006
3698.61253 15.291 0.007
3698.62818 15.290 0.006
3700.62258 15.297 0.006
3700.63333 15.290 0.006
3702.61350 15.318 0.006
3702.62424 15.310 0.006
3704.61402 15.286 0.006
3704.62477 15.290 0.006
3706.62888 15.276 0.006
3706.63964 15.274 0.006
3708.61028 15.260 0.006
3708.62106 15.274 0.006
3712.56681 15.277 0.006
3712.57756 15.281 0.006
3714.56948 15.306 0.006
3714.58024 15.317 0.006
3718.55296 15.308 0.006
3718.56370 15.314 0.006
3721.58516 15.288 0.007
3721.59590 15.299 0.006
3725.61403 15.257 0.006
3725.62476 15.278 0.006
3730.53829 15.308 0.006
3730.54901 15.311 0.006
3734.60896 15.331 0.006
3734.61972 15.327 0.006
3738.56103 15.323 0.007
3738.57175 15.332 0.006
3742.55821 15.312 0.007
3742.56894 15.325 0.006
3747.55798 15.309 0.007
3747.56968 15.306 0.006
3751.56677 15.297 0.007
3751.57748 15.316 0.006
3757.53445 15.325 0.007
3762.54475 15.311 0.007
3762.55545 15.342 0.007
3766.55000 15.323 0.006
3766.56068 15.322 0.006
3772.57675 15.306 0.006
3772.58746 15.311 0.006
3777.52409 15.311 0.007
3777.53478 15.324 0.006
3871.89614 15.296 0.007
3871.90682 15.309 0.006
3902.91644 15.326 0.007
3902.92716 15.323 0.006
3907.91130 15.310 0.006
3907.92195 15.304 0.006
3913.93685 15.308 0.006
3913.94752 15.312 0.006
3918.90664 15.337 0.006
3918.91736 15.341 0.006
3932.86852 15.323 0.006
3934.87617 15.328 0.006
3934.88688 15.321 0.006
3936.88445 15.345 0.006
3936.89519 15.343 0.006
3938.86851 15.347 0.006
3938.87926 15.326 0.006
3945.87547 15.359 0.006
3945.88616 15.347 0.006
3950.82042 15.321 0.006
3950.83105 15.339 0.006
3957.77596 15.314 0.007
3957.78658 15.335 0.006
3959.76543 15.344 0.006
3959.77600 15.348 0.006
3961.75956 15.352 0.007
3961.77017 15.360 0.006
3964.76779 15.348 0.006
3964.77840 15.361 0.006
3966.76004 15.344 0.006
3966.77066 15.345 0.006
3968.75372 15.312 0.006
3968.76436 15.287 0.007
3970.74541 15.320 0.006
3970.75601 15.336 0.007
3973.71474 15.333 0.006
3973.72534 15.350 0.006
3975.72698 15.338 0.006
3975.73760 15.344 0.006
3980.66221 15.349 0.006
3980.67286 15.362 0.006
3981.66195 15.368 0.006
3981.67260 15.351 0.006
3982.72633 15.354 0.007
3982.73693 15.366 0.006
3986.69968 15.331 0.006
3986.71028 15.344 0.006
3991.72887 15.373 0.006
3991.73950 15.370 0.006
3994.64129 15.339 0.007
3994.65190 15.351 0.006
3998.67166 15.337 0.006
3998.68230 15.354 0.006
4001.64248 15.350 0.006
4001.65311 15.344 0.006
4003.62454 15.345 0.006
4004.70432 15.356 0.006
4005.68785 15.361 0.006
4005.69850 15.360 0.006
4007.58110 15.358 0.006
4007.59176 15.361 0.006
4008.60065 15.361 0.006
4011.64048 15.359 0.006
4011.65112 15.360 0.007
4014.62292 15.369 0.007
4014.63354 15.357 0.006
4016.61971 15.363 0.006
4016.63035 15.344 0.006
4018.62675 15.352 0.006
4020.61956 15.362 0.006
4020.63020 15.367 0.006
4023.60541 15.353 0.006
4023.61607 15.362 0.006
4025.60578 15.367 0.006
4025.61641 15.362 0.006
4027.59390 15.372 0.006
4027.60452 15.358 0.006
4029.57620 15.376 0.006
4029.58684 15.381 0.006
4031.56328 15.382 0.006
4031.57393 15.374 0.006
4033.65756 15.398 0.006
4033.66816 15.382 0.006
4038.56335 15.404 0.006
4040.53300 15.392 0.007
4040.54361 15.395 0.006
4042.56089 15.401 0.006
4042.57152 15.396 0.007
4044.58389 15.407 0.007
4046.61698 15.397 0.007
4046.62763 15.410 0.006
4049.52892 15.414 0.006
4049.53950 15.409 0.006
4051.57850 15.426 0.006
4051.58914 15.399 0.006
4053.63652 15.402 0.006
4055.51857 15.393 0.007
4055.52920 15.392 0.006
4057.59394 15.396 0.007
4057.60456 15.372 0.006
4059.59237 15.386 0.006
4059.60298 15.376 0.006
4063.53741 15.392 0.006
4063.54979 15.387 0.006
4065.58704 15.407 0.006
4065.60009 15.406 0.006
4067.58031 15.410 0.006
4067.59093 15.398 0.006
4069.53318 15.391 0.006
4069.54378 15.400 0.006
4071.54400 15.405 0.006
4071.55461 15.394 0.006
4074.54011 15.397 0.006
4074.55072 15.393 0.006
4077.54182 15.380 0.006
4077.55245 15.368 0.006
4079.54200 15.382 0.006
4079.55264 15.369 0.006
4082.54336 15.389 0.006
4082.55395 15.376 0.006
4085.62069 15.409 0.006
4085.63130 15.398 0.006
4092.57619 15.394 0.006
4092.58677 15.381 0.006
4097.61878 15.388 0.006
4097.62930 15.390 0.006
4100.61020 15.395 0.006
4100.62076 15.384 0.006
4105.57419 15.406 0.006
4105.58477 15.404 0.006
4111.61065 15.400 0.006
4111.62120 15.403 0.006
4115.53011 15.417 0.007
4120.56100 15.395 0.006
4120.57159 15.391 0.006
4124.57249 15.389 0.006
4124.58863 15.384 0.006
4128.59647 15.435 0.006
4128.60700 15.413 0.006
4252.94414 15.558 0.007
4253.87645 15.570 0.009
4255.86414 15.557 0.007
4255.87472 15.566 0.007
4268.92311 15.561 0.007
4268.93305 15.567 0.007
4275.93802 15.562 0.007
4275.94799 15.558 0.007
4279.83488 15.533 0.008
4279.84483 15.559 0.007
4282.82628 15.570 0.007
4282.83623 15.562 0.007
4283.84533 15.575 0.007
4283.85527 15.569 0.007
4284.87573 15.560 0.007
4284.88571 15.573 0.007
4285.94115 15.573 0.007
4289.86032 15.553 0.007
4292.88361 15.540 0.007
4292.89358 15.553 0.006
4295.87707 15.554 0.007
4295.88706 15.555 0.006
4296.90756 15.559 0.007
4296.91754 15.547 0.006
4297.93949 15.545 0.007
4297.94949 15.554 0.007
4299.87436 15.568 0.007
4299.88435 15.560 0.006
4300.89610 15.560 0.007
4300.90609 15.568 0.006
4301.91467 15.558 0.007
4301.92463 15.559 0.006
4302.93655 15.573 0.007
4302.94653 15.569 0.007
4306.93326 15.550 0.007
4306.94324 15.555 0.009
4307.84785 15.541 0.007
4307.85783 15.536 0.006
4308.67605 15.533 0.007
4308.88395 15.529 0.007
4308.89396 15.522 0.006
4310.85613 15.543 0.007
4310.86610 15.537 0.007
4311.85598 15.559 0.008
4311.86598 15.552 0.008
4312.91815 15.560 0.007
4312.92813 15.551 0.006
4316.84512 15.566 0.007
4316.85511 15.562 0.007
4320.87243 15.536 0.007
4320.88244 15.525 0.007
4326.85465 15.548 0.007
4326.86466 15.556 0.007
4327.83061 15.561 0.008
4327.88694 15.569 0.008
4328.84636 15.564 0.007
4328.85696 15.556 0.007
4329.84769 15.568 0.007
4329.85769 15.557 0.007
4330.87702 15.566 0.007
4330.88763 15.553 0.007
4332.89323 15.541 0.007
4334.87019 15.544 0.007
4334.88084 15.546 0.007
4338.92266 15.537 0.007
4339.87743 15.541 0.007
4340.79350 15.536 0.007
4340.80413 15.533 0.007
4341.79696 15.534 0.007
4342.86055 15.540 0.007
4342.87120 15.538 0.007
4343.77992 15.535 0.007
4343.79056 15.535 0.007
4344.77263 15.533 0.007
4346.71830 15.534 0.007
4346.72889 15.528 0.007
4348.72407 15.520 0.007
4348.73472 15.522 0.007
4350.70071 15.516 0.007
4350.71139 15.511 0.006
4352.80288 15.521 0.008
4353.65885 15.503 0.007
4353.66950 15.503 0.007
4354.78018 15.518 0.007
4354.79087 15.519 0.008
4357.76390 15.506 0.007
4359.71785 15.505 0.007
4359.72850 15.501 0.006
4362.66551 15.507 0.007
4362.67613 15.517 0.007
4363.62481 15.500 0.007
4363.63544 15.514 0.007
4365.68317 15.510 0.007
4365.69381 15.514 0.007
4369.68775 15.496 0.007
4371.66608 15.503 0.007
4371.67675 15.503 0.007
4376.66957 15.517 0.007
4376.68020 15.517 0.007
4378.63617 15.516 0.007
4378.64686 15.506 0.008
4379.66748 15.502 0.007
4379.67813 15.514 0.007
4381.62663 15.516 0.007
4381.63727 15.507 0.007
4382.71584 15.496 0.006
4386.67945 15.500 0.007
4388.68017 15.493 0.007
4388.69084 15.488 0.007
4390.68899 15.507 0.007
4390.69965 15.496 0.006
4393.68355 15.524 0.007
4393.69415 15.518 0.006
4396.66875 15.509 0.007
4398.66309 15.503 0.007
4398.67374 15.499 0.007
4400.68761 15.505 0.007
4404.66459 15.504 0.007
4404.67526 15.505 0.007
4407.65248 15.505 0.007
4407.66312 15.516 0.007
4410.68241 15.505 0.007
4410.69303 15.508 0.007
4415.66874 15.515 0.007
4415.67937 15.523 0.006
4418.61426 15.507 0.007
4418.62491 15.503 0.006
4421.67204 15.511 0.007
4421.68272 15.491 0.006
4423.67651 15.511 0.007
4423.68716 15.514 0.007
4426.55272 15.511 0.007
4426.56336 15.508 0.007
4428.56942 15.516 0.007
4428.58005 15.506 0.009
4430.62964 15.502 0.007
4430.64021 15.512 0.007
4432.61551 15.494 0.007
4432.62615 15.505 0.006
4434.62079 15.487 0.007
4434.63138 15.485 0.006
4436.59710 15.498 0.007
4436.60773 15.499 0.006
4438.65976 15.519 0.007
4438.67037 15.502 0.007
4440.59287 15.504 0.007
4442.55437 15.504 0.007
4442.56500 15.520 0.007
4444.57918 15.516 0.007
4444.58976 15.526 0.007
4450.62223 15.521 0.007
4452.59974 15.516 0.007
4454.52620 15.525 0.009
4454.53681 15.523 0.007
4455.59830 15.517 0.007
4457.53381 15.524 0.007
4457.54444 15.517 0.007
4459.55392 15.515 0.007
4459.56451 15.518 0.007
4462.58536 15.518 0.007
4462.59595 15.516 0.007
4471.54414 15.517 0.007
4471.55474 15.500 0.007
4475.53680 15.510 0.007
4475.54881 15.522 0.006
4480.57922 15.502 0.007
4480.58984 15.512 0.007
4482.58618 15.501 0.007
4482.59678 15.525 0.007
4485.58926 15.521 0.007
4485.60664 15.519 0.007
4488.59149 15.520 0.007
4488.60208 15.523 0.007
4609.91387 15.623 0.007
4609.92442 15.621 0.007
4643.89803 15.665 0.007
4643.90859 15.657 0.007
4650.93691 15.690 0.007
4650.94747 15.675 0.007
4655.91632 15.684 0.007
4655.92692 15.689 0.007
4662.79470 15.712 0.007
4662.80529 15.704 0.006
4662.91153 15.714 0.007
4663.76632 15.709 0.008
4663.77690 15.704 0.007
4663.91414 15.714 0.007
4663.92474 15.697 0.007
4665.83940 15.723 0.007
4665.85001 15.703 0.007
4665.94382 15.699 0.007
4666.93239 15.710 0.008
4666.94299 15.693 0.007
4670.92150 15.737 0.007
4670.93211 15.714 0.007
4671.89140 15.734 0.007
4671.90202 15.709 0.007
4673.87344 15.723 0.007
4674.80185 15.767 0.008
4674.86205 15.761 0.008
4676.92169 15.740 0.008
4676.93232 15.724 0.008
4677.83729 15.731 0.007
4677.84795 15.717 0.007
4682.81176 15.728 0.007
4682.82234 15.713 0.007
4684.84962 15.714 0.007
4684.86024 15.722 0.007
4686.80960 15.726 0.007
4686.82021 15.730 0.006
4688.82556 15.725 0.007
4688.83616 15.717 0.006
4690.75115 15.742 0.007
4690.76180 15.720 0.007
4691.75417 15.747 0.007
4691.76483 15.741 0.007
4693.91978 15.707 0.008
4696.88282 15.743 0.008
4697.83195 15.713 0.008
4698.77094 15.738 0.007
4699.76504 15.741 0.007
4699.77568 15.727 0.007
4700.81039 15.725 0.007
4701.81829 15.712 0.007
4703.76688 15.751 0.007
4703.77751 15.717 0.007
4704.79624 15.705 0.007
4705.80375 15.722 0.007
4707.78554 15.731 0.007
4707.79617 15.712 0.007
4709.74133 15.751 0.007
4709.75197 15.733 0.007
4710.78053 15.731 0.006
4715.74991 15.777 0.007
4715.76054 15.740 0.007
4716.77560 15.778 0.007
4717.70037 15.735 0.007
4717.71370 15.737 0.007
4719.78965 15.776 0.007
4719.80110 15.765 0.007
4721.78330 15.726 0.007
4721.79398 15.728 0.008
4724.66589 15.745 0.007
4724.67650 15.755 0.007
4725.74535 15.772 0.007
4725.75601 15.753 0.007
4728.75092 15.766 0.007
4728.76153 15.733 0.007
4733.72748 15.783 0.007
4733.73816 15.764 0.007
4740.66908 15.783 0.007
4740.67973 15.767 0.007
4741.71508 15.760 0.007
4747.60865 15.792 0.008
4747.61931 15.780 0.008
4749.61897 15.775 0.007
4753.67932 15.771 0.008
4753.68996 15.762 0.008
4755.68198 15.779 0.007
4757.66644 15.788 0.007
4759.67052 15.804 0.007
4759.68115 15.795 0.007
4761.64956 15.773 0.006
4763.65132 15.819 0.008
4767.59707 15.833 0.007
4767.60768 15.810 0.007
4770.66561 15.814 0.007
4770.67628 15.777 0.008
4772.60337 15.779 0.007
4772.61399 15.771 0.007
4774.55792 15.785 0.007
4774.56856 15.749 0.008
4776.54951 15.782 0.007
4776.56013 15.743 0.007
4777.65146 15.795 0.008
4777.66209 15.764 0.007
4780.52014 15.778 0.008
4780.53078 15.775 0.007
4781.64473 15.741 0.007
4783.58323 15.792 0.007
4783.59386 15.754 0.007
4785.61859 15.765 0.008
4787.57081 15.764 0.009
4787.58141 15.752 0.008
4789.54971 15.787 0.007
4789.56033 15.765 0.007
4791.53126 15.764 0.007
4791.54190 15.753 0.007
4793.53867 15.782 0.007
4793.54926 15.760 0.009
4795.55134 15.789 0.007
4795.56197 15.772 0.007
4797.54359 15.790 0.007
4797.55423 15.776 0.008
4798.60694 15.790 0.007
4798.61755 15.790 0.007
4800.65432 15.784 0.007
4800.66494 15.791 0.007
4802.57402 15.762 0.007
4803.54545 15.770 0.007
4803.55605 15.764 0.007
4804.60055 15.776 0.008
4804.61115 15.752 0.008
4805.53878 15.787 0.007
4805.58740 15.816 0.007
4805.59798 15.768 0.007
4806.62294 15.770 0.007
4807.52518 15.801 0.010
4807.53582 15.795 0.008
4807.60948 15.790 0.008
4808.57861 15.780 0.007
4808.62014 15.786 0.007
4809.55453 15.787 0.007
4809.56515 15.774 0.007
4810.54278 15.786 0.007
4811.57643 15.791 0.007
4811.58703 15.770 0.007
4812.62761 15.778 0.008
4813.55337 15.802 0.008
4813.56398 15.792 0.007
4815.58928 15.814 0.008
4816.53637 15.792 0.007
4816.54697 15.793 0.007
4818.58665 15.767 0.007
4818.59723 15.762 0.007
4820.52814 15.802 0.009
4820.53874 15.771 0.007
4822.58489 15.797 0.007
4822.59545 15.801 0.007
4824.56971 15.776 0.008
4824.58028 15.751 0.007
4826.61935 15.777 0.007
4826.63995 15.764 0.007
4833.56875 15.778 0.007
4833.57937 15.781 0.007
4835.59200 15.804 0.008
4835.60259 15.770 0.007
4837.60295 15.789 0.008
4837.61352 15.756 0.008
4841.58992 15.791 0.007
4843.58411 15.786 0.008
4844.53978 15.773 0.007
4846.58263 15.803 0.007
4846.59322 15.783 0.007
4847.54394 15.778 0.008
4848.62944 15.767 0.007
4849.54099 15.799 0.007
4849.64449 15.799 0.007
4850.58423 15.781 0.007
4850.60635 15.804 0.007
4850.61693 15.786 0.007
4850.64737 15.787 0.007
4854.59759 15.784 0.008
4854.60822 15.763 0.007
4856.62540 15.773 0.007
4862.57329 15.730 0.007
4868.55309 15.750 0.007
4868.56364 15.730 0.007
4948.92118 15.636 0.007
4954.92531 15.645 0.008
