 466.54467 16.689 0.008
 466.55377 16.682 0.008
 466.56901 16.675 0.008
 466.59960 16.683 0.008
 466.62913 16.692 0.008
 467.54698 16.667 0.009
 467.57646 16.670 0.009
 467.60594 16.671 0.009
 467.63543 16.670 0.008
 469.55635 16.687 0.011
 469.59498 16.662 0.008
 469.62663 16.661 0.009
 471.60890 16.690 0.010
 471.62414 16.692 0.009
 472.54106 16.651 0.009
 472.55584 16.672 0.009
 472.57050 16.686 0.009
 472.58513 16.673 0.009
 621.81029 16.702 0.017
 622.88733 16.686 0.010
 624.91391 16.693 0.010
 625.90135 16.676 0.010
 626.87286 16.690 0.010
 627.85910 16.703 0.010
 628.90018 16.685 0.010
 629.89798 16.695 0.011
 631.92894 16.700 0.010
 632.86945 16.678 0.010
 633.90489 16.677 0.009
 635.89973 16.669 0.009
 643.86874 16.698 0.010
 645.84045 16.697 0.010
 647.79819 16.696 0.017
 649.79558 16.680 0.014
 652.84277 16.664 0.011
 656.85593 16.713 0.009
 657.82820 16.679 0.011
 658.86850 16.704 0.012
 663.77478 16.686 0.012
 664.87971 16.671 0.010
 665.82697 16.711 0.008
 666.83752 16.639 0.009
 667.85675 16.668 0.009
 668.82758 16.681 0.008
 670.79314 16.715 0.010
 671.81519 16.675 0.008
 672.82072 16.697 0.008
 673.78810 16.689 0.009
 684.74849 16.710 0.009
 685.80334 16.695 0.009
 686.70463 16.671 0.010
 687.78597 16.700 0.009
 688.72800 16.680 0.008
 689.75515 16.702 0.009
 697.72131 16.688 0.009
 698.79242 16.661 0.009
 699.69142 16.699 0.009
 700.73221 16.655 0.009
 701.70444 16.680 0.010
 704.73243 16.685 0.010
 706.69809 16.710 0.014
 707.73565 16.697 0.011
 708.75981 16.697 0.010
 712.76036 16.688 0.010
 713.74173 16.693 0.008
 714.75670 16.690 0.009
 715.72226 16.692 0.009
 716.69034 16.704 0.009
 720.72217 16.723 0.012
 726.67294 16.708 0.010
 728.68365 16.703 0.009
 729.68582 16.659 0.009
 730.67018 16.698 0.010
 733.63666 16.682 0.010
 739.65661 16.683 0.011
 741.62242 16.678 0.008
 742.59867 16.714 0.009
 744.64579 16.687 0.009
 745.59671 16.705 0.009
 746.78750 16.684 0.010
 747.65802 16.703 0.010
 748.61978 16.689 0.009
 749.62514 16.714 0.011
 750.61898 16.701 0.010
 751.62740 16.686 0.011
 752.74180 16.694 0.011
 753.67744 16.672 0.010
 759.63531 16.680 0.009
 760.66097 16.635 0.009
 761.63700 16.668 0.009
 761.74225 16.668 0.011
 762.62837 16.651 0.010
 762.65793 16.643 0.011
 763.64460 16.655 0.010
 763.75535 16.677 0.010
 765.57666 16.636 0.012
 766.61414 16.653 0.012
 766.71701 16.664 0.011
 767.62163 16.652 0.011
 767.68329 16.664 0.015
 769.60447 16.651 0.010
 769.67820 16.662 0.010
 770.61061 16.662 0.010
 771.64368 16.679 0.010
 772.60550 16.668 0.010
 773.61063 16.682 0.009
 773.76284 16.701 0.011
 774.60361 16.693 0.009
 775.56154 16.684 0.010
 776.64245 16.678 0.010
 777.61671 16.688 0.009
 778.62007 16.723 0.011
 778.75503 16.711 0.017
 779.64703 16.675 0.011
 779.75731 16.680 0.011
 780.64683 16.706 0.010
 781.56115 16.686 0.010
 781.74164 16.692 0.010
 782.62666 16.695 0.012
 782.75053 16.704 0.011
 783.54370 16.703 0.009
 784.58570 16.697 0.009
 784.67767 16.692 0.009
 785.61251 16.715 0.009
 785.75811 16.706 0.010
 786.61620 16.685 0.009
 786.63308 16.676 0.009
 787.69664 16.703 0.010
 788.62946 16.716 0.010
 788.65502 16.682 0.009
 790.57816 16.709 0.010
 792.55612 16.691 0.010
 795.62080 16.705 0.010
 796.54972 16.682 0.012
 796.73507 16.660 0.015
 797.70986 16.682 0.010
 798.57251 16.661 0.010
 799.71047 16.652 0.010
 800.62550 16.670 0.010
 802.68548 16.739 0.015
 805.61282 16.702 0.011
 806.62301 16.695 0.011
 808.55443 16.693 0.012
 816.68542 16.700 0.010
 817.59551 16.692 0.009
 819.55828 16.709 0.010
 820.63458 16.691 0.010
 822.55516 16.699 0.010
 824.58099 16.709 0.011
 825.65410 16.670 0.011
 828.61423 16.704 0.009
 829.58086 16.671 0.009
 832.58775 16.638 0.010
 833.60765 16.688 0.010
 834.57722 16.666 0.010
 836.55536 16.690 0.014
 838.58834 16.672 0.010
 840.59809 16.686 0.011
 845.54966 16.686 0.010
 850.57293 16.692 0.011
 855.57795 16.728 0.012
 859.56576 16.695 0.011
 866.53031 16.660 0.010
 875.52039 16.666 0.008
 962.93414 16.675 0.010
 966.93363 16.668 0.009
 970.91001 16.652 0.010
 976.89067 16.696 0.011
 982.87855 16.678 0.016
 986.84504 16.661 0.010
 987.85864 16.661 0.009
 991.92667 16.677 0.009
 996.93062 16.648 0.009
 998.90170 16.658 0.010
1004.80029 16.637 0.011
1006.82887 16.628 0.010
1020.89836 16.691 0.010
1025.93614 16.659 0.010
1035.75110 16.628 0.009
1037.78030 16.644 0.009
1041.78845 16.668 0.009
1045.75015 16.675 0.009
1048.73134 16.648 0.011
1052.77424 16.672 0.010
1055.64749 16.660 0.009
1058.85944 16.673 0.012
1059.77745 16.681 0.011
1061.73021 16.651 0.010
1064.81412 16.668 0.012
1068.71553 16.625 0.009
1072.69568 16.654 0.008
1076.67345 16.682 0.009
1078.68400 16.684 0.009
1081.69654 16.681 0.009
1084.63471 16.683 0.009
1087.65462 16.666 0.010
1090.71099 16.648 0.009
1092.74311 16.640 0.009
1094.64978 16.645 0.008
1102.61997 16.620 0.009
1106.71482 16.640 0.008
1110.63395 16.676 0.011
1116.59242 16.652 0.009
1120.58101 16.665 0.010
1126.65634 16.646 0.009
1129.55478 16.645 0.010
1132.53787 16.636 0.010
1135.58793 16.646 0.009
1138.63761 16.635 0.008
1140.61502 16.682 0.009
1144.67260 16.650 0.010
1151.55218 16.661 0.010
1155.55380 16.661 0.010
1159.54924 16.667 0.010
1162.58164 16.664 0.008
1164.69520 16.675 0.010
1170.55364 16.630 0.009
1178.66369 16.663 0.009
1182.67559 16.653 0.009
1183.71394 16.659 0.010
1185.69710 16.664 0.009
1188.69641 16.677 0.010
1191.58016 16.672 0.010
1202.59527 16.642 0.011
1205.54669 16.653 0.010
1211.56718 16.646 0.012
1217.57780 16.679 0.010
1220.58030 16.651 0.010
1229.53301 16.656 0.011
1238.52930 16.643 0.015
1327.91349 16.632 0.015
1330.83019 16.615 0.012
1335.88195 16.616 0.012
1340.90145 16.664 0.010
1348.93753 16.650 0.010
1354.91109 16.659 0.012
1360.93081 16.634 0.010
1365.92703 16.614 0.010
1367.85052 16.617 0.011
1374.92260 16.651 0.011
1394.85880 16.652 0.011
1395.89024 16.635 0.010
1397.81194 16.654 0.012
1401.83897 16.633 0.010
1402.92389 16.642 0.010
1407.84696 16.664 0.011
1412.74227 16.641 0.010
1417.90060 16.623 0.010
1430.73321 16.631 0.010
1432.74389 16.634 0.009
1435.70034 16.644 0.011
1439.66679 16.658 0.010
1442.67048 16.651 0.010
1447.74568 16.675 0.014
1451.68187 16.652 0.010
1455.70160 16.662 0.011
1458.73904 16.674 0.014
1460.74233 16.637 0.010
1462.64796 16.644 0.010
1470.65423 16.648 0.010
1472.64142 16.675 0.011
1475.64715 16.665 0.011
1477.57622 16.679 0.011
1481.59397 16.666 0.010
1484.64289 16.658 0.010
1487.63802 16.667 0.009
1490.67678 16.651 0.010
1492.57643 16.652 0.011
1495.53321 16.634 0.010
1499.56186 16.620 0.011
1502.55995 16.670 0.011
1505.62654 16.635 0.011
1508.56192 16.648 0.009
1509.53818 16.679 0.011
1512.64006 16.664 0.011
1515.61475 16.664 0.010
1517.61825 16.676 0.010
1520.60542 16.646 0.010
1524.55312 16.653 0.011
1526.59325 16.649 0.010
1531.64484 16.631 0.010
1543.60232 16.637 0.009
1546.61714 16.646 0.010
1551.57891 16.657 0.009
1555.61245 16.651 0.010
1562.59102 16.641 0.010
1569.57017 16.655 0.009
1575.59600 16.644 0.009
1580.57100 16.663 0.010
1583.57367 16.648 0.009
1587.55346 16.661 0.010
1597.53893 16.678 0.011
1603.54701 16.636 0.011
1608.52274 16.664 0.011
1701.90452 16.646 0.010
1703.90766 16.641 0.011
1705.91315 16.646 0.011
1716.87358 16.663 0.011
1717.88393 16.670 0.011
1729.91962 16.657 0.008
1732.88939 16.646 0.010
1740.84043 16.644 0.010
1742.88822 16.664 0.011
1744.85733 16.643 0.010
1745.88159 16.660 0.009
1749.86202 16.663 0.009
1750.83393 16.666 0.010
1751.84577 16.670 0.009
1752.80709 16.651 0.010
1753.80816 16.679 0.010
1754.83483 16.634 0.010
1755.80019 16.644 0.011
1756.82967 16.658 0.014
1757.77887 16.666 0.014
1758.78336 16.669 0.010
1759.82772 16.665 0.010
1761.80876 16.649 0.010
1762.79515 16.642 0.011
1763.79815 16.646 0.009
1764.79066 16.656 0.009
1765.78513 16.670 0.010
1766.72616 16.663 0.011
1768.80527 16.628 0.010
1769.71465 16.645 0.010
1770.82660 16.640 0.016
1771.83072 16.638 0.015
1772.77310 16.641 0.009
1773.74040 16.638 0.010
1776.76320 16.666 0.009
1784.73985 16.663 0.010
1787.88230 16.640 0.006
1788.80536 16.646 0.009
1803.76568 16.628 0.010
1806.75981 16.648 0.010
1808.82942 16.645 0.011
1811.75785 16.674 0.008
1814.80467 16.656 0.009
1817.77032 16.663 0.008
1822.64776 16.656 0.009
1826.79886 16.662 0.010
1829.74111 16.676 0.010
1833.78773 16.666 0.011
1846.78915 16.658 0.010
1850.74590 16.664 0.010
1854.80195 16.664 0.009
1858.72581 16.667 0.011
1862.72472 16.662 0.009
1867.74915 16.637 0.010
1871.75574 16.644 0.009
2085.90914 16.669 0.014
2086.88843 16.660 0.012
2086.89212 16.646 0.014
2103.89525 16.636 0.009
2103.89894 16.627 0.009
2105.92315 16.618 0.010
2105.92907 16.655 0.011
2106.89098 16.643 0.010
2106.89468 16.627 0.011
2112.84336 16.659 0.009
2112.84706 16.662 0.011
2116.87111 16.674 0.010
2123.81803 16.667 0.010
2123.82175 16.683 0.012
2124.83847 16.684 0.016
2124.84219 16.656 0.014
2128.82553 16.668 0.011
2128.82925 16.679 0.013
2129.85750 16.675 0.010
2129.86123 16.653 0.011
2130.84387 16.658 0.011
2130.84761 16.664 0.011
2131.83748 16.658 0.011
2131.84169 16.644 0.012
2132.80627 16.677 0.012
2132.81000 16.665 0.012
2133.89460 16.670 0.013
2134.81000 16.659 0.012
2135.84408 16.624 0.011
2135.84783 16.669 0.012
2137.89208 16.632 0.012
2140.81134 16.657 0.011
2140.81508 16.648 0.011
2142.75205 16.659 0.010
2142.75544 16.656 0.011
2143.81755 16.658 0.010
2143.82093 16.635 0.011
2144.82425 16.649 0.009
2144.82762 16.646 0.010
2155.87863 16.701 0.014
2155.88236 16.655 0.016
2156.82521 16.686 0.012
2156.82895 16.651 0.012
2160.75460 16.664 0.012
2162.76139 16.647 0.010
2162.76516 16.645 0.011
2166.75600 16.655 0.009
2166.75976 16.662 0.010
2167.76446 16.653 0.009
2167.76821 16.626 0.011
2168.71363 16.652 0.010
2168.71739 16.624 0.012
2171.73955 16.642 0.009
2172.74617 16.602 0.010
2172.74992 16.607 0.011
2177.63966 16.647 0.011
2177.64342 16.634 0.012
2184.70130 16.654 0.012
2184.70505 16.660 0.014
2185.66480 16.677 0.011
2185.66858 16.627 0.012
2186.68965 16.673 0.013
2186.69341 16.654 0.014
2187.68483 16.660 0.012
2187.68858 16.657 0.013
2188.73199 16.672 0.011
2190.69136 16.662 0.010
2190.69514 16.656 0.011
2191.66474 16.664 0.010
2192.66325 16.669 0.009
2192.66667 16.663 0.011
2193.68432 16.667 0.009
2194.65442 16.644 0.009
2194.65785 16.636 0.010
2203.55089 16.617 0.010
2203.55431 16.647 0.012
2206.60721 16.603 0.013
2206.61061 16.627 0.014
2211.64130 16.658 0.010
2211.64470 16.648 0.011
2212.64513 16.656 0.010
2212.64853 16.664 0.012
2213.65095 16.658 0.012
2213.65435 16.635 0.012
2214.64214 16.660 0.013
2214.64555 16.651 0.013
2215.64912 16.679 0.010
2215.65251 16.663 0.011
2217.63582 16.683 0.012
2217.63922 16.674 0.013
2219.67868 16.661 0.010
2224.71356 16.668 0.010
2224.71696 16.642 0.011
2226.63643 16.663 0.014
2228.55833 16.653 0.011
2228.56173 16.660 0.012
2229.61659 16.673 0.011
2231.64326 16.668 0.011
2231.64666 16.665 0.014
2232.50999 16.658 0.013
2232.51339 16.677 0.014
2233.61341 16.672 0.010
2235.66353 16.667 0.009
2235.66692 16.653 0.011
2238.54707 16.598 0.011
2238.55046 16.616 0.012
2240.65138 16.644 0.011
2240.65476 16.638 0.011
2242.61889 16.653 0.012
2248.60354 16.692 0.009
2248.61159 16.663 0.010
2250.57686 16.690 0.009
2253.57050 16.697 0.009
2255.60716 16.686 0.011
2255.61054 16.635 0.011
2258.57346 16.658 0.009
2258.57683 16.633 0.009
2263.58419 16.675 0.010
2263.58757 16.658 0.011
2266.55498 16.659 0.011
2266.56354 16.633 0.012
2271.56456 16.653 0.010
2271.56792 16.593 0.011
2273.56390 16.664 0.014
2275.59883 16.691 0.012
2275.60218 16.647 0.012
2276.55838 16.688 0.014
2276.56174 16.660 0.014
2278.59096 16.678 0.011
2278.59433 16.653 0.013
2280.58682 16.696 0.012
2280.59016 16.672 0.013
2284.58970 16.699 0.011
2284.59304 16.693 0.012
2290.60368 16.692 0.011
2290.60701 16.666 0.012
2293.56596 16.653 0.011
2295.55870 16.697 0.011
2295.56208 16.675 0.012
2297.56199 16.707 0.014
2297.56538 16.691 0.014
2299.56109 16.675 0.012
2299.56448 16.647 0.013
2301.55335 16.672 0.013
2301.55676 16.636 0.013
2445.91192 16.706 0.014
2445.91531 16.695 0.013
2460.87884 16.676 0.014
2460.88253 16.734 0.016
2463.91518 16.704 0.011
2463.91886 16.710 0.012
2465.92794 16.694 0.010
2465.93162 16.679 0.011
2467.90093 16.660 0.010
2467.90462 16.676 0.012
2469.90031 16.665 0.010
2469.90399 16.649 0.011
2471.88975 16.652 0.010
2471.89345 16.667 0.012
2472.91922 16.630 0.009
2472.92292 16.666 0.009
2473.89113 16.677 0.009
2473.89484 16.676 0.011
2481.90712 16.685 0.013
2483.88864 16.695 0.010
2483.89236 16.699 0.011
2486.88565 16.692 0.012
2486.88935 16.683 0.013
2488.87656 16.690 0.014
2488.88159 16.695 0.016
2489.92299 16.713 0.012
2489.92672 16.681 0.013
2492.90709 16.687 0.012
2495.89338 16.697 0.012
2495.89710 16.694 0.011
2496.90682 16.690 0.012
2497.92651 16.675 0.010
2497.93022 16.684 0.012
2498.77378 16.665 0.011
2498.77750 16.693 0.011
2499.85936 16.681 0.010
2499.86311 16.674 0.011
2500.86493 16.657 0.010
2500.86864 16.658 0.011
2501.85763 16.643 0.011
2502.83783 16.650 0.013
2508.74536 16.687 0.014
2508.74912 16.682 0.017
2516.77666 16.673 0.013
2516.78041 16.699 0.013
2517.82340 16.694 0.011
2517.82715 16.684 0.012
2518.79484 16.689 0.011
2518.79856 16.679 0.012
2519.83174 16.700 0.010
2519.83550 16.682 0.011
2520.79113 16.688 0.010
2520.79487 16.685 0.012
2521.82327 16.668 0.010
2521.82700 16.671 0.011
2524.82152 16.664 0.014
2524.82526 16.706 0.016
2526.78146 16.674 0.010
2534.83408 16.674 0.012
2534.83784 16.638 0.013
2535.81429 16.650 0.010
2535.81805 16.660 0.012
2537.70207 16.693 0.014
2537.70582 16.657 0.014
2538.80180 16.652 0.013
2539.70185 16.686 0.012
2539.70530 16.687 0.012
2540.74273 16.690 0.014
2541.71721 16.711 0.011
2542.68354 16.705 0.010
2542.68700 16.692 0.011
2544.66584 16.705 0.011
2545.68057 16.689 0.011
2547.69857 16.700 0.012
2548.71532 16.705 0.011
2550.71045 16.689 0.012
2552.71316 16.706 0.010
2553.64905 16.691 0.014
2554.70631 16.706 0.011
2555.71424 16.682 0.011
2556.69327 16.715 0.011
2557.70580 16.675 0.010
2558.66229 16.691 0.011
2559.61544 16.694 0.011
2559.61920 16.709 0.012
2560.65225 16.702 0.011
2561.67405 16.688 0.015
2562.67069 16.686 0.011
2563.67865 16.674 0.011
2564.69400 16.656 0.012
2565.68463 16.665 0.012
2566.66490 16.658 0.011
2568.69589 16.676 0.014
2571.64511 16.709 0.014
2571.64887 16.651 0.013
2573.66199 16.692 0.014
2574.64237 16.679 0.012
2574.64581 16.691 0.012
2576.65896 16.699 0.013
2577.62924 16.691 0.013
2577.63269 16.672 0.014
2578.62931 16.675 0.013
2578.63276 16.679 0.012
2579.63596 16.686 0.012
2579.63942 16.685 0.012
2580.64808 16.682 0.010
2580.65155 16.701 0.011
2583.61939 16.682 0.012
2583.62286 16.698 0.013
2584.63021 16.687 0.013
2586.62397 16.721 0.010
2586.62811 16.700 0.011
2587.60838 16.705 0.011
2587.61212 16.709 0.012
2588.71680 16.710 0.011
2588.72054 16.698 0.012
2589.59832 16.689 0.011
2589.60208 16.689 0.012
2590.61345 16.698 0.012
2591.63659 16.698 0.011
2591.64032 16.700 0.012
2593.60559 16.705 0.010
2593.60935 16.687 0.011
2594.60936 16.685 0.013
2594.61311 16.709 0.014
2596.58489 16.691 0.014
2596.58865 16.676 0.014
2597.57206 16.682 0.011
2597.57581 16.693 0.013
2598.64966 16.679 0.012
2599.60541 16.706 0.013
2599.60914 16.688 0.013
2607.62660 16.693 0.013
2607.63035 16.684 0.014
2610.54642 16.712 0.013
2610.55013 16.728 0.016
2613.54032 16.705 0.012
2613.54399 16.721 0.013
2615.56917 16.728 0.012
2615.57285 16.730 0.014
2619.55687 16.712 0.013
2619.56051 16.732 0.016
2621.56577 16.698 0.011
2621.56947 16.713 0.012
2625.54841 16.719 0.014
2625.55207 16.711 0.017
2628.54178 16.692 0.015
2628.54520 16.719 0.019
2632.54820 16.699 0.011
2632.55162 16.689 0.012
2636.54337 16.693 0.013
2636.54702 16.700 0.016
2639.54386 16.701 0.012
2639.54727 16.703 0.012
2642.55261 16.699 0.013
2642.55626 16.689 0.016
2646.56543 16.689 0.011
2646.56883 16.742 0.019
2651.53746 16.691 0.014
2651.54112 16.733 0.017
2654.55527 16.722 0.014
2654.55866 16.723 0.016
2657.55813 16.704 0.012
2657.56154 16.687 0.014
2660.55391 16.706 0.012
2660.55731 16.699 0.014
2671.55158 16.683 0.012
2671.55497 16.696 0.013
2673.56338 16.707 0.014
2673.56676 16.727 0.016
2676.52475 16.716 0.014
2676.52813 16.680 0.014
2679.53811 16.698 0.011
2679.54150 16.702 0.013
2682.54043 16.730 0.014
2777.90295 16.697 0.014
2777.90653 16.724 0.014
2804.86989 16.674 0.014
2804.87353 16.696 0.013
2811.90436 16.669 0.015
2811.90798 16.686 0.016
2814.94001 16.705 0.011
2814.94365 16.698 0.012
2817.92658 16.699 0.012
2817.93020 16.735 0.014
2825.90438 16.689 0.011
2825.91031 16.687 0.011
2831.78143 16.717 0.013
2831.78504 16.733 0.014
2832.74739 16.714 0.013
2832.75103 16.686 0.012
2832.92536 16.690 0.011
2832.92898 16.716 0.016
2833.86530 16.707 0.014
2833.86895 16.677 0.014
2835.87395 16.713 0.012
2835.87758 16.681 0.012
2837.87502 16.700 0.015
2837.87866 16.674 0.017
2838.93218 16.722 0.014
2838.93584 16.696 0.016
2840.82492 16.687 0.013
2840.82858 16.700 0.013
2843.82636 16.706 0.010
2843.83003 16.705 0.011
2844.87219 16.705 0.011
2844.87583 16.691 0.012
2845.91818 16.732 0.013
2845.92182 16.706 0.013
2849.85561 16.725 0.012
2849.85927 16.701 0.012
2850.88837 16.737 0.012
2850.89202 16.731 0.013
2851.93194 16.710 0.013
2851.93559 16.702 0.013
2852.80262 16.745 0.012
2852.80626 16.714 0.013
2853.94203 16.716 0.012
2853.94568 16.701 0.017
2854.83200 16.651 0.013
2856.81529 16.696 0.013
2856.81895 16.709 0.019
2858.90934 16.702 0.010
2858.91300 16.686 0.011
2860.87534 16.699 0.011
2860.87899 16.697 0.012
2861.74651 16.674 0.010
2861.75017 16.689 0.011
2862.92552 16.712 0.012
2862.92917 16.704 0.014
2863.83472 16.679 0.014
2863.83841 16.677 0.016
2865.83162 16.681 0.011
2865.83527 16.694 0.012
2866.88126 16.713 0.013
2866.88493 16.695 0.013
2867.82127 16.706 0.010
2867.82496 16.704 0.011
2868.76894 16.697 0.011
2868.77261 16.675 0.012
2869.90194 16.699 0.011
2869.90560 16.694 0.013
2870.81554 16.701 0.010
2870.81920 16.683 0.011
2871.85846 16.687 0.010
2871.86213 16.704 0.012
2875.79802 16.680 0.013
2875.80850 16.679 0.012
2876.77573 16.722 0.011
2876.77940 16.712 0.011
2877.79763 16.686 0.010
2879.73926 16.711 0.010
2879.74292 16.733 0.011
2883.82540 16.727 0.009
2883.82909 16.733 0.011
2885.76020 16.705 0.011
2885.76388 16.692 0.011
2888.80852 16.717 0.011
2888.81219 16.725 0.018
2892.79988 16.707 0.014
2892.80358 16.726 0.017
2894.72904 16.682 0.012
2894.73275 16.686 0.020
2896.72614 16.691 0.010
2896.72983 16.701 0.011
2898.74712 16.706 0.010
2898.75079 16.679 0.011
2900.74596 16.723 0.009
2900.74966 16.697 0.010
2902.74548 16.703 0.009
2902.74918 16.689 0.010
2905.75268 16.692 0.010
2905.75637 16.714 0.011
2907.75408 16.690 0.010
2907.75776 16.696 0.010
2909.74319 16.684 0.008
2909.74687 16.713 0.008
2911.73455 16.672 0.009
2911.73824 16.686 0.010
2915.70602 16.722 0.010
2915.70971 16.712 0.011
2917.73213 16.733 0.010
2917.73582 16.725 0.010
2921.72988 16.704 0.011
2921.73358 16.680 0.012
2923.75183 16.716 0.012
2923.75551 16.698 0.012
2925.71480 16.709 0.010
2925.71850 16.694 0.011
2927.71233 16.710 0.011
2927.71599 16.703 0.012
2930.73038 16.718 0.011
2930.73409 16.676 0.012
2932.73689 16.734 0.010
2932.74060 16.678 0.012
2934.71672 16.743 0.010
2934.72040 16.717 0.011
2937.64073 16.674 0.011
2937.64443 16.686 0.012
2939.69337 16.705 0.010
2939.69708 16.715 0.014
2940.63350 16.677 0.009
2940.63717 16.680 0.010
2941.68332 16.700 0.009
2941.68702 16.706 0.011
2942.63345 16.676 0.011
2942.63717 16.700 0.011
2943.60468 16.695 0.012
2943.60836 16.684 0.012
2944.58927 16.697 0.011
2944.59297 16.713 0.012
2945.60604 16.687 0.014
2945.60974 16.700 0.018
2947.61554 16.703 0.012
2947.61923 16.719 0.012
2949.59685 16.717 0.011
2949.60053 16.708 0.012
2950.64160 16.689 0.010
2950.64530 16.702 0.016
2951.62878 16.733 0.012
2951.63247 16.732 0.013
2952.65771 16.710 0.012
2952.66138 16.677 0.013
2954.68263 16.744 0.012
2954.68631 16.697 0.014
2956.62862 16.719 0.009
2956.63229 16.730 0.012
2958.62303 16.712 0.012
2958.62669 16.709 0.017
2961.59410 16.696 0.014
2961.59780 16.718 0.016
2965.63620 16.696 0.010
2968.59386 16.721 0.011
2968.59754 16.698 0.012
2970.61311 16.706 0.010
2970.61679 16.713 0.012
2972.59760 16.664 0.010
2972.60128 16.687 0.012
2974.59835 16.702 0.010
2974.60201 16.679 0.012
2976.54805 16.675 0.011
2976.55172 16.687 0.012
2978.57415 16.717 0.014
2978.57781 16.707 0.013
2980.59102 16.717 0.014
2980.59466 16.707 0.014
2982.53624 16.708 0.011
2982.53987 16.730 0.012
2984.62711 16.722 0.013
2984.63077 16.699 0.013
2986.63724 16.705 0.011
2986.64088 16.683 0.013
2988.52960 16.697 0.015
2988.53325 16.683 0.014
2991.60267 16.718 0.010
2991.60632 16.696 0.012
2994.58439 16.718 0.011
2994.58863 16.708 0.012
2997.55718 16.708 0.010
2997.56080 16.717 0.012
3001.57363 16.720 0.011
3001.57728 16.719 0.012
3005.53170 16.683 0.014
3005.53533 16.703 0.014
3008.55336 16.712 0.014
3008.55802 16.690 0.014
3008.56164 16.726 0.017
3011.56139 16.733 0.013
3011.56503 16.724 0.014
3016.58805 16.726 0.012
3016.59169 16.693 0.013
3018.57452 16.703 0.010
3018.57813 16.766 0.013
3020.60257 16.709 0.010
3020.60619 16.699 0.012
3021.61538 16.718 0.009
3021.61901 16.698 0.009
3023.57128 16.730 0.010
3023.57491 16.739 0.012
3025.56979 16.718 0.012
3025.57339 16.701 0.012
3027.60330 16.703 0.010
3027.60691 16.665 0.011
3029.57520 16.715 0.010
3029.57880 16.680 0.012
3031.57974 16.720 0.011
3031.58336 16.683 0.012
3033.58211 16.726 0.010
3033.58571 16.717 0.012
3037.52913 16.693 0.012
3037.53274 16.673 0.014
3164.92956 16.719 0.011
3164.93313 16.732 0.012
3177.91731 16.704 0.012
3177.92092 16.649 0.012
3183.91153 16.696 0.010
3183.91512 16.711 0.011
3193.87929 16.699 0.011
3193.88290 16.683 0.011
3195.93849 16.707 0.009
3195.94210 16.722 0.011
3197.91395 16.727 0.010
3197.91757 16.737 0.012
3201.87137 16.680 0.010
3201.87501 16.667 0.010
3203.87932 16.685 0.009
3203.88297 16.679 0.009
3206.81719 16.718 0.011
3206.82083 16.723 0.012
3210.89322 16.716 0.011
3210.89688 16.701 0.011
3211.88465 16.711 0.010
3211.88828 16.723 0.011
3215.66076 16.691 0.013
3215.66442 16.692 0.017
3216.72877 16.707 0.013
3216.73243 16.686 0.013
3217.92930 16.711 0.011
3217.93293 16.737 0.020
3218.91393 16.731 0.014
3218.91758 16.756 0.017
3223.83478 16.709 0.011
3223.83842 16.746 0.013
3226.82503 16.700 0.011
3226.82868 16.703 0.011
3229.83216 16.701 0.009
3231.81430 16.737 0.013
3231.81795 16.638 0.013
3239.79267 16.723 0.010
3239.79634 16.677 0.011
3240.78993 16.704 0.012
3240.79359 16.707 0.013
3241.81429 16.710 0.010
3241.81795 16.710 0.011
3242.71361 16.693 0.011
3242.71728 16.730 0.012
3243.85006 16.706 0.010
3243.85373 16.696 0.012
3244.83092 16.666 0.012
3245.77639 16.708 0.012
3245.78006 16.734 0.012
3246.76884 16.773 0.014
3246.77250 16.734 0.013
3247.76260 16.704 0.011
3247.76629 16.688 0.011
3249.72731 16.743 0.012
3249.73097 16.722 0.011
3251.74083 16.722 0.009
3251.74449 16.729 0.010
3254.72795 16.693 0.009
3254.73162 16.732 0.010
3257.74436 16.731 0.009
3257.74804 16.719 0.009
3259.66354 16.738 0.011
3259.66723 16.706 0.012
3261.70164 16.712 0.009
3261.70531 16.712 0.010
3263.68434 16.723 0.009
3263.68801 16.735 0.009
3265.71873 16.715 0.009
3265.72242 16.728 0.009
3267.70757 16.707 0.009
3267.71125 16.727 0.009
3269.78399 16.714 0.013
3269.78767 16.715 0.013
3270.74081 16.683 0.010
3270.74450 16.692 0.011
3271.66364 16.678 0.010
3271.66732 16.680 0.012
3272.72083 16.710 0.009
3272.72452 16.717 0.011
3274.70670 16.725 0.010
3274.71039 16.711 0.011
3276.71113 16.736 0.012
3276.71483 16.711 0.012
3277.74427 16.705 0.010
3277.75362 16.683 0.011
3279.67659 16.729 0.010
3279.68517 16.736 0.011
3281.64027 16.706 0.009
3281.64393 16.730 0.010
3283.64171 16.724 0.009
3283.64540 16.720 0.009
3287.60793 16.707 0.009
3287.61161 16.718 0.011
3289.61900 16.709 0.009
3289.62268 16.696 0.010
3293.59579 16.755 0.009
3293.59946 16.725 0.010
3295.61458 16.733 0.008
3295.61825 16.710 0.009
3297.59633 16.725 0.008
3297.60003 16.673 0.008
3299.65270 16.708 0.008
3299.65638 16.672 0.008
3301.62694 16.666 0.011
3301.63060 16.687 0.011
3303.68919 16.680 0.010
3303.69287 16.683 0.011
3306.62174 16.678 0.008
3306.62541 16.684 0.009
3308.60946 16.683 0.012
3308.61315 16.708 0.013
3310.60859 16.733 0.010
3310.61228 16.709 0.011
3312.65261 16.738 0.010
3312.65632 16.732 0.011
3314.56347 16.718 0.012
3314.56711 16.701 0.013
3320.60130 16.718 0.009
3320.60497 16.705 0.010
3323.54845 16.705 0.010
3327.55626 16.692 0.010
3327.55993 16.704 0.011
3330.55049 16.674 0.011
3330.55418 16.694 0.011
3335.59532 16.702 0.011
3335.59899 16.701 0.012
3338.59893 16.714 0.009
3338.60260 16.696 0.010
3349.59526 16.701 0.009
3349.59890 16.679 0.010
3353.57435 16.712 0.010
3359.55088 16.716 0.010
3359.55452 16.716 0.012
3363.55822 16.722 0.010
3363.56188 16.682 0.012
3367.61754 16.728 0.010
3367.62118 16.720 0.012
3372.54829 16.692 0.009
3376.52760 16.711 0.013
3376.53124 16.695 0.012
3378.59455 16.697 0.010
3386.56098 16.723 0.009
3386.56462 16.722 0.010
3390.57456 16.760 0.012
3390.57818 16.735 0.013
3398.55632 16.739 0.010
3398.55995 16.672 0.012
3402.54472 16.675 0.009
3402.54833 16.689 0.010
3528.93692 16.709 0.011
3528.94050 16.681 0.013
3541.92972 16.688 0.009
3541.93329 16.649 0.010
3547.91431 16.707 0.009
3547.91789 16.679 0.010
3554.92252 16.699 0.010
3554.92610 16.666 0.011
3560.94464 16.708 0.009
3560.94825 16.676 0.012
3564.91042 16.666 0.009
3568.83766 16.664 0.009
3568.84127 16.652 0.011
3570.77838 16.666 0.012
3570.78198 16.668 0.014
3571.80071 16.651 0.014
3571.80432 16.666 0.014
3573.83820 16.635 0.011
3573.84180 16.648 0.011
3574.87719 16.661 0.010
3574.88082 16.707 0.012
3577.83586 16.713 0.010
3577.83947 16.672 0.011
3578.89443 16.684 0.009
3578.89804 16.671 0.010
3579.79927 16.688 0.009
3579.80287 16.685 0.010
3581.84420 16.683 0.010
3581.84782 16.695 0.011
3581.86691 16.681 0.010
3581.87054 16.674 0.011
3582.82909 16.698 0.011
3582.83269 16.681 0.012
3583.83350 16.704 0.010
3583.83713 16.684 0.010
3584.80520 16.710 0.008
3584.80884 16.706 0.009
3586.80784 16.694 0.009
3586.81146 16.713 0.009
3588.82573 16.711 0.009
3588.82936 16.712 0.010
3589.81854 16.696 0.009
3589.82217 16.685 0.010
3591.87334 16.670 0.008
3591.87696 16.680 0.009
3593.81453 16.708 0.011
3596.89498 16.666 0.010
3601.80899 16.670 0.010
3601.81260 16.624 0.011
3607.81804 16.672 0.010
3614.78944 16.688 0.009
3617.76529 16.696 0.009
3617.76894 16.672 0.009
3619.70186 16.725 0.010
3621.72033 16.678 0.010
3624.86497 16.673 0.011
3624.86862 16.689 0.014
3626.71435 16.689 0.009
3626.71801 16.688 0.011
3629.67159 16.689 0.012
3631.73033 16.674 0.011
3631.73398 16.684 0.012
3633.69564 16.667 0.011
3633.71023 16.666 0.012
3637.64955 16.625 0.010
3637.65323 16.632 0.011
3639.69963 16.641 0.008
3639.70330 16.638 0.009
3641.69619 16.648 0.009
3641.69985 16.656 0.010
3643.72056 16.684 0.009
3643.72422 16.662 0.010
3646.65916 16.670 0.011
3650.66243 16.652 0.011
3650.68648 16.684 0.010
3651.73275 16.671 0.009
3651.73641 16.681 0.010
3653.72891 16.679 0.009
3653.73257 16.713 0.010
3655.69874 16.694 0.010
3657.64587 16.676 0.009
3657.64953 16.681 0.010
3658.65030 16.687 0.010
3658.65396 16.684 0.011
3659.63835 16.664 0.010
3659.64199 16.677 0.011
3660.66847 16.693 0.011
3660.67214 16.685 0.012
3663.55998 16.684 0.013
3665.63720 16.685 0.011
3668.57565 16.655 0.010
3669.67074 16.646 0.010
3669.70650 16.619 0.012
3671.62890 16.684 0.010
3671.63255 16.628 0.010
3673.67376 16.681 0.011
3673.67741 16.649 0.012
3675.65834 16.683 0.009
3675.66199 16.701 0.011
3681.62964 16.655 0.011
3681.63331 16.702 0.014
3681.64927 16.691 0.012
3683.65130 16.645 0.010
3685.65646 16.673 0.010
3687.65145 16.669 0.009
3687.65509 16.686 0.011
3689.59984 16.678 0.009
3689.60351 16.652 0.011
3692.57568 16.661 0.010
3692.57931 16.698 0.011
3694.55966 16.680 0.011
3694.56330 16.691 0.012
3696.56018 16.690 0.009
3696.56381 16.720 0.010
3698.59387 16.666 0.011
3698.59749 16.677 0.012
3700.57480 16.648 0.010
3700.57842 16.653 0.011
3702.58773 16.641 0.011
3704.59036 16.653 0.009
3704.59399 16.653 0.017
3706.61079 16.674 0.009
3706.61444 16.650 0.010
3708.58367 16.702 0.010
3708.58731 16.674 0.011
3711.59026 16.703 0.012
3711.59390 16.670 0.012
3714.52401 16.690 0.016
3714.52763 16.688 0.014
3718.60452 16.666 0.011
3718.60816 16.674 0.013
3721.55342 16.658 0.011
3721.56174 16.687 0.011
3724.56310 16.657 0.009
3724.56673 16.655 0.011
3726.58366 16.693 0.010
3726.58727 16.692 0.011
3728.55677 16.683 0.010
3728.56038 16.702 0.011
3734.56022 16.663 0.010
3734.56384 16.648 0.011
3737.57590 16.664 0.010
3742.53452 16.683 0.014
3742.53814 16.714 0.021
3746.55980 16.663 0.012
3751.53618 16.662 0.014
3751.54328 16.662 0.016
3756.55244 16.667 0.010
3756.55603 16.695 0.012
3761.60271 16.683 0.010
3761.60627 16.680 0.011
3766.52751 16.658 0.012
3772.55033 16.627 0.010
3772.55392 16.665 0.011
3776.55040 16.672 0.010
3776.55397 16.646 0.011
3871.87630 16.645 0.013
3871.87986 16.669 0.014
3901.93882 16.610 0.010
3901.94239 16.615 0.011
3906.93909 16.671 0.009
3906.94269 16.681 0.010
3913.91603 16.632 0.009
3913.91962 16.633 0.009
3918.87954 16.656 0.009
3918.88313 16.671 0.010
3931.91488 16.641 0.011
3931.91846 16.655 0.010
3934.85790 16.632 0.009
3934.86150 16.641 0.009
3936.86610 16.637 0.009
3936.86968 16.636 0.010
3938.85009 16.658 0.010
3938.85371 16.653 0.010
3944.90109 16.646 0.009
3946.86923 16.673 0.009
3951.88858 16.693 0.009
3955.85015 16.667 0.015
3955.85373 16.651 0.013
3958.82667 16.676 0.012
3958.83324 16.692 0.013
3960.82682 16.673 0.009
3960.83041 16.661 0.010
3963.82353 16.672 0.012
3963.82712 16.668 0.013
3965.81541 16.646 0.008
3965.81899 16.635 0.011
3967.83526 16.651 0.009
3967.83884 16.645 0.009
3969.80090 16.647 0.009
3969.80449 16.658 0.010
3971.77709 16.653 0.009
3971.78068 16.662 0.009
3974.77883 16.664 0.010
3974.78243 16.640 0.010
3979.73419 16.670 0.009
3979.73780 16.678 0.010
3980.61754 16.647 0.012
3980.62114 16.661 0.012
3981.64383 16.646 0.009
3981.64740 16.678 0.009
3983.83415 16.673 0.011
3983.83774 16.670 0.011
3986.69571 16.662 0.011
3987.66675 16.672 0.009
3987.78626 16.679 0.010
3990.79002 16.681 0.009
3990.79361 16.676 0.014
3993.73482 16.668 0.010
3993.73842 16.698 0.010
3995.74009 16.659 0.009
3995.74370 16.689 0.010
3999.74936 16.628 0.009
3999.75300 16.638 0.009
4002.72150 16.658 0.008
4002.72511 16.662 0.008
4004.67329 16.656 0.009
4004.67688 16.646 0.009
4006.69950 16.646 0.008
4006.70313 16.647 0.009
4007.56288 16.689 0.009
4007.56650 16.633 0.009
4008.57543 16.647 0.009
4009.73327 16.660 0.009
4009.74377 16.670 0.011
4013.70198 16.664 0.011
4015.68427 16.695 0.020
4015.69690 16.663 0.012
4015.70052 16.639 0.013
4018.69606 16.672 0.009
4018.69968 16.657 0.010
4019.68463 16.646 0.010
4019.68825 16.629 0.010
4021.67712 16.640 0.009
4021.68072 16.659 0.009
4024.65059 16.661 0.009
4024.65421 16.648 0.009
4026.62947 16.673 0.009
4026.63309 16.657 0.009
4028.62543 16.675 0.009
4028.62905 16.652 0.009
4030.63799 16.652 0.009
4030.64160 16.650 0.010
4032.69009 16.655 0.010
4032.69370 16.651 0.012
4037.66628 16.643 0.009
4037.66988 16.645 0.009
4039.60422 16.663 0.009
4039.60781 16.643 0.009
4041.60374 16.624 0.012
4041.60735 16.655 0.011
4043.58944 16.650 0.011
4043.59306 16.637 0.011
4046.59877 16.652 0.010
4046.60238 16.644 0.010
4048.56467 16.668 0.010
4048.56830 16.662 0.012
4050.60679 16.677 0.009
4050.61040 16.692 0.010
4052.55889 16.670 0.009
4052.56249 16.670 0.010
4054.61307 16.676 0.009
4054.61667 16.670 0.011
4058.61871 16.662 0.009
4058.62231 16.662 0.010
4060.51755 16.644 0.010
4060.52114 16.642 0.011
4064.51518 16.664 0.010
4064.51877 16.662 0.009
4066.56024 16.667 0.009
4069.51502 16.625 0.014
4069.51861 16.689 0.012
4073.59859 16.664 0.010
4073.60218 16.663 0.012
4077.52194 16.675 0.012
4077.52552 16.670 0.011
4079.52388 16.668 0.013
4079.52747 16.704 0.014
4082.52384 16.662 0.012
4082.52740 16.660 0.012
4085.56155 16.698 0.009
4085.56513 16.676 0.010
4092.55760 16.678 0.009
4092.56117 16.666 0.009
4096.58355 16.641 0.009
4096.58713 16.698 0.011
4100.58634 16.640 0.010
4100.58992 16.642 0.011
4105.55417 16.685 0.010
4105.55771 16.692 0.011
4108.53042 16.655 0.011
4108.53396 16.642 0.011
4113.60831 16.642 0.009
4113.61185 16.669 0.010
4120.57914 16.658 0.009
4120.58269 16.653 0.010
4126.57697 16.664 0.012
4126.58051 16.635 0.012
4252.92626 16.652 0.013
4252.92975 16.698 0.014
4255.84555 16.668 0.013
4255.84907 16.690 0.014
4268.89906 16.667 0.012
4268.90236 16.672 0.012
4275.92119 16.690 0.012
4275.92451 16.690 0.012
4279.79887 16.678 0.015
4279.80223 16.680 0.019
4282.80943 16.674 0.012
4282.81273 16.699 0.013
4283.86237 16.679 0.013
4283.86567 16.695 0.013
4285.91669 16.668 0.012
4285.92000 16.672 0.013
4291.93747 16.689 0.012
4291.94079 16.699 0.013
4292.85599 16.678 0.009
4292.85932 16.697 0.010
4295.86004 16.679 0.010
4295.86335 16.690 0.010
4296.88980 16.680 0.010
4296.89311 16.686 0.011
4297.92266 16.677 0.010
4297.92597 16.692 0.011
4299.85747 16.689 0.009
4299.86081 16.703 0.016
4300.87896 16.673 0.010
4300.88229 16.689 0.011
4301.89697 16.694 0.009
4301.90029 16.682 0.010
4302.91858 16.669 0.011
4302.92192 16.684 0.012
4306.86321 16.675 0.012
4307.89749 16.661 0.009
4307.90082 16.680 0.010
4308.65864 16.681 0.012
4308.66197 16.658 0.012
4308.86662 16.656 0.010
4308.86997 16.678 0.011
4310.83897 16.673 0.012
4310.84231 16.679 0.012
4311.82652 16.672 0.014
4311.82986 16.706 0.018
4312.90040 16.672 0.009
4312.90373 16.706 0.010
4314.92320 16.705 0.013
4316.82641 16.672 0.011
4316.82974 16.674 0.013
4319.86692 16.676 0.014
4320.89381 16.667 0.013
4326.83432 16.683 0.011
4326.83769 16.679 0.011
4327.81259 16.680 0.013
4327.81618 16.720 0.014
4328.82822 16.671 0.011
4328.83182 16.695 0.012
4329.83076 16.675 0.011
4329.83410 16.662 0.013
4330.85900 16.689 0.010
4330.86261 16.694 0.011
4333.86030 16.670 0.011
4333.86389 16.701 0.012
4338.90068 16.653 0.013
4338.90427 16.664 0.013
4340.77674 16.658 0.012
4341.77191 16.660 0.012
4342.82417 16.652 0.011
4342.82779 16.691 0.014
4343.76181 16.690 0.011
4343.76542 16.685 0.012
4344.74396 16.673 0.010
4344.74756 16.698 0.012
4345.78995 16.686 0.010
4345.79352 16.686 0.011
4347.77884 16.691 0.010
4347.78245 16.702 0.011
4349.79203 16.696 0.010
4349.79565 16.684 0.012
4351.72913 16.680 0.014
4351.82288 16.686 0.012
4353.75595 16.688 0.012
4357.70122 16.702 0.012
4357.70482 16.680 0.012
4359.69915 16.712 0.009
4359.70276 16.673 0.010
4361.70171 16.684 0.012
4361.70532 16.681 0.013
4362.72443 16.685 0.012
4362.72805 16.685 0.012
4364.58347 16.672 0.013
4364.58709 16.696 0.016
4367.68098 16.705 0.012
4367.68460 16.699 0.013
4370.67263 16.664 0.011
4370.67626 16.649 0.012
4372.73610 16.669 0.009
4372.73970 16.660 0.011
4376.65149 16.675 0.012
4376.65508 16.695 0.012
4378.61807 16.680 0.012
4378.62167 16.683 0.012
4379.64603 16.686 0.014
4379.64964 16.697 0.014
4380.76248 16.697 0.011
4382.68995 16.679 0.011
4386.66139 16.689 0.010
4386.66500 16.678 0.012
4388.66187 16.677 0.011
4388.66549 16.688 0.011
4390.67086 16.686 0.009
4390.67447 16.687 0.010
4393.64464 16.683 0.011
4393.64827 16.700 0.016
4395.67952 16.696 0.011
4395.68313 16.691 0.013
4398.64858 16.691 0.012
4400.66784 16.701 0.012
4400.67145 16.677 0.012
4403.69725 16.680 0.013
4407.63372 16.649 0.011
4407.63733 16.686 0.013
4408.67990 16.687 0.011
4408.68352 16.676 0.012
4410.70284 16.693 0.010
4410.70644 16.672 0.012
4415.68697 16.677 0.010
4415.69059 16.687 0.012
4418.59364 16.670 0.010
4418.59725 16.689 0.011
4422.65487 16.699 0.011
4422.65845 16.700 0.013
4424.65193 16.721 0.011
4424.65553 16.716 0.012
4427.53863 16.679 0.012
4427.54220 16.704 0.013
4429.56456 16.677 0.014
4429.56815 16.738 0.018
4431.56900 16.672 0.012
4431.57262 16.694 0.013
4433.57486 16.697 0.010
4433.57845 16.681 0.011
4435.56321 16.654 0.010
4435.56679 16.648 0.011
4437.65585 16.661 0.014
4439.56412 16.687 0.012
4439.56769 16.677 0.013
4441.59995 16.696 0.011
4441.60354 16.700 0.013
4443.59425 16.688 0.013
4449.64470 16.708 0.010
4449.64828 16.683 0.012
4451.60341 16.707 0.012
4453.58538 16.682 0.013
4456.58680 16.685 0.014
4459.53574 16.704 0.013
4464.54257 16.728 0.013
4464.57543 16.736 0.013
4464.57900 16.714 0.012
4464.59443 16.705 0.012
4465.54136 16.700 0.011
4465.54495 16.715 0.013
4465.59436 16.708 0.012
4466.56666 16.706 0.013
4466.59627 16.708 0.013
4467.56304 16.712 0.014
4468.58828 16.657 0.013
4468.62316 16.700 0.011
4469.58202 16.693 0.013
4469.60822 16.706 0.012
4470.54760 16.689 0.013
4470.56385 16.657 0.013
4471.53571 16.664 0.013
4472.54790 16.683 0.011
4472.56954 16.698 0.011
4476.57848 16.690 0.012
4479.59974 16.718 0.012
4479.60329 16.697 0.014
4481.58441 16.687 0.010
4481.58796 16.694 0.012
4484.60109 16.694 0.014
4484.60464 16.717 0.018
4487.62265 16.670 0.014
4487.62618 16.707 0.018
4609.89594 16.630 0.012
4609.89945 16.687 0.012
4643.88061 16.672 0.012
4643.88417 16.686 0.012
4649.93082 16.668 0.011
4649.93437 16.702 0.012
4655.94586 16.678 0.012
4661.89396 16.693 0.010
4661.89753 16.696 0.011
4662.77668 16.710 0.010
4662.78023 16.698 0.010
4662.89360 16.676 0.010
4662.89717 16.701 0.011
4663.74837 16.685 0.012
4663.75193 16.706 0.013
4663.93227 16.646 0.011
4663.93583 16.696 0.013
4665.82132 16.699 0.013
4665.82490 16.672 0.013
4665.91883 16.713 0.014
4666.91270 16.711 0.013
4670.90358 16.644 0.011
4670.90713 16.666 0.011
4671.81782 16.655 0.011
4671.82138 16.669 0.012
4672.87754 16.638 0.010
4672.88111 16.698 0.011
4675.89515 16.641 0.010
4675.89873 16.671 0.011
4681.87488 16.690 0.009
4681.87847 16.697 0.011
4683.87371 16.705 0.010
4685.85982 16.685 0.012
4688.80759 16.679 0.009
4688.81121 16.684 0.010
4690.73315 16.692 0.009
4690.73673 16.706 0.011
4691.73602 16.682 0.012
4691.73963 16.736 0.016
4693.89470 16.709 0.013
4696.84103 16.717 0.014
4696.84464 16.700 0.014
4698.75286 16.675 0.009
4698.75645 16.694 0.010
4699.74687 16.712 0.011
4699.75045 16.705 0.011
4700.78795 16.677 0.010
4701.78958 16.683 0.013
4701.79316 16.699 0.012
4702.84972 16.661 0.011
4702.85331 16.687 0.012
4703.74876 16.666 0.011
4703.75236 16.698 0.010
4704.77121 16.687 0.010
4705.77846 16.674 0.012
4707.76752 16.663 0.009
4707.77113 16.681 0.010
4708.83578 16.686 0.009
4708.83935 16.703 0.010
4710.75175 16.685 0.009
4710.75536 16.673 0.010
4716.75326 16.708 0.010
4716.75687 16.706 0.010
4719.74543 16.687 0.012
4719.74902 16.701 0.012
4721.73439 16.704 0.012
4721.73799 16.740 0.017
4724.76409 16.703 0.011
4724.76768 16.705 0.011
4726.65976 16.688 0.012
4726.66336 16.701 0.016
4729.67438 16.695 0.013
4730.70298 16.711 0.010
4731.72747 16.701 0.010
4731.76099 16.716 0.010
4731.76460 16.711 0.010
4733.70945 16.716 0.011
4733.80495 16.717 0.011
4734.66637 16.725 0.011
4734.74331 16.677 0.009
4734.74691 16.693 0.010
4736.67069 16.721 0.013
4736.70809 16.674 0.011
4736.71168 16.709 0.012
4737.77794 16.701 0.011
4738.75240 16.682 0.012
4739.64937 16.669 0.012
4739.65299 16.665 0.012
4741.72395 16.684 0.009
4741.72755 16.692 0.009
4747.59416 16.703 0.011
4749.59013 16.667 0.013
4749.59377 16.725 0.014
4753.65929 16.694 0.013
4753.66287 16.685 0.012
4755.65682 16.687 0.010
4757.64128 16.675 0.010
4759.65387 16.691 0.010
4761.62416 16.709 0.009
4763.63679 16.708 0.013
4766.60140 16.696 0.012
4766.60499 16.709 0.013
4769.63947 16.660 0.011
4769.64307 16.681 0.014
4771.55054 16.647 0.012
4771.55412 16.685 0.013
4772.67595 16.637 0.011
4773.56342 16.686 0.010
4773.67897 16.692 0.011
4774.53234 16.666 0.011
4774.65539 16.675 0.011
4775.53198 16.695 0.013
4775.66219 16.676 0.012
4775.66582 16.664 0.013
4776.54130 16.698 0.013
4777.50938 16.699 0.016
4777.59594 16.677 0.010
4777.59955 16.690 0.012
4779.63153 16.695 0.013
4779.63515 16.716 0.011
4781.58504 16.719 0.011
4783.56867 16.698 0.012
4785.59617 16.704 0.013
4785.59977 16.688 0.012
4787.55254 16.629 0.016
4787.55613 16.695 0.017
4789.53158 16.691 0.013
4789.53519 16.704 0.013
4790.61740 16.678 0.010
4791.61568 16.676 0.010
4793.51623 16.669 0.012
4793.51981 16.692 0.012
4795.53328 16.683 0.009
4795.53687 16.695 0.010
4797.52548 16.665 0.011
4797.52907 16.687 0.011
4798.58878 16.692 0.012
4798.59236 16.702 0.014
4800.63607 16.670 0.009
4800.63966 16.720 0.011
4803.52739 16.628 0.011
4803.53098 16.681 0.014
4804.57757 16.652 0.012
4804.58117 16.648 0.013
4805.54289 16.664 0.011
4806.59018 16.673 0.011
4806.62668 16.660 0.013
4807.54336 16.693 0.014
4807.60545 16.699 0.014
4808.54482 16.661 0.011
4808.54841 16.713 0.013
4808.61620 16.693 0.012
4809.63039 16.700 0.011
4810.55526 16.661 0.011
4810.55883 16.687 0.012
4811.56374 16.690 0.012
4812.63156 16.712 0.018
4813.59461 16.694 0.011
4813.59818 16.674 0.012
4815.57074 16.695 0.011
4815.57433 16.676 0.013
4817.59084 16.688 0.010
4819.58688 16.714 0.010
4819.59045 16.710 0.011
4821.62878 16.711 0.009
4821.63235 16.705 0.011
4822.57254 16.712 0.012
4823.59314 16.678 0.012
4824.54550 16.671 0.014
4824.62841 16.691 0.013
4825.56977 16.709 0.012
4825.61801 16.702 0.011
4825.62160 16.703 0.012
4826.58470 16.688 0.013
4832.59113 16.673 0.013
4832.59470 16.664 0.012
4835.57295 16.665 0.012
4839.59446 16.686 0.011
4839.59804 16.696 0.014
4842.56509 16.700 0.013
4844.57001 16.709 0.010
4844.57356 16.675 0.011
4847.62632 16.711 0.014
4847.62986 16.679 0.017
4849.58972 16.678 0.011
4853.58361 16.702 0.011
4853.58713 16.694 0.012
4856.58110 16.702 0.011
4865.55067 16.694 0.011
4865.55420 16.717 0.012
4936.91655 16.652 0.013
4940.89923 16.650 0.012
4940.90309 16.654 0.011
4940.92254 16.677 0.013
4952.92202 16.595 0.012
4953.89694 16.628 0.012
4954.88836 16.663 0.010
