 466.57656 14.779 0.004
 466.60717 14.770 0.004
 466.63671 14.781 0.004
 467.55458 14.756 0.004
 467.58403 14.752 0.004
 467.61350 14.759 0.004
 467.64301 14.756 0.004
 469.56396 14.777 0.004
 469.60256 14.763 0.004
 469.63419 14.762 0.004
 471.61649 14.746 0.004
 471.63170 14.756 0.004
 472.54866 14.764 0.004
 472.56340 14.749 0.004
 472.57807 14.764 0.004
 472.59272 14.771 0.004
 621.81816 14.730 0.004
 622.89523 14.734 0.004
 624.92179 14.765 0.004
 625.90925 14.755 0.004
 626.88075 14.747 0.004
 627.86699 14.758 0.004
 628.90807 14.759 0.004
 629.90585 14.749 0.004
 631.93681 14.757 0.004
 632.87734 14.753 0.004
 633.91278 14.757 0.004
 635.90761 14.746 0.004
 643.87664 14.740 0.004
 645.84835 14.761 0.004
 647.80608 14.765 0.005
 649.80346 14.778 0.004
 656.86383 14.759 0.004
 657.83611 14.783 0.004
 658.87639 14.757 0.004
 663.78268 14.752 0.004
 664.88761 14.763 0.004
 665.83486 14.781 0.004
 666.84542 14.766 0.004
 667.86466 14.758 0.004
 668.83546 14.766 0.004
 670.80102 14.752 0.004
 671.82308 14.742 0.004
 672.82863 14.763 0.004
 673.79600 14.756 0.004
 684.75640 14.775 0.004
 685.81126 14.766 0.004
 686.71254 14.759 0.004
 687.79389 14.767 0.004
 688.73590 14.766 0.004
 689.76307 14.759 0.004
 697.72922 14.760 0.004
 698.80032 14.761 0.004
 699.69935 14.767 0.004
 700.74012 14.757 0.004
 701.71233 14.779 0.004
 704.74036 14.762 0.004
 706.70601 14.781 0.004
 707.74358 14.784 0.004
 708.76773 14.766 0.004
 712.76829 14.775 0.004
 713.74965 14.781 0.004
 714.76461 14.783 0.004
 715.73019 14.771 0.004
 716.69826 14.774 0.004
 720.73010 14.785 0.005
 726.69845 14.788 0.004
 728.69158 14.765 0.004
 729.69374 14.773 0.004
 730.67812 14.766 0.004
 733.64457 14.766 0.004
 739.66456 14.769 0.004
 741.63036 14.790 0.004
 742.60661 14.773 0.004
 744.65370 14.769 0.004
 745.60465 14.789 0.004
 746.79542 14.783 0.004
 747.66596 14.758 0.004
 748.62767 14.766 0.004
 749.63306 14.769 0.004
 750.62689 14.768 0.004
 751.63535 14.761 0.004
 752.74974 14.753 0.004
 753.68537 14.772 0.004
 759.64325 14.778 0.004
 760.66889 14.764 0.004
 761.64496 14.770 0.004
 761.75020 14.761 0.004
 762.63632 14.774 0.004
 762.66586 14.787 0.004
 763.65252 14.751 0.004
 763.76328 14.754 0.004
 765.58458 14.763 0.004
 766.62206 14.760 0.004
 766.72494 14.757 0.004
 767.62957 14.748 0.004
 767.69122 14.746 0.004
 767.76748 14.751 0.004
 769.61240 14.770 0.004
 769.68612 14.768 0.004
 770.61855 14.770 0.004
 771.65161 14.753 0.004
 772.61346 14.774 0.004
 773.61859 14.767 0.004
 773.77078 14.772 0.004
 774.61157 14.761 0.004
 775.56946 14.765 0.004
 776.65039 14.759 0.004
 777.62464 14.752 0.004
 778.62800 14.773 0.004
 779.65497 14.766 0.004
 779.76525 14.775 0.004
 780.65478 14.764 0.004
 781.56913 14.764 0.004
 781.74958 14.757 0.004
 782.63465 14.763 0.004
 782.76399 14.768 0.005
 783.55162 14.763 0.004
 784.59362 14.751 0.004
 785.62044 14.752 0.004
 785.76603 14.746 0.004
 786.62412 14.752 0.004
 787.70457 14.760 0.004
 788.63741 14.778 0.004
 788.66297 14.786 0.004
 790.58611 14.778 0.004
 792.56406 14.790 0.004
 795.62873 14.777 0.004
 796.55766 14.764 0.004
 796.74298 14.774 0.004
 797.71779 14.768 0.004
 798.58047 14.770 0.004
 799.71841 14.764 0.004
 800.63343 14.769 0.004
 802.69344 14.784 0.004
 805.62075 14.796 0.004
 806.63093 14.762 0.004
 808.56238 14.778 0.004
 816.69336 14.770 0.004
 817.60344 14.767 0.004
 819.56621 14.770 0.004
 820.64253 14.773 0.004
 822.56308 14.783 0.004
 824.58890 14.756 0.004
 825.66203 14.779 0.004
 828.62220 14.779 0.004
 829.58880 14.769 0.004
 832.59567 14.777 0.004
 833.61556 14.766 0.004
 834.58515 14.771 0.004
 836.56327 14.773 0.004
 838.59625 14.775 0.004
 840.60601 14.750 0.004
 845.55741 14.759 0.004
 850.58089 14.776 0.004
 855.58589 14.782 0.004
 859.57369 14.785 0.004
 866.53822 14.769 0.004
 875.52830 14.760 0.004
 962.94202 14.795 0.004
 966.94150 14.814 0.004
 970.91792 14.814 0.004
 976.89853 14.804 0.004
 982.88643 14.820 0.005
 986.85295 14.809 0.004
 987.86652 14.809 0.004
 991.93482 14.815 0.004
 996.93853 14.822 0.004
 998.90958 14.813 0.004
1004.80821 14.825 0.004
1006.83678 14.825 0.004
1020.90627 14.847 0.004
1035.75899 14.835 0.004
1037.78820 14.834 0.004
1041.79636 14.840 0.004
1045.75809 14.829 0.004
1052.78218 14.850 0.004
1055.65537 14.846 0.004
1058.86737 14.855 0.004
1059.78536 14.846 0.004
1061.73811 14.837 0.004
1064.82203 14.852 0.004
1068.72345 14.841 0.004
1072.70359 14.854 0.004
1076.68135 14.854 0.004
1078.69192 14.853 0.004
1081.70447 14.852 0.004
1084.64265 14.853 0.004
1087.66255 14.856 0.004
1090.71894 14.862 0.004
1092.75104 14.862 0.004
1094.65772 14.865 0.004
1102.62787 14.878 0.004
1106.72276 14.862 0.004
1110.64188 14.867 0.004
1116.60035 14.871 0.004
1120.58896 14.883 0.004
1126.66427 14.876 0.004
1129.56270 14.885 0.004
1132.54578 14.884 0.004
1135.59588 14.883 0.004
1138.64554 14.882 0.004
1140.62293 14.880 0.004
1144.68052 14.882 0.004
1151.56013 14.894 0.004
1155.56173 14.892 0.004
1159.55717 14.900 0.004
1162.58958 14.893 0.004
1164.70315 14.898 0.004
1170.56155 14.894 0.004
1178.67164 14.914 0.004
1182.68351 14.889 0.004
1183.72187 14.900 0.004
1185.70505 14.891 0.004
1188.70434 14.889 0.004
1191.58811 14.899 0.004
1202.60320 14.904 0.004
1205.55462 14.913 0.004
1211.57509 14.922 0.005
1217.58572 14.907 0.004
1220.58822 14.904 0.004
1229.54095 14.919 0.004
1238.53719 14.934 0.005
1327.92136 14.943 0.005
1330.83806 14.933 0.005
1335.88982 14.955 0.004
1340.90935 14.942 0.004
1348.94542 14.943 0.004
1354.91897 14.940 0.004
1360.93870 14.939 0.004
1365.93491 14.958 0.004
1367.85841 14.959 0.004
1374.93051 14.957 0.005
1394.86667 14.971 0.004
1395.89815 14.961 0.004
1397.81981 14.965 0.005
1401.84685 14.965 0.004
1402.93180 14.962 0.004
1407.85486 14.964 0.004
1412.75018 14.945 0.004
1417.90854 14.962 0.004
1430.74114 14.973 0.005
1432.75185 14.974 0.004
1435.70824 14.978 0.005
1439.67473 14.985 0.004
1442.67841 14.991 0.004
1447.75361 14.985 0.005
1451.68984 14.990 0.004
1455.70954 14.965 0.004
1458.74695 15.003 0.005
1460.75027 14.987 0.004
1462.65590 14.994 0.004
1470.66215 15.003 0.004
1471.78129 15.004 0.004
1472.64937 14.985 0.004
1475.65506 14.981 0.004
1477.58413 14.975 0.004
1481.60189 14.977 0.004
1484.65085 14.975 0.004
1487.64593 14.980 0.004
1490.68472 14.967 0.004
1492.58436 14.977 0.004
1495.54116 14.990 0.004
1499.56978 14.990 0.005
1502.56789 14.997 0.004
1505.63447 14.995 0.004
1508.56985 14.995 0.004
1509.54615 14.987 0.004
1512.64800 15.001 0.004
1515.62271 14.980 0.004
1517.62620 14.988 0.004
1520.61334 15.008 0.004
1524.56107 15.000 0.004
1526.60117 14.984 0.004
1531.65277 14.997 0.004
1543.61025 14.974 0.004
1546.62508 14.959 0.004
1551.58687 14.941 0.004
1555.62035 14.938 0.004
1562.59895 14.937 0.004
1569.57811 14.948 0.004
1575.60394 14.950 0.004
1580.57891 14.952 0.004
1583.58158 14.915 0.004
1587.56137 14.875 0.004
1597.54684 14.887 0.004
1603.55494 14.894 0.004
1608.53066 14.885 0.004
1701.91239 14.910 0.006
1703.91553 14.870 0.004
1705.92107 14.814 0.004
1716.88143 14.839 0.004
1717.89182 14.826 0.004
1729.92750 14.842 0.004
1732.89731 14.873 0.004
1740.84832 14.871 0.004
1742.89609 14.839 0.004
1744.86526 14.852 0.004
1745.88946 14.818 0.004
1749.86992 14.827 0.004
1750.84183 14.863 0.004
1751.85368 14.869 0.004
1752.81501 14.863 0.004
1753.81608 14.836 0.004
1754.84274 14.845 0.004
1755.80808 14.873 0.004
1756.83756 14.861 0.004
1757.78676 14.829 0.004
1758.79125 14.836 0.004
1759.83562 14.874 0.004
1761.81667 14.840 0.004
1762.80304 14.836 0.004
1763.80605 14.886 0.004
1764.79855 14.881 0.004
1765.79301 14.839 0.004
1766.73405 14.881 0.004
1768.81317 14.879 0.004
1769.72255 14.833 0.004
1770.83449 14.888 0.005
1771.83860 14.920 0.004
1772.78097 14.857 0.004
1773.74830 14.835 0.004
1776.77111 14.842 0.004
1784.74775 14.862 0.004
1787.89023 14.843 0.004
1788.81326 14.841 0.004
1803.77360 14.888 0.004
1806.76772 14.844 0.004
1808.83735 14.902 0.004
1811.76574 14.895 0.004
1814.81258 14.868 0.004
1817.77823 14.861 0.004
1822.65570 14.851 0.004
1826.80681 14.868 0.004
1829.74909 14.871 0.004
1833.79564 14.899 0.004
1846.79709 14.838 0.004
1850.75382 14.842 0.004
1854.80989 14.842 0.004
1858.73377 14.887 0.004
1862.73266 14.835 0.004
1867.75713 14.845 0.004
1871.76371 14.843 0.004
2086.89212 14.719 0.006
2103.89894 14.723 0.005
2105.92907 14.721 0.005
2106.89468 14.726 0.005
2112.84706 14.722 0.005
2116.87482 14.721 0.005
2123.82175 14.718 0.005
2124.84219 14.718 0.005
2128.82925 14.727 0.005
2129.86123 14.737 0.005
2130.84761 14.725 0.005
2131.84169 14.732 0.005
2132.81000 14.730 0.005
2133.89832 14.742 0.006
2135.84783 14.737 0.005
2137.89546 14.740 0.005
2140.81508 14.741 0.005
2142.75544 14.734 0.005
2143.82093 14.732 0.005
2144.82762 14.736 0.005
2155.88236 14.748 0.006
2156.82895 14.742 0.005
2162.76516 14.743 0.005
2166.75976 14.737 0.005
2167.76821 14.742 0.005
2168.71739 14.755 0.005
2171.74329 14.751 0.005
2172.74992 14.741 0.005
2177.64342 14.740 0.005
2184.70505 14.739 0.005
2185.66858 14.748 0.005
2186.69341 14.756 0.006
2187.68858 14.752 0.005
2190.69514 14.750 0.005
2192.66667 14.729 0.005
2193.68773 14.758 0.005
2194.65785 14.755 0.005
2203.55431 14.747 0.005
2206.61061 14.753 0.006
2211.64470 14.747 0.005
2212.64853 14.751 0.005
2213.65435 14.758 0.005
2214.64555 14.757 0.005
2215.65251 14.757 0.005
2217.63922 14.753 0.005
2219.68209 14.753 0.005
2222.73065 14.760 0.005
2224.71696 14.748 0.005
2228.56173 14.764 0.005
2231.64666 14.761 0.005
2232.51339 14.758 0.006
2233.61680 14.750 0.005
2235.66692 14.754 0.005
2238.55046 14.769 0.005
2240.65476 14.775 0.005
2242.62229 14.761 0.006
2248.61159 14.770 0.005
2250.58026 14.773 0.005
2253.57389 14.771 0.005
2255.61054 14.772 0.005
2258.57683 14.758 0.005
2263.58757 14.770 0.005
2266.56354 14.760 0.005
2271.56792 14.770 0.005
2273.56725 14.795 0.006
2275.60218 14.781 0.005
2276.56174 14.798 0.006
2278.59433 14.767 0.005
2280.59016 14.779 0.005
2284.59304 14.781 0.005
2290.60701 14.776 0.005
2293.56930 14.789 0.005
2295.56208 14.784 0.005
2297.56538 14.793 0.006
2299.56448 14.792 0.006
2301.55676 14.787 0.005
2445.91531 14.900 0.006
2460.88253 14.976 0.006
2463.91886 14.981 0.006
2465.93162 14.974 0.006
2467.90462 14.954 0.006
2469.90399 14.927 0.005
2471.89345 14.902 0.006
2472.92292 14.897 0.005
2473.89484 14.919 0.005
2481.90712 14.950 0.006
2483.89236 14.940 0.005
2486.88935 14.940 0.006
2488.88159 14.956 0.006
2489.92672 14.946 0.006
2492.90709 14.926 0.006
2495.89710 14.907 0.005
2496.90682 14.924 0.006
2497.93022 14.936 0.006
2498.77750 14.940 0.006
2499.86311 14.939 0.005
2500.86864 14.947 0.005
2501.85763 14.945 0.005
2502.83783 14.952 0.006
2508.74912 14.945 0.006
2516.78041 14.951 0.006
2517.82715 14.945 0.006
2518.79856 14.968 0.006
2519.83550 14.963 0.005
2520.79487 14.964 0.006
2521.82700 14.963 0.005
2524.82526 14.981 0.006
2526.78146 14.973 0.005
2534.83784 14.973 0.006
2535.81805 14.989 0.006
2537.70582 15.009 0.006
2538.80180 15.001 0.006
2539.70530 15.009 0.006
2541.71721 15.001 0.006
2542.68700 14.994 0.006
2544.66584 15.004 0.006
2545.68057 15.001 0.006
2547.69857 15.002 0.006
2548.71532 15.006 0.006
2550.71045 15.017 0.006
2552.71316 15.034 0.005
2554.70631 15.036 0.006
2555.71424 15.036 0.006
2556.69327 15.025 0.006
2557.70580 15.024 0.005
2558.66229 15.022 0.006
2559.61920 15.016 0.006
2560.65225 15.022 0.006
2562.67069 15.026 0.006
2563.67865 15.039 0.006
2564.69400 15.041 0.006
2565.68463 15.034 0.006
2566.66490 15.048 0.006
2568.69589 15.041 0.006
2571.64887 15.044 0.006
2573.66199 15.055 0.006
2574.64581 15.053 0.006
2576.65896 15.073 0.006
2577.63269 15.066 0.006
2578.63276 15.053 0.006
2579.63942 15.060 0.006
2580.65155 15.059 0.006
2583.62286 15.068 0.006
2584.63021 15.061 0.006
2586.62811 15.069 0.006
2587.61212 15.069 0.006
2588.72054 15.068 0.006
2589.60208 15.078 0.006
2591.64032 15.082 0.006
2593.60935 15.083 0.006
2594.61311 15.101 0.006
2596.58865 15.090 0.006
2597.57581 15.087 0.006
2598.64966 15.076 0.006
2599.60914 15.086 0.006
2607.63035 15.112 0.006
2610.55013 15.085 0.006
2613.54399 15.094 0.006
2615.57285 15.102 0.006
2619.56051 15.112 0.006
2621.56947 15.105 0.006
2625.55207 15.122 0.006
2628.54520 15.144 0.006
2632.55162 15.119 0.006
2636.54702 15.138 0.006
2639.54727 15.128 0.006
2642.55626 15.145 0.006
2646.56883 15.138 0.006
2651.54112 15.143 0.006
2654.55866 15.156 0.006
2657.56154 15.153 0.006
2660.55731 15.148 0.006
2671.55497 15.186 0.006
2673.56676 15.189 0.006
2676.52813 15.160 0.006
2679.54150 15.184 0.006
2777.90653 15.243 0.006
2804.87353 15.258 0.006
2811.90798 15.259 0.006
2814.94365 15.277 0.006
2817.93020 15.262 0.006
2825.91031 15.227 0.005
2831.78504 15.287 0.006
2832.75103 15.287 0.006
2832.92898 15.285 0.006
2833.86895 15.298 0.006
2835.87758 15.285 0.006
2837.87866 15.275 0.007
2838.93584 15.293 0.006
2840.82858 15.269 0.006
2843.83003 15.239 0.006
2844.87583 15.256 0.006
2845.92182 15.250 0.006
2849.85927 15.248 0.006
2850.89202 15.259 0.006
2851.93559 15.266 0.006
2852.80626 15.265 0.006
2853.94568 15.263 0.006
2854.83200 15.278 0.006
2856.81895 15.278 0.006
2858.91300 15.275 0.006
2860.87899 15.289 0.006
2861.75017 15.280 0.006
2862.92917 15.264 0.006
2863.83841 15.271 0.006
2865.83527 15.278 0.006
2866.88493 15.277 0.006
2867.82496 15.282 0.006
2868.77261 15.279 0.006
2869.90560 15.285 0.006
2870.81920 15.283 0.006
2871.86213 15.277 0.006
2875.80850 15.291 0.006
2876.77940 15.289 0.006
2879.74292 15.293 0.006
2883.82909 15.301 0.006
2885.76388 15.283 0.006
2888.81219 15.300 0.006
2892.80358 15.301 0.006
2894.73275 15.318 0.006
2896.72983 15.311 0.006
2898.75079 15.295 0.006
2900.74966 15.301 0.006
2902.74918 15.304 0.006
2905.75637 15.301 0.006
2907.75776 15.314 0.006
2909.74687 15.319 0.005
2911.73824 15.310 0.006
2915.70971 15.322 0.006
2917.73582 15.313 0.006
2921.73358 15.324 0.006
2923.75551 15.319 0.006
2925.71850 15.312 0.006
2927.71599 15.324 0.006
2930.73409 15.332 0.006
2932.74060 15.329 0.006
2934.72040 15.325 0.006
2937.64443 15.322 0.006
2939.69708 15.326 0.006
2940.63717 15.327 0.006
2941.68702 15.336 0.006
2942.63717 15.324 0.006
2943.60836 15.344 0.006
2944.59297 15.335 0.006
2945.60974 15.325 0.007
2947.61923 15.340 0.006
2949.60053 15.322 0.006
2950.64530 15.337 0.006
2951.63247 15.324 0.006
2952.66138 15.339 0.006
2954.68631 15.337 0.006
2956.63229 15.327 0.006
2958.62669 15.338 0.006
2961.59780 15.345 0.007
2965.63620 15.346 0.006
2968.59754 15.341 0.006
2970.61679 15.347 0.006
2972.60128 15.358 0.006
2974.60201 15.349 0.006
2976.55172 15.357 0.006
2978.57781 15.356 0.006
2980.59466 15.368 0.006
2982.53987 15.359 0.006
2984.63077 15.356 0.006
2986.64088 15.349 0.006
2988.53325 15.364 0.006
2991.60632 15.360 0.006
2994.58863 15.365 0.006
2997.56080 15.364 0.006
3001.57728 15.372 0.006
3005.53533 15.354 0.006
3008.56164 15.383 0.007
3011.56503 15.371 0.006
3016.59169 15.366 0.006
3018.57813 15.390 0.006
3020.60619 15.393 0.006
3021.61901 15.368 0.006
3023.57491 15.369 0.006
3025.57339 15.377 0.006
3027.60691 15.387 0.006
3029.57880 15.374 0.006
3031.58336 15.378 0.006
3033.58571 15.380 0.006
3037.53274 15.379 0.006
3164.93313 15.431 0.006
3177.92092 15.424 0.006
3183.91512 15.436 0.006
3193.88290 15.420 0.006
3195.94210 15.426 0.006
3197.91757 15.430 0.006
3201.87501 15.421 0.005
3203.88297 15.433 0.006
3206.82083 15.448 0.006
3210.89688 15.431 0.006
3211.88828 15.451 0.006
3215.66442 15.448 0.007
3216.73243 15.450 0.006
3217.93293 15.448 0.006
3218.91758 15.429 0.007
3223.83842 15.447 0.006
3226.82868 15.443 0.006
3229.83583 15.444 0.006
3231.81795 15.460 0.006
3239.79634 15.448 0.006
3240.79359 15.446 0.006
3241.81795 15.437 0.006
3242.71728 15.446 0.006
3243.85373 15.442 0.006
3244.83092 15.459 0.006
3245.78006 15.445 0.006
3246.77250 15.448 0.006
3247.76629 15.458 0.006
3249.73097 15.443 0.006
3251.74449 15.449 0.006
3254.73162 15.456 0.006
3257.74804 15.454 0.006
3259.66723 15.459 0.006
3261.70531 15.453 0.006
3263.68801 15.455 0.006
3265.72242 15.447 0.006
3267.71125 15.454 0.005
3269.78767 15.458 0.006
3270.74450 15.448 0.006
3271.66732 15.455 0.006
3272.72452 15.459 0.006
3274.71039 15.464 0.006
3276.71483 15.467 0.006
3277.75362 15.455 0.006
3279.68517 15.458 0.006
3281.64393 15.456 0.006
3283.64540 15.466 0.006
3287.61161 15.464 0.006
3289.62268 15.462 0.006
3293.59946 15.484 0.006
3295.61825 15.469 0.006
3297.60003 15.474 0.005
3299.65638 15.463 0.005
3301.63060 15.476 0.006
3303.69287 15.447 0.006
3306.62541 15.461 0.006
3308.61315 15.460 0.006
3310.61228 15.464 0.006
3312.65632 15.470 0.006
3314.56711 15.468 0.006
3320.60497 15.464 0.006
3323.54845 15.454 0.006
3327.55993 15.462 0.006
3330.55418 15.470 0.006
3335.59899 15.469 0.006
3338.60260 15.457 0.006
3349.59890 15.477 0.006
3353.57801 15.481 0.006
3359.55452 15.483 0.006
3363.56188 15.463 0.006
3367.62118 15.480 0.006
3372.55193 15.478 0.006
3376.53124 15.472 0.006
3378.59816 15.475 0.006
3386.56462 15.480 0.006
3390.57818 15.478 0.006
3398.55995 15.485 0.006
3402.54833 15.488 0.006
3528.94050 15.490 0.006
3541.93329 15.492 0.006
3547.91789 15.498 0.006
3554.92610 15.504 0.006
3560.94825 15.501 0.006
3564.91042 15.482 0.006
3568.84127 15.491 0.006
3570.78198 15.505 0.006
3571.80432 15.515 0.007
3573.84180 15.497 0.006
3574.88082 15.512 0.006
3577.83947 15.498 0.006
3578.89804 15.510 0.006
3579.80287 15.514 0.006
3581.84782 15.514 0.006
3581.87054 15.502 0.006
3582.83269 15.512 0.006
3583.83713 15.501 0.006
3584.80884 15.502 0.006
3586.81146 15.510 0.006
3588.82936 15.508 0.006
3589.82217 15.505 0.006
3591.87696 15.505 0.006
3593.81453 15.492 0.006
3596.89498 15.504 0.006
3601.81260 15.508 0.006
3607.81804 15.511 0.006
3614.78944 15.520 0.006
3617.76894 15.524 0.006
3619.70186 15.509 0.006
3621.72033 15.517 0.006
3624.86862 15.511 0.006
3626.71801 15.522 0.006
3629.67159 15.523 0.006
3631.73398 15.531 0.006
3633.71023 15.510 0.006
3637.65323 15.507 0.006
3639.70330 15.522 0.006
3641.69985 15.535 0.006
3643.72422 15.527 0.006
3646.65916 15.522 0.006
3650.66243 15.530 0.006
3650.68648 15.526 0.006
3651.73641 15.517 0.006
3653.73257 15.528 0.006
3655.69874 15.527 0.006
3657.64953 15.532 0.006
3658.65396 15.524 0.006
3659.64199 15.520 0.006
3660.67214 15.532 0.006
3663.56363 15.529 0.007
3665.63720 15.511 0.006
3668.57565 15.514 0.006
3669.70650 15.524 0.006
3671.63255 15.516 0.006
3673.67741 15.530 0.006
3675.66199 15.517 0.006
3681.63331 15.521 0.006
3683.65130 15.529 0.006
3685.65646 15.522 0.006
3687.65509 15.526 0.006
3689.60351 15.518 0.006
3692.57931 15.520 0.006
3694.56330 15.505 0.006
3696.56381 15.528 0.006
3698.59749 15.527 0.006
3700.57842 15.504 0.006
3702.58773 15.522 0.006
3704.59399 15.508 0.006
3706.61444 15.516 0.006
3708.58731 15.530 0.006
3711.59390 15.519 0.006
3714.52763 15.512 0.007
3718.60816 15.517 0.006
3721.56174 15.522 0.006
3724.56673 15.517 0.006
3726.58727 15.526 0.006
3728.56038 15.523 0.006
3734.56384 15.529 0.006
3737.57951 15.520 0.006
3742.53814 15.528 0.007
3746.56340 15.510 0.006
3751.54328 15.524 0.007
3756.55603 15.518 0.006
3761.60627 15.514 0.006
3766.53109 15.521 0.006
3772.55392 15.530 0.006
3776.55397 15.537 0.006
3871.87986 15.531 0.007
3901.94239 15.536 0.006
3906.94269 15.544 0.006
3913.91962 15.535 0.006
3918.88313 15.538 0.006
3931.91846 15.537 0.006
3934.86150 15.527 0.006
3936.86968 15.547 0.006
3938.85371 15.536 0.006
3944.90109 15.552 0.006
3946.86923 15.535 0.006
3951.88858 15.533 0.006
3955.85373 15.548 0.006
3958.83324 15.529 0.006
3960.83041 15.526 0.006
3963.82712 15.537 0.006
3965.81899 15.536 0.006
3967.83884 15.550 0.006
3969.80449 15.546 0.006
3971.78068 15.546 0.006
3974.78243 15.524 0.006
3979.73780 15.536 0.006
3980.62114 15.534 0.006
3981.64740 15.539 0.006
3983.83774 15.536 0.006
3987.78626 15.550 0.006
3990.79361 15.536 0.006
3993.73842 15.533 0.006
3995.74370 15.545 0.006
3999.75300 15.548 0.006
4002.72511 15.543 0.005
4004.67688 15.555 0.006
4006.70313 15.542 0.006
4007.56650 15.548 0.006
4008.57543 15.546 0.006
4009.74377 15.561 0.006
4013.70198 15.563 0.006
4015.68427 15.550 0.008
4015.70052 15.558 0.006
4018.69968 15.549 0.006
4019.68825 15.536 0.006
4021.68072 15.544 0.006
4024.65421 15.556 0.006
4026.63309 15.537 0.006
4028.62905 15.554 0.006
4030.64160 15.541 0.006
4032.69370 15.549 0.006
4037.66988 15.547 0.006
4039.60781 15.554 0.006
4041.60735 15.544 0.006
4043.59306 15.553 0.006
4046.60238 15.554 0.006
4048.56830 15.540 0.006
4050.61040 15.528 0.006
4052.56249 15.549 0.006
4054.61667 15.541 0.006
4058.62231 15.546 0.006
4060.52114 15.527 0.006
4064.51877 15.537 0.006
4066.56024 15.530 0.006
4069.51861 15.536 0.006
4073.60218 15.535 0.006
4077.52552 15.556 0.006
4079.52747 15.535 0.007
4082.52740 15.544 0.006
4085.56513 15.531 0.006
4092.56117 15.536 0.006
4096.58713 15.512 0.006
4100.58992 15.521 0.006
4105.55771 15.530 0.006
4108.53396 15.521 0.006
4113.61185 15.532 0.006
4120.58269 15.547 0.006
4126.58051 15.551 0.006
4252.92975 15.509 0.007
4255.84907 15.512 0.007
4268.90236 15.501 0.006
4275.92451 15.522 0.006
4279.80223 15.498 0.008
4282.81273 15.534 0.006
4283.86567 15.517 0.006
4285.92000 15.523 0.006
4291.94079 15.534 0.007
4292.85932 15.484 0.006
4295.86335 15.484 0.006
4296.89311 15.513 0.006
4297.92597 15.500 0.006
4299.86081 15.502 0.006
4300.88229 15.500 0.006
4301.90029 15.497 0.006
4302.92192 15.498 0.006
4307.90082 15.438 0.006
4308.66197 15.436 0.006
4308.86997 15.439 0.006
4310.84231 15.462 0.006
4311.82986 15.472 0.008
4312.90373 15.461 0.006
4314.92320 15.467 0.006
4316.82974 15.474 0.006
4319.86692 15.472 0.006
4320.89381 15.449 0.006
4326.83769 15.467 0.006
4327.81618 15.456 0.007
4328.83182 15.427 0.006
4329.83410 15.430 0.006
4330.86261 15.395 0.006
4333.86389 15.364 0.006
4338.90427 15.366 0.006
4340.77674 15.338 0.006
4341.77191 15.334 0.006
4342.82779 15.329 0.006
4343.76542 15.350 0.006
4344.74756 15.324 0.006
4345.79352 15.311 0.006
4347.78245 15.328 0.006
4349.79565 15.350 0.006
4351.82288 15.359 0.006
4353.75595 15.322 0.006
4357.70482 15.262 0.006
4359.70276 15.265 0.006
4361.70532 15.245 0.006
4362.72805 15.260 0.006
4364.58709 15.266 0.006
4367.68460 15.217 0.006
4370.67626 15.204 0.006
4372.73970 15.195 0.006
4376.65508 15.193 0.006
4378.62167 15.178 0.006
4379.64964 15.197 0.006
4380.76248 15.164 0.006
4382.68995 15.183 0.006
4386.66500 15.185 0.006
4388.66549 15.157 0.006
4390.67447 15.132 0.006
4393.64827 15.133 0.006
4395.68313 15.128 0.006
4398.64858 15.111 0.006
4400.67145 15.106 0.006
4403.69725 15.099 0.006
4407.63733 15.070 0.006
4408.68352 15.073 0.006
4410.70644 15.052 0.006
4415.69059 15.033 0.006
4418.59725 15.018 0.006
4422.65845 14.983 0.006
4424.65553 14.988 0.006
4427.54220 14.997 0.006
4429.56815 15.027 0.006
4431.57262 15.010 0.006
4433.57845 15.016 0.006
4435.56679 15.016 0.006
4437.65585 15.003 0.006
4439.56769 15.007 0.006
4441.60354 15.001 0.006
4443.59425 15.029 0.006
4449.64828 14.964 0.006
4451.60341 14.976 0.006
4453.58538 14.955 0.006
4456.58680 14.969 0.006
4459.53933 14.957 0.006
4464.54257 14.972 0.006
4464.57900 14.972 0.006
4464.59443 14.961 0.006
4465.54495 14.966 0.006
4465.59436 14.968 0.006
4466.56666 14.967 0.006
4466.59627 14.962 0.006
4467.56304 14.955 0.006
4468.58828 14.969 0.005
4468.62316 14.967 0.006
4469.58202 14.975 0.006
4469.60822 14.980 0.006
4470.54760 14.953 0.006
4470.56385 14.956 0.006
4471.53571 14.939 0.006
4472.54790 14.980 0.005
4472.56954 14.974 0.005
4476.57848 14.970 0.006
4479.60329 14.952 0.006
4481.58796 14.956 0.005
4484.60464 14.983 0.006
4487.62618 14.948 0.006
4609.89945 14.863 0.005
4643.88417 14.877 0.006
4649.93437 14.866 0.005
4655.94586 14.864 0.005
4661.89753 14.838 0.005
4662.78023 14.836 0.005
4662.89717 14.828 0.005
4663.75193 14.855 0.005
4663.93583 14.855 0.006
4665.82490 14.844 0.005
4665.91883 14.849 0.006
4666.91270 14.842 0.006
4670.90713 14.820 0.005
4671.82138 14.862 0.005
4672.88111 14.850 0.005
4675.89873 14.838 0.005
4681.87847 14.852 0.005
4683.87371 14.837 0.005
4685.85982 14.841 0.005
4688.81121 14.831 0.005
4690.73673 14.825 0.005
4691.73963 14.838 0.006
4693.89470 14.820 0.005
4696.84464 14.847 0.006
4698.75645 14.822 0.005
4699.75045 14.822 0.005
4700.78795 14.816 0.005
4701.79316 14.824 0.005
4702.85331 14.814 0.005
4703.75236 14.821 0.005
4704.77121 14.823 0.005
4705.77846 14.837 0.006
4707.77113 14.801 0.005
4708.83935 14.821 0.005
4710.75536 14.797 0.005
4716.75687 14.817 0.005
4719.74902 14.807 0.005
4721.73799 14.829 0.005
4724.76768 14.812 0.005
4726.66336 14.833 0.006
4729.67438 14.822 0.005
4730.70298 14.809 0.005
4731.72747 14.825 0.005
4731.76460 14.823 0.005
4733.70945 14.815 0.005
4733.80495 14.818 0.005
4734.66637 14.812 0.005
4734.74691 14.809 0.005
4736.67069 14.820 0.006
4736.71168 14.815 0.005
4737.77794 14.831 0.005
4738.75240 14.809 0.005
4739.65299 14.820 0.005
4741.72755 14.806 0.005
4747.59416 14.805 0.005
4749.59377 14.820 0.006
4753.66287 14.818 0.005
4755.65682 14.813 0.005
4757.64128 14.810 0.005
4759.65387 14.803 0.005
4761.62416 14.819 0.005
4763.63679 14.826 0.005
4766.60499 14.819 0.005
4769.64307 14.837 0.006
4771.55412 14.814 0.005
4772.59926 14.809 0.005
4772.67595 14.811 0.005
4773.56342 14.805 0.005
4773.67897 14.811 0.005
4774.53234 14.816 0.005
4774.65539 14.813 0.005
4775.53198 14.803 0.005
4775.66582 14.810 0.005
4776.54130 14.819 0.005
4777.50938 14.826 0.006
4777.59955 14.812 0.005
4779.63515 14.818 0.005
4781.58504 14.813 0.005
4783.56867 14.808 0.005
4785.59977 14.821 0.005
4787.55613 14.805 0.006
4789.53519 14.810 0.005
4790.61740 14.814 0.005
4791.61568 14.820 0.005
4793.51981 14.819 0.005
4795.53687 14.816 0.005
4797.52907 14.815 0.005
4798.59236 14.835 0.006
4800.63966 14.806 0.005
4803.53098 14.812 0.005
4804.58117 14.814 0.005
4805.54289 14.820 0.005
4806.59018 14.825 0.005
4806.62668 14.819 0.005
4807.54336 14.851 0.006
4807.60545 14.837 0.006
4808.54841 14.831 0.005
4808.61620 14.827 0.005
4809.55051 14.818 0.005
4809.63039 14.814 0.005
4810.55883 14.822 0.005
4811.56374 14.822 0.005
4812.63156 14.835 0.006
4813.59818 14.826 0.005
4815.57433 14.822 0.005
4817.59084 14.819 0.005
4819.59045 14.823 0.005
4821.63235 14.825 0.005
4822.57254 14.820 0.005
4823.53713 14.832 0.006
4823.59314 14.831 0.005
4824.54550 14.820 0.005
4824.62841 14.833 0.005
4825.56977 14.829 0.005
4825.62160 14.831 0.005
4826.58470 14.831 0.005
4832.59470 14.840 0.005
4835.57652 14.827 0.006
4839.59804 14.842 0.006
4842.56509 14.838 0.005
4844.57356 14.836 0.005
4847.62986 14.828 0.006
4849.58972 14.836 0.005
4853.58713 14.828 0.005
4856.58110 14.838 0.005
4865.55420 14.834 0.005
4935.92066 14.861 0.005
4937.92098 14.876 0.005
4940.92254 14.869 0.005
4952.92202 14.895 0.005
