 466.55801 14.458 0.004
 466.57324 14.460 0.004
 466.60386 14.458 0.004
 466.63339 14.453 0.004
 467.55127 14.456 0.004
 467.58071 14.457 0.004
 467.61018 14.443 0.004
 467.63969 14.454 0.004
 469.56065 14.454 0.004
 469.59925 14.449 0.004
 469.63088 14.455 0.004
 471.61318 14.450 0.004
 471.62839 14.451 0.004
 472.54535 14.454 0.004
 472.56008 14.471 0.004
 472.57476 14.437 0.004
 472.58940 14.442 0.004
 621.81484 14.454 0.004
 622.89192 14.454 0.004
 624.91848 14.460 0.004
 625.90593 14.463 0.004
 626.87744 14.462 0.004
 627.86368 14.470 0.004
 628.90475 14.453 0.004
 629.90253 14.453 0.004
 631.93349 14.456 0.004
 632.87402 14.462 0.004
 633.90946 14.466 0.004
 635.90429 14.462 0.004
 643.87332 14.459 0.004
 645.84503 14.455 0.004
 647.80276 14.457 0.004
 649.80014 14.444 0.004
 656.86051 14.468 0.004
 657.83279 14.473 0.004
 658.87308 14.471 0.004
 663.77936 14.463 0.004
 664.88429 14.456 0.004
 665.83155 14.452 0.004
 666.84210 14.456 0.004
 667.86135 14.455 0.004
 668.83214 14.465 0.004
 670.79770 14.450 0.004
 671.81977 14.454 0.004
 672.82532 14.449 0.004
 673.79268 14.454 0.004
 684.75309 14.456 0.004
 685.80794 14.459 0.004
 686.70923 14.457 0.004
 687.79058 14.461 0.004
 688.73258 14.457 0.004
 689.75975 14.454 0.004
 697.72590 14.462 0.004
 698.79700 14.466 0.004
 699.69603 14.460 0.004
 700.73680 14.461 0.004
 701.70901 14.470 0.004
 704.73705 14.466 0.004
 706.70270 14.476 0.004
 707.74026 14.462 0.004
 708.76441 14.467 0.004
 712.76497 14.459 0.004
 713.74633 14.452 0.004
 714.76130 14.463 0.004
 715.72687 14.457 0.004
 716.69494 14.456 0.004
 720.72678 14.459 0.004
 726.69513 14.462 0.004
 728.68826 14.457 0.004
 729.69042 14.467 0.004
 730.67481 14.459 0.004
 733.64125 14.469 0.004
 739.66124 14.457 0.004
 741.62704 14.450 0.004
 742.60330 14.457 0.004
 744.65039 14.455 0.004
 745.60133 14.452 0.004
 746.79210 14.456 0.004
 747.66264 14.455 0.004
 748.62435 14.455 0.004
 749.62975 14.455 0.004
 750.62357 14.450 0.004
 751.63204 14.457 0.004
 752.74642 14.470 0.004
 753.68205 14.465 0.004
 759.63993 14.455 0.004
 760.66557 14.452 0.004
 761.64164 14.453 0.004
 761.74688 14.452 0.004
 762.63300 14.449 0.004
 762.66255 14.454 0.004
 763.64921 14.454 0.004
 763.75997 14.451 0.004
 765.58127 14.454 0.004
 766.61875 14.456 0.004
 766.72162 14.452 0.004
 767.62625 14.456 0.004
 767.68790 14.465 0.004
 767.76416 14.455 0.004
 769.60908 14.451 0.004
 769.68281 14.450 0.004
 770.61523 14.457 0.004
 771.64829 14.457 0.004
 772.61014 14.468 0.004
 773.61527 14.467 0.004
 773.76746 14.462 0.004
 774.60825 14.461 0.004
 775.56614 14.462 0.004
 776.64707 14.460 0.004
 777.62132 14.465 0.004
 778.62469 14.464 0.004
 779.65165 14.457 0.004
 779.76193 14.455 0.004
 780.65146 14.453 0.004
 781.56581 14.457 0.004
 781.74627 14.463 0.004
 782.63134 14.453 0.004
 782.76067 14.446 0.004
 783.54830 14.442 0.004
 784.59030 14.448 0.004
 785.61713 14.433 0.004
 785.76271 14.434 0.004
 786.62080 14.438 0.004
 787.70125 14.430 0.004
 788.63410 14.429 0.004
 788.65965 14.433 0.004
 790.58279 14.430 0.004
 792.56074 14.448 0.004
 795.62542 14.454 0.004
 796.55434 14.451 0.004
 796.73966 14.451 0.004
 797.71447 14.457 0.004
 798.57715 14.457 0.004
 799.71509 14.461 0.004
 800.63012 14.460 0.004
 802.69013 14.475 0.004
 805.61744 14.468 0.004
 806.62762 14.444 0.004
 808.55906 14.448 0.004
 816.69005 14.455 0.004
 817.60012 14.449 0.004
 819.56289 14.451 0.004
 820.63922 14.455 0.004
 822.55976 14.452 0.004
 824.58558 14.447 0.004
 825.65872 14.457 0.004
 828.61888 14.444 0.004
 829.58548 14.441 0.004
 832.59236 14.463 0.004
 833.61224 14.460 0.004
 834.58183 14.452 0.004
 836.55995 14.449 0.004
 838.59294 14.445 0.004
 840.60269 14.446 0.004
 845.55410 14.443 0.004
 850.57758 14.449 0.004
 855.58257 14.442 0.004
 859.57037 14.434 0.004
 866.53490 14.440 0.004
 875.52499 14.452 0.004
 962.93871 14.441 0.004
 966.93818 14.452 0.004
 970.91460 14.455 0.004
 976.89522 14.452 0.004
 982.88311 14.446 0.004
 986.84964 14.449 0.004
 987.86321 14.440 0.004
 991.93151 14.435 0.004
 996.93521 14.427 0.004
 998.90626 14.423 0.004
1004.80489 14.434 0.004
1006.83346 14.442 0.004
1020.90296 14.428 0.004
1035.75568 14.419 0.004
1037.78488 14.429 0.004
1041.79304 14.425 0.004
1045.75477 14.428 0.004
1052.77887 14.426 0.004
1055.65206 14.423 0.004
1058.86406 14.420 0.004
1059.78205 14.414 0.004
1061.73479 14.417 0.004
1064.81872 14.406 0.004
1068.72013 14.408 0.004
1072.70027 14.408 0.004
1076.67803 14.419 0.004
1078.68861 14.422 0.004
1081.70115 14.411 0.004
1084.63934 14.412 0.004
1087.65923 14.407 0.004
1090.71563 14.402 0.004
1092.74773 14.397 0.004
1094.65440 14.400 0.004
1106.71944 14.401 0.004
1110.63856 14.399 0.004
1116.59704 14.390 0.004
1120.58564 14.398 0.004
1126.66096 14.386 0.004
1129.55939 14.396 0.004
1132.54247 14.391 0.004
1135.59256 14.380 0.004
1138.64222 14.378 0.004
1140.61961 14.386 0.004
1144.67720 14.377 0.004
1151.55681 14.396 0.004
1155.55841 14.388 0.004
1159.55385 14.389 0.004
1162.58626 14.387 0.004
1164.69983 14.392 0.004
1170.55823 14.380 0.004
1178.66833 14.379 0.004
1182.68019 14.384 0.004
1183.71855 14.377 0.004
1185.70173 14.382 0.004
1188.70102 14.380 0.004
1191.58479 14.378 0.004
1202.59989 14.374 0.004
1205.55131 14.362 0.004
1211.57177 14.378 0.004
1217.58240 14.375 0.004
1220.58491 14.380 0.004
1229.53764 14.369 0.004
1238.53388 14.395 0.004
1327.91805 14.422 0.004
1330.83474 14.429 0.004
1335.88650 14.406 0.004
1340.90603 14.386 0.004
1348.94211 14.417 0.004
1354.91565 14.409 0.004
1360.93538 14.418 0.004
1365.93160 14.404 0.004
1367.85509 14.410 0.004
1374.92720 14.424 0.004
1394.86335 14.449 0.004
1395.89483 14.445 0.004
1397.81650 14.459 0.004
1401.84353 14.426 0.004
1402.92848 14.402 0.004
1407.85154 14.399 0.004
1412.74686 14.439 0.004
1417.90522 14.425 0.004
1430.73782 14.436 0.004
1432.74853 14.408 0.004
1435.70493 14.418 0.004
1439.67141 14.413 0.004
1442.67509 14.407 0.004
1447.75029 14.411 0.004
1451.68652 14.418 0.004
1455.70623 14.415 0.004
1458.74364 14.421 0.004
1460.74695 14.423 0.004
1462.65258 14.425 0.004
1470.65884 14.423 0.004
1471.77797 14.421 0.004
1472.64606 14.409 0.004
1475.65174 14.412 0.004
1477.58082 14.414 0.004
1481.59857 14.419 0.004
1484.64753 14.422 0.004
1487.64261 14.416 0.004
1490.68140 14.424 0.004
1492.58104 14.419 0.004
1495.53784 14.423 0.004
1499.56647 14.425 0.004
1502.56457 14.446 0.004
1505.63116 14.438 0.004
1508.56654 14.436 0.004
1509.54283 14.437 0.004
1512.64469 14.452 0.004
1515.61939 14.446 0.004
1517.62288 14.436 0.004
1520.61003 14.442 0.004
1524.55775 14.456 0.004
1526.59785 14.479 0.004
1531.64945 14.490 0.004
1543.60693 14.469 0.004
1546.62176 14.493 0.004
1551.58355 14.538 0.004
1555.61703 14.498 0.004
1562.59564 14.501 0.004
1569.57480 14.534 0.004
1575.60062 14.525 0.004
1580.57560 14.562 0.004
1583.57826 14.564 0.004
1587.55806 14.540 0.004
1597.54352 14.564 0.004
1603.55163 14.575 0.004
1608.52735 14.582 0.004
1701.90907 14.579 0.004
1703.91221 14.542 0.004
1705.91775 14.534 0.004
1716.87811 14.524 0.004
1717.88851 14.526 0.004
1729.92419 14.520 0.004
1732.89399 14.518 0.004
1740.84501 14.537 0.004
1742.89278 14.522 0.004
1744.86194 14.523 0.004
1745.88614 14.517 0.004
1749.86660 14.501 0.004
1750.83851 14.503 0.004
1751.85037 14.506 0.004
1752.81169 14.502 0.004
1753.81276 14.509 0.004
1754.83942 14.507 0.004
1755.80476 14.514 0.004
1756.83424 14.512 0.004
1757.78344 14.525 0.004
1758.78794 14.532 0.004
1759.83230 14.535 0.004
1761.81335 14.520 0.004
1762.79973 14.508 0.004
1763.80273 14.516 0.004
1764.79523 14.503 0.004
1765.78969 14.510 0.004
1766.73073 14.505 0.004
1768.80985 14.493 0.004
1769.71923 14.496 0.004
1770.83117 14.499 0.004
1771.83528 14.507 0.004
1772.77766 14.505 0.004
1773.74499 14.508 0.004
1776.76779 14.521 0.004
1784.74443 14.502 0.004
1787.88691 14.524 0.004
1788.80995 14.502 0.004
1803.77029 14.517 0.004
1806.76440 14.509 0.004
1808.83404 14.543 0.004
1811.76243 14.540 0.004
1814.80927 14.541 0.004
1817.77492 14.539 0.004
1822.65238 14.554 0.004
1826.80349 14.560 0.004
1829.74577 14.601 0.004
1833.79233 14.612 0.004
1846.79377 14.681 0.004
1850.75050 14.697 0.004
1854.80658 14.706 0.004
1858.73045 14.733 0.004
1862.72934 14.742 0.004
1867.75381 14.769 0.004
1871.76039 14.797 0.004
2085.90914 14.555 0.005
2086.88843 14.558 0.005
2103.89525 14.530 0.005
2105.92315 14.545 0.005
2106.89098 14.551 0.005
2112.84336 14.543 0.005
2116.87111 14.551 0.005
2123.81803 14.537 0.005
2124.83847 14.547 0.005
2128.82553 14.546 0.005
2129.85750 14.548 0.005
2130.84387 14.548 0.005
2131.83748 14.548 0.005
2132.80627 14.554 0.005
2133.89460 14.558 0.005
2134.81000 14.551 0.005
2135.84408 14.524 0.005
2137.89208 14.540 0.005
2140.81134 14.523 0.005
2142.75205 14.542 0.005
2143.81755 14.528 0.005
2144.82425 14.535 0.005
2155.87863 14.534 0.005
2156.82521 14.525 0.005
2160.75460 14.534 0.005
2162.76139 14.520 0.005
2166.75600 14.525 0.005
2167.76446 14.516 0.005
2168.71363 14.536 0.005
2171.73955 14.530 0.005
2172.74617 14.521 0.005
2177.63966 14.528 0.005
2184.70130 14.529 0.005
2185.66480 14.535 0.005
2186.68965 14.526 0.005
2187.68483 14.525 0.005
2188.73199 14.546 0.005
2190.69136 14.525 0.005
2191.66474 14.522 0.005
2192.66325 14.513 0.005
2193.68432 14.512 0.005
2194.65442 14.518 0.005
2203.55089 14.536 0.005
2206.60721 14.519 0.005
2211.64130 14.497 0.005
2212.64513 14.502 0.005
2213.65095 14.506 0.005
2214.64214 14.506 0.005
2215.64912 14.508 0.005
2217.63582 14.500 0.005
2219.67868 14.500 0.005
2224.71356 14.496 0.005
2226.63643 14.506 0.005
2228.55833 14.499 0.005
2229.61659 14.502 0.005
2231.64326 14.509 0.005
2232.50999 14.507 0.005
2233.61341 14.504 0.005
2235.66353 14.496 0.005
2238.54707 14.493 0.005
2240.65138 14.501 0.005
2242.61889 14.500 0.005
2248.60354 14.484 0.005
2250.57686 14.502 0.005
2253.57050 14.486 0.005
2255.60716 14.490 0.005
2258.57346 14.482 0.005
2263.58419 14.487 0.005
2266.55498 14.483 0.005
2271.56456 14.457 0.005
2273.56390 14.477 0.005
2275.59883 14.475 0.005
2276.55838 14.483 0.005
2278.59096 14.470 0.005
2280.58682 14.471 0.005
2284.58970 14.468 0.005
2290.60368 14.488 0.005
2293.56596 14.473 0.005
2295.55870 14.466 0.005
2297.56199 14.465 0.005
2299.56109 14.482 0.005
2301.55335 14.460 0.005
2445.91192 14.501 0.005
2460.87884 14.498 0.006
2463.91518 14.493 0.005
2465.92794 14.488 0.005
2467.90093 14.494 0.005
2469.90031 14.484 0.005
2471.88975 14.502 0.005
2472.91922 14.498 0.005
2473.89113 14.486 0.005
2481.90282 14.490 0.005
2483.88864 14.491 0.005
2486.88565 14.497 0.005
2488.87656 14.507 0.006
2489.92299 14.489 0.005
2492.90335 14.496 0.005
2495.89338 14.488 0.005
2496.90310 14.477 0.005
2497.92651 14.473 0.005
2498.77378 14.491 0.005
2499.85936 14.474 0.005
2500.86493 14.477 0.005
2501.85389 14.482 0.005
2502.83412 14.483 0.005
2508.74536 14.485 0.005
2516.77666 14.485 0.005
2517.82340 14.479 0.005
2518.79484 14.476 0.005
2519.83174 14.472 0.005
2520.79113 14.464 0.005
2521.82327 14.460 0.005
2524.82152 14.473 0.005
2526.77770 14.469 0.005
2534.83408 14.475 0.005
2535.81429 14.473 0.005
2537.70207 14.482 0.005
2538.79803 14.461 0.005
2539.70185 14.468 0.005
2540.74273 14.475 0.006
2541.71375 14.469 0.005
2542.68354 14.470 0.005
2544.66208 14.461 0.005
2545.67711 14.464 0.005
2547.69512 14.467 0.005
2548.71156 14.459 0.005
2550.70669 14.470 0.005
2551.69333 14.465 0.005
2553.64905 14.478 0.005
2554.70257 14.473 0.005
2555.71050 14.467 0.005
2556.68952 14.463 0.005
2557.70206 14.458 0.005
2558.65854 14.464 0.005
2559.61544 14.461 0.005
2560.64850 14.459 0.005
2561.67405 14.463 0.005
2562.66694 14.451 0.005
2563.67487 14.451 0.005
2564.69026 14.451 0.005
2565.68116 14.452 0.005
2566.66144 14.449 0.005
2568.69242 14.451 0.005
2571.64511 14.446 0.005
2573.65854 14.432 0.005
2574.64237 14.448 0.005
2577.62924 14.453 0.005
2578.62931 14.444 0.005
2579.63596 14.449 0.005
2580.64808 14.445 0.005
2583.61939 14.439 0.005
2584.62675 14.435 0.005
2586.62397 14.438 0.005
2587.60838 14.442 0.005
2588.71680 14.453 0.005
2589.59832 14.452 0.005
2590.61345 14.446 0.005
2591.63659 14.438 0.005
2593.60559 14.436 0.005
2594.60936 14.445 0.005
2596.58489 14.438 0.005
2597.57206 14.428 0.005
2598.64593 14.435 0.005
2599.60541 14.436 0.005
2607.62660 14.461 0.005
2610.54642 14.455 0.005
2613.54032 14.450 0.005
2615.56917 14.453 0.005
2619.55687 14.450 0.005
2621.56577 14.442 0.005
2625.54841 14.451 0.005
2628.54178 14.453 0.006
2632.54820 14.460 0.005
2636.54337 14.452 0.005
2639.54386 14.446 0.005
2642.55261 14.451 0.005
2646.56543 14.449 0.005
2651.53746 14.453 0.005
2654.55527 14.443 0.005
2657.55813 14.433 0.005
2660.55391 14.449 0.005
2671.55158 14.450 0.005
2673.56338 14.455 0.005
2676.52475 14.456 0.005
2679.53811 14.441 0.005
2682.54043 14.456 0.005
2777.90295 14.421 0.005
2804.86989 14.409 0.005
2811.90436 14.418 0.006
2814.94001 14.411 0.005
2817.92658 14.410 0.005
2825.90438 14.417 0.005
2831.78143 14.404 0.005
2832.74739 14.404 0.005
2832.92536 14.402 0.005
2833.86530 14.406 0.005
2835.87395 14.398 0.005
2837.87502 14.423 0.006
2838.93218 14.417 0.005
2840.82492 14.408 0.005
2843.82636 14.400 0.005
2844.87219 14.406 0.005
2845.91818 14.411 0.005
2849.85561 14.399 0.005
2850.88837 14.403 0.005
2851.93194 14.404 0.005
2852.80262 14.393 0.005
2853.94203 14.387 0.005
2856.81529 14.393 0.005
2858.90934 14.395 0.005
2860.87534 14.400 0.005
2861.74651 14.401 0.005
2862.92552 14.406 0.005
2863.83472 14.400 0.005
2865.83162 14.392 0.005
2866.88126 14.398 0.005
2867.82127 14.393 0.005
2868.76894 14.395 0.005
2869.90194 14.399 0.005
2870.81554 14.397 0.005
2871.85846 14.397 0.005
2875.79802 14.393 0.005
2876.77573 14.402 0.005
2877.79763 14.408 0.005
2879.73926 14.397 0.005
2883.82540 14.393 0.005
2885.76020 14.387 0.005
2888.80852 14.388 0.005
2892.79988 14.402 0.005
2894.72904 14.395 0.005
2896.72614 14.394 0.005
2898.74712 14.386 0.005
2900.74596 14.388 0.005
2902.74548 14.381 0.005
2905.75268 14.395 0.005
2907.75408 14.388 0.005
2909.74319 14.390 0.005
2911.73455 14.376 0.005
2915.70602 14.380 0.005
2917.73213 14.378 0.005
2921.72988 14.378 0.005
2923.75183 14.375 0.005
2925.71480 14.378 0.005
2927.71233 14.379 0.005
2930.73038 14.379 0.005
2932.73689 14.377 0.005
2934.71672 14.382 0.005
2937.64073 14.381 0.005
2939.69337 14.370 0.005
2940.63350 14.372 0.005
2941.68332 14.359 0.005
2942.63345 14.363 0.005
2943.60468 14.370 0.005
2944.58927 14.368 0.005
2945.60604 14.367 0.005
2947.61554 14.370 0.005
2949.59685 14.366 0.005
2950.64160 14.366 0.005
2951.62878 14.365 0.005
2952.65771 14.365 0.005
2954.68263 14.370 0.005
2956.62862 14.367 0.005
2958.62303 14.362 0.005
2961.59410 14.375 0.005
2968.59386 14.359 0.005
2970.61311 14.351 0.005
2972.59760 14.355 0.005
2974.59835 14.361 0.005
2976.54805 14.359 0.005
2978.57415 14.367 0.005
2980.59102 14.367 0.005
2982.53624 14.358 0.005
2984.62711 14.355 0.005
2986.63724 14.352 0.005
2988.52960 14.366 0.005
2991.60267 14.356 0.005
2994.58439 14.351 0.005
2997.55718 14.353 0.005
3001.57363 14.351 0.005
3005.53170 14.347 0.005
3008.55336 14.355 0.005
3008.55802 14.354 0.005
3011.56139 14.352 0.005
3016.58805 14.348 0.005
3018.57452 14.342 0.005
3020.60257 14.347 0.005
3021.61538 14.340 0.005
3023.57128 14.342 0.005
3025.56979 14.352 0.005
3027.60330 14.336 0.005
3029.57520 14.340 0.005
3031.57974 14.343 0.005
3033.58211 14.335 0.005
3037.52913 14.340 0.005
3164.92956 14.335 0.005
3177.91731 14.342 0.005
3183.91153 14.335 0.005
3193.87929 14.337 0.005
3195.93849 14.333 0.005
3197.91395 14.334 0.005
3201.87137 14.335 0.005
3203.87932 14.336 0.005
3206.81719 14.345 0.005
3210.89322 14.337 0.005
3211.88465 14.327 0.005
3215.66076 14.338 0.005
3216.72877 14.344 0.005
3217.92930 14.337 0.005
3218.91393 14.348 0.005
3223.83478 14.345 0.005
3226.82503 14.346 0.005
3229.83216 14.343 0.005
3231.81430 14.344 0.005
3239.79267 14.328 0.005
3240.78993 14.349 0.005
3241.81429 14.332 0.005
3242.71361 14.326 0.005
3243.85006 14.342 0.005
3244.82725 14.330 0.005
3245.77639 14.342 0.005
3246.76884 14.351 0.005
3247.76260 14.337 0.005
3249.72731 14.338 0.005
3251.74083 14.341 0.005
3254.72795 14.334 0.005
3257.74436 14.328 0.005
3259.66354 14.341 0.005
3261.70164 14.333 0.005
3263.68434 14.334 0.005
3265.71873 14.336 0.005
3267.70757 14.333 0.005
3269.78399 14.345 0.005
3270.74081 14.341 0.005
3271.66364 14.340 0.005
3272.72083 14.328 0.005
3274.70670 14.327 0.005
3276.71113 14.336 0.005
3277.74427 14.322 0.005
3279.67659 14.335 0.005
3281.64027 14.324 0.005
3283.64171 14.324 0.005
3287.60793 14.325 0.005
3289.61900 14.330 0.005
3293.59579 14.321 0.005
3295.61458 14.319 0.005
3297.59633 14.325 0.005
3299.65270 14.323 0.005
3301.62694 14.333 0.005
3303.68919 14.330 0.005
3306.62174 14.330 0.005
3308.60946 14.338 0.005
3310.60859 14.327 0.005
3312.65261 14.329 0.005
3314.56347 14.335 0.005
3320.60130 14.328 0.005
3327.55626 14.336 0.005
3330.55049 14.333 0.005
3335.59532 14.329 0.005
3338.59893 14.325 0.005
3349.59526 14.324 0.005
3353.57435 14.328 0.005
3359.55088 14.322 0.005
3363.55822 14.320 0.005
3367.61754 14.322 0.005
3372.54829 14.323 0.005
3376.52760 14.313 0.005
3378.59455 14.327 0.005
3386.56098 14.327 0.005
3390.57456 14.333 0.005
3398.55632 14.335 0.005
3402.54472 14.337 0.005
3528.93692 14.342 0.005
3541.92972 14.338 0.005
3547.91431 14.335 0.005
3554.92252 14.349 0.005
3560.94464 14.344 0.005
3564.90680 14.342 0.005
3568.83766 14.347 0.005
3570.77838 14.352 0.005
3571.80071 14.353 0.005
3573.83820 14.349 0.005
3574.87719 14.358 0.005
3577.83586 14.357 0.005
3578.89443 14.359 0.005
3579.79927 14.341 0.005
3581.84420 14.351 0.005
3581.86691 14.344 0.005
3582.82909 14.361 0.005
3583.83350 14.345 0.005
3584.80520 14.342 0.005
3586.80784 14.346 0.005
3588.82573 14.348 0.005
3589.81854 14.350 0.005
3591.87334 14.365 0.005
3593.81090 14.370 0.005
3596.89136 14.364 0.005
3601.80899 14.350 0.005
3607.81440 14.345 0.005
3614.78579 14.366 0.005
3617.76529 14.354 0.005
3619.69821 14.353 0.005
3621.71667 14.364 0.005
3624.86497 14.373 0.005
3626.71435 14.369 0.005
3629.66796 14.370 0.005
3631.73033 14.388 0.005
3633.69564 14.373 0.005
3637.64955 14.378 0.005
3639.69963 14.381 0.005
3641.69619 14.376 0.005
3643.72056 14.375 0.005
3646.65552 14.379 0.005
3650.65877 14.368 0.005
3650.68281 14.372 0.005
3651.73275 14.371 0.005
3653.72891 14.363 0.005
3655.69509 14.370 0.005
3657.64587 14.382 0.005
3658.65030 14.391 0.005
3659.63835 14.396 0.005
3660.66847 14.393 0.005
3663.55998 14.409 0.005
3665.63356 14.403 0.005
3668.57198 14.385 0.005
3669.67074 14.379 0.005
3671.62890 14.368 0.005
3673.67376 14.357 0.005
3675.65834 14.350 0.005
3681.62964 14.372 0.005
3681.64927 14.370 0.005
3683.64765 14.375 0.005
3685.65278 14.368 0.005
3687.65145 14.365 0.005
3689.59984 14.367 0.005
3692.57568 14.361 0.005
3694.55966 14.372 0.005
3696.56018 14.366 0.005
3698.59387 14.377 0.005
3700.57480 14.383 0.005
3702.58409 14.378 0.005
3704.59036 14.372 0.005
3706.61079 14.371 0.005
3708.58367 14.372 0.005
3711.59026 14.372 0.005
3714.52401 14.377 0.005
3718.60452 14.361 0.005
3721.55342 14.366 0.005
3724.56310 14.372 0.005
3726.58366 14.382 0.005
3728.55677 14.391 0.005
3734.56022 14.393 0.005
3737.57590 14.365 0.005
3742.53452 14.367 0.005
3746.55980 14.379 0.005
3751.53618 14.382 0.005
3756.55244 14.363 0.005
3761.60271 14.373 0.005
3766.52751 14.387 0.005
3772.55033 14.377 0.005
3776.55040 14.374 0.005
3871.87630 14.376 0.005
3901.93882 14.361 0.005
3906.93909 14.360 0.005
3913.91603 14.350 0.005
3918.87954 14.356 0.005
3931.91488 14.356 0.005
3934.85790 14.358 0.005
3936.86610 14.368 0.005
3938.85009 14.360 0.005
3944.89748 14.353 0.005
3946.86561 14.350 0.005
3951.88502 14.360 0.005
3955.85015 14.359 0.005
3958.82667 14.355 0.005
3960.82682 14.351 0.005
3963.82353 14.351 0.005
3965.81541 14.345 0.005
3967.83526 14.329 0.005
3969.80090 14.349 0.005
3971.77709 14.343 0.005
3974.77883 14.348 0.005
3979.73419 14.355 0.005
3980.61754 14.358 0.005
3981.64383 14.345 0.005
3983.83415 14.357 0.005
3986.69571 14.349 0.005
3987.66675 14.346 0.005
3990.79002 14.329 0.005
3993.73482 14.350 0.005
3995.74009 14.339 0.005
3999.74936 14.333 0.005
4002.72150 14.345 0.005
4004.67329 14.351 0.005
4006.69950 14.348 0.005
4007.56288 14.351 0.005
4008.57181 14.351 0.005
4009.73327 14.359 0.005
4013.69838 14.340 0.005
4015.68067 14.346 0.005
4015.69690 14.348 0.005
4018.69606 14.349 0.005
4019.68463 14.343 0.005
4021.67712 14.354 0.005
4024.65059 14.363 0.005
4026.62947 14.361 0.005
4028.62543 14.365 0.005
4030.63799 14.356 0.005
4032.69009 14.354 0.005
4037.66628 14.348 0.005
4039.60422 14.357 0.005
4041.60374 14.367 0.005
4043.58944 14.361 0.005
4046.59877 14.356 0.005
4048.56467 14.363 0.005
4050.60679 14.355 0.005
4052.55889 14.356 0.005
4054.61307 14.366 0.005
4056.58516 14.354 0.005
4058.61871 14.345 0.005
4060.51755 14.358 0.005
4064.51518 14.355 0.005
4066.55665 14.350 0.005
4069.51502 14.360 0.005
4073.59859 14.360 0.005
4077.52194 14.361 0.005
4079.52388 14.359 0.005
4082.52384 14.353 0.005
4085.56155 14.348 0.005
4092.55760 14.353 0.005
4096.58355 14.369 0.005
4100.58634 14.368 0.005
4105.55417 14.369 0.005
4108.53042 14.360 0.005
4113.60831 14.373 0.005
4120.57914 14.376 0.005
4126.57697 14.372 0.005
4252.92626 14.392 0.005
4255.84555 14.393 0.005
4268.89906 14.397 0.005
4275.92119 14.412 0.005
4279.79887 14.413 0.005
4282.80943 14.409 0.005
4283.86237 14.402 0.005
4285.91669 14.394 0.005
4291.93747 14.382 0.005
4292.85599 14.390 0.005
4295.86004 14.395 0.005
4296.88980 14.402 0.005
4297.92266 14.403 0.005
4299.85747 14.395 0.005
4300.87896 14.395 0.005
4301.89697 14.390 0.005
4302.91858 14.397 0.005
4306.86321 14.399 0.005
4307.89749 14.386 0.005
4308.65864 14.408 0.005
4308.86662 14.388 0.005
4310.83897 14.399 0.005
4311.82652 14.400 0.005
4312.90040 14.396 0.005
4314.91987 14.405 0.005
4316.82641 14.403 0.005
4319.86359 14.416 0.005
4320.89045 14.398 0.005
4326.83432 14.402 0.005
4327.81259 14.408 0.005
4328.82822 14.405 0.005
4329.83076 14.405 0.005
4330.85900 14.404 0.005
4333.86030 14.401 0.005
4338.90068 14.411 0.005
4340.77316 14.409 0.005
4341.76831 14.416 0.005
4342.82417 14.402 0.005
4343.76181 14.420 0.005
4344.74396 14.415 0.005
4345.78995 14.413 0.005
4347.77884 14.418 0.005
4349.79203 14.413 0.005
4351.72913 14.418 0.005
4353.75235 14.401 0.005
4357.70122 14.398 0.005
4359.69915 14.387 0.005
4361.70171 14.403 0.005
4362.72443 14.419 0.005
4364.58347 14.407 0.005
4367.68098 14.409 0.005
4370.67263 14.392 0.005
4372.73610 14.399 0.005
4376.65149 14.392 0.005
4378.61807 14.397 0.005
4379.64603 14.405 0.005
4380.75888 14.397 0.005
4382.68633 14.407 0.005
4386.66139 14.407 0.005
4388.66187 14.399 0.005
4390.67086 14.399 0.005
4393.64464 14.396 0.005
4395.67952 14.399 0.005
4398.64496 14.400 0.005
4400.66784 14.391 0.005
4403.69363 14.412 0.005
4407.63372 14.405 0.005
4408.67990 14.409 0.005
4410.70284 14.406 0.005
4415.68697 14.403 0.005
4418.59364 14.399 0.005
4422.65487 14.398 0.005
4424.65193 14.394 0.005
4427.53863 14.395 0.005
4429.56456 14.400 0.005
4431.56900 14.402 0.005
4433.57486 14.401 0.005
4435.56321 14.397 0.005
4437.65225 14.404 0.005
4439.56412 14.399 0.005
4441.59995 14.402 0.005
4443.59068 14.404 0.005
4449.64470 14.398 0.005
4451.59983 14.403 0.005
4453.58181 14.402 0.005
4456.58324 14.404 0.005
4459.53574 14.401 0.005
4464.57543 14.393 0.005
4465.54136 14.394 0.005
4470.56029 14.401 0.005
4474.59679 14.394 0.005
4476.57493 14.388 0.005
4479.59974 14.400 0.005
4481.58441 14.404 0.005
4484.60109 14.385 0.005
4487.62265 14.389 0.005
4609.89594 14.357 0.005
4643.88061 14.362 0.005
4649.93082 14.355 0.005
4661.89396 14.356 0.005
4662.77668 14.366 0.005
4662.89360 14.364 0.005
4663.74837 14.374 0.005
4663.93227 14.365 0.005
4665.82132 14.360 0.005
4665.91527 14.366 0.005
4666.90913 14.361 0.005
4670.90358 14.350 0.005
4671.81782 14.354 0.005
4672.87754 14.355 0.005
4675.89515 14.350 0.005
4681.87488 14.353 0.005
4683.87013 14.358 0.005
4685.85625 14.359 0.005
4688.80759 14.356 0.005
4690.73315 14.357 0.005
4691.73602 14.353 0.005
4693.89111 14.355 0.005
4696.84103 14.361 0.005
4698.75286 14.353 0.005
4699.74687 14.357 0.005
4700.78438 14.355 0.005
4701.78958 14.358 0.005
4702.84972 14.357 0.005
4703.74876 14.357 0.005
4704.76761 14.355 0.005
4705.77485 14.361 0.005
4707.76752 14.345 0.005
4708.83578 14.360 0.005
4710.75175 14.353 0.005
4716.75326 14.352 0.005
4719.74543 14.353 0.005
4721.73439 14.351 0.005
4724.76409 14.354 0.005
4726.65976 14.356 0.005
4729.67074 14.365 0.005
4731.76099 14.360 0.005
4734.74331 14.358 0.005
4736.70809 14.351 0.005
4739.64937 14.357 0.005
4741.72395 14.357 0.005
4747.59056 14.342 0.005
4749.59013 14.360 0.005
4753.65929 14.355 0.005
4755.65321 14.351 0.005
4757.63765 14.353 0.005
4759.65027 14.357 0.005
4761.62054 14.350 0.005
4763.63318 14.357 0.005
4766.60140 14.349 0.005
4769.63947 14.360 0.005
4771.55054 14.353 0.005
4773.67535 14.354 0.005
4775.66219 14.351 0.005
4777.59594 14.361 0.005
4779.63153 14.358 0.005
4781.58145 14.356 0.005
4783.56507 14.356 0.005
4785.59617 14.346 0.005
4787.55254 14.347 0.005
4789.53158 14.370 0.005
4790.61380 14.350 0.005
4791.61210 14.352 0.005
4793.51623 14.359 0.005
4795.53328 14.356 0.005
4797.52548 14.356 0.005
4798.58878 14.371 0.005
4800.63607 14.354 0.005
4803.52739 14.354 0.005
4804.57757 14.360 0.005
4806.58659 14.364 0.005
4808.54482 14.358 0.005
4808.61232 14.365 0.005
4810.55526 14.362 0.005
4813.59461 14.358 0.005
4815.57074 14.367 0.005
4817.58728 14.363 0.005
4819.58688 14.359 0.005
4821.62878 14.356 0.005
4823.58957 14.357 0.005
4825.61801 14.369 0.005
4832.59113 14.374 0.005
4835.57295 14.365 0.005
4839.59446 14.369 0.005
4842.56152 14.353 0.005
4844.57001 14.361 0.005
4847.62632 14.368 0.005
4849.58618 14.362 0.005
4853.58361 14.354 0.005
4856.57754 14.355 0.005
4865.55067 14.351 0.005
4936.91655 14.357 0.005
4940.89923 14.366 0.005
4940.90309 14.364 0.005
4953.89694 14.366 0.005
4954.88836 14.360 0.005
