621.356 15.388 0.005
626.439 15.388 0.004
627.405 15.386 0.005
628.414 15.390 0.005
629.358 15.380 0.005
632.414 15.378 0.005
633.419 15.374 0.004
635.414 15.363 0.005
643.383 15.379 0.004
645.386 15.372 0.004
649.355 15.365 0.005
671.361 15.379 0.004
672.415 15.395 0.004
673.419 15.372 0.004
685.232 15.381 0.004
686.275 15.398 0.004
688.379 15.392 0.004
689.269 15.391 0.004
698.381 15.387 0.005
700.247 15.392 0.004
701.219 15.402 0.005
704.191 15.396 0.007
707.251 15.381 0.007
708.219 15.396 0.007
712.219 15.383 0.004
713.257 15.394 0.004
722.146 15.385 0.005
726.239 15.401 0.005
730.128 15.395 0.005
742.272 15.382 0.005
744.224 15.391 0.004
752.288 15.388 0.005
753.228 15.384 0.004
754.195 15.396 0.005
762.219 15.402 0.005
763.184 15.397 0.005
763.272 15.399 0.005
764.19 15.402 0.008
766.171 15.397 0.005
767.233 15.401 0.007
771.065 15.396 0.005
772.245 15.393 0.005
774.156 15.410 0.004
776.25 15.402 0.005
778.17 15.405 0.005
780.233 15.391 0.005
782.149 15.385 0.005
783.095 15.398 0.005
787.125 15.379 0.005
790.092 15.392 0.004
796.195 15.393 0.005
802.145 15.403 0.008
816.145 15.414 0.004
817.141 15.403 0.005
819.12 15.389 0.004
822.106 15.390 0.004
824.126 15.383 0.005
825.114 15.394 0.005
828.159 15.396 0.005
829.126 15.394 0.005
830.043 15.390 0.005
832.133 15.392 0.004
836.1 15.391 0.005
838.119 15.389 0.005
840.112 15.378 0.005
842.068 15.391 0.004
843.114 15.389 0.005
856.057 15.391 0.007
858.025 15.393 0.005
860.026 15.383 0.009
867.023 15.374 0.005
874.021 15.380 0.005
963.405 15.382 0.004
986.391 15.400 0.004
987.403 15.386 0.004
1005.35 15.385 0.005
1008.38 15.395 0.005
1020.34 15.394 0.005
1025.33 15.378 0.005
1035.3 15.390 0.004
1037.33 15.391 0.005
1038.34 15.404 0.005
1041.33 15.389 0.004
1053.22 15.393 0.004
1058.28 15.395 0.004
1059.33 15.400 0.005
1061.32 15.378 0.004
1064.27 15.381 0.004
1069.19 15.374 0.004
1074.17 15.389 0.008
1077.16 15.371 0.004
1079.16 15.384 0.004
1081.21 15.375 0.004
1090.14 15.379 0.005
1094.2 15.357 0.004
1095.23 15.374 0.005
1102.17 15.367 0.004
1107.13 15.372 0.004
1117.12 15.373 0.004
1122.13 15.369 0.004
1128.08 15.383 0.005
1132.11 15.372 0.004
1138.15 15.397 0.004
1140.16 15.379 0.004
1144.19 15.379 0.004
1151.1 15.377 0.004
1154.06 15.371 0.005
1157.07 15.358 0.004
1163.17 15.386 0.005
1164.21 15.380 0.004
1170.07 15.363 0.004
1178.19 15.376 0.005
1182.19 15.374 0.005
1202.11 15.375 0.005
1208.08 15.366 0.007
1211.09 15.371 0.005
1216.08 15.379 0.005
1219.08 15.382 0.005
1234.03 15.368 0.007
1235.02 15.376 0.005
1330.43 15.359 0.005
1335.4 15.364 0.005
1347.43 15.369 0.005
1369.39 15.377 0.007
1412.29 15.382 0.005
1432.29 15.376 0.004
1435.21 15.382 0.005
1447.21 15.384 0.005
1451.2 15.388 0.005
1454.19 15.380 0.005
1460.14 15.394 0.005
1470.11 15.386 0.005
1480.2 15.391 0.005
1489.09 15.386 0.004
1491.15 15.387 0.005
1495.05 15.380 0.005
1499.02 15.394 0.005
1502.11 15.390 0.005
1506.1 15.395 0.005
1509.08 15.394 0.004
1514.16 15.381 0.005
1517.08 15.379 0.005
1520.12 15.385 0.004
1522.15 15.392 0.005
1525.04 15.374 0.005
1528.14 15.389 0.004
1562.11 15.363 0.005
1579.06 15.377 0.005
1581.09 15.375 0.004
1584.07 15.380 0.005
1586.08 15.381 0.004
1588.05 15.385 0.007
1592.08 15.380 0.005
1597.05 15.390 0.005
1602.05 15.376 0.005
1607.04 15.395 0.005
1702.41 15.426 0.007
1704.37 15.420 0.004
1706.41 15.402 0.005
1726.44 15.390 0.005
1730.43 15.423 0.004
1740.39 15.410 0.005
1744.4 15.412 0.005
1745.4 15.414 0.005
1749.38 15.401 0.004
1750.38 15.408 0.004
1751.36 15.396 0.004
1752.35 15.415 0.005
1753.35 15.399 0.004
1754.35 15.416 0.005
1755.35 15.411 0.007
1756.38 15.416 0.007
1757.32 15.414 0.005
1758.33 15.412 0.005
1759.34 15.411 0.005
1761.36 15.398 0.005
1762.34 15.415 0.004
1763.35 15.406 0.004
1764.34 15.407 0.004
1765.33 15.407 0.005
1766.31 15.428 0.005
1768.32 15.402 0.005
1769.23 15.413 0.004
1770.34 15.441 0.008
1773.3 15.397 0.004
1775.31 15.409 0.004
1829.2 15.443 0.005
2086.42 15.457 0.007
2104.35 15.445 0.006
2106.41 15.447 0.007
2115.4 15.456 0.007
2116.39 15.444 0.006
2117.4 15.453 0.006
2122.33 15.458 0.007
2123.34 15.447 0.006
2124.36 15.441 0.008
2128.34 15.444 0.007
2129.38 15.452 0.006
2130.33 15.466 0.007
2131.32 15.455 0.007
2132.32 15.451 0.007
2133.41 15.465 0.007
2134.33 15.454 0.007
2135.36 15.454 0.006
2136.36 15.449 0.007
2137.41 15.449 0.007
2140.33 15.459 0.007
2142.38 15.452 0.007
2143.34 15.454 0.006
2144.31 15.451 0.006
2155.4 15.439 0.007
2156.34 15.457 0.007
2160.27 15.461 0.007
2162.28 15.449 0.006
2166.28 15.451 0.006
2167.25 15.450 0.006
2168.23 15.454 0.007
2171.26 15.447 0.006
2172.27 15.451 0.006
2173.23 15.467 0.006
2177.16 15.447 0.007
2184.22 15.460 0.007
2185.18 15.464 0.007
2187.17 15.459 0.007
2190.21 15.437 0.007
2191.15 15.444 0.007
2192.18 15.453 0.006
2193.2 15.446 0.006
2194.17 15.445 0.006
2201.24 15.456 0.006
2206.12 15.457 0.008
2211.16 15.448 0.006
2212.16 15.451 0.007
2213.17 15.445 0.007
2214.16 15.457 0.007
2215.18 15.450 0.007
2217.15 15.442 0.007
2219.2 15.445 0.007
2222.25 15.456 0.007
2223.18 15.447 0.007
2225.11 15.447 0.006
2226.16 15.438 0.007
2228.08 15.419 0.006
2230.01 15.423 0.008
2232.03 15.435 0.007
2234.07 15.433 0.006
2236.06 15.433 0.006
2238.06 15.436 0.007
2241.05 15.436 0.007
2243.09 15.439 0.006
2248.13 15.453 0.006
2250.1 15.437 0.006
2253.09 15.438 0.006
2256.07 15.430 0.007
2258.11 15.439 0.006
2263.1 15.437 0.007
2265.13 15.449 0.006
2270.09 15.454 0.006
2272.08 15.453 0.006
2274.07 15.456 0.007
2276.03 15.462 0.008
2280.05 15.452 0.007
2285.09 15.458 0.006
2289.08 15.439 0.006
2291.08 15.446 0.006
2293.08 15.456 0.007
2295.08 15.467 0.007
2297.08 15.452 0.007
2299.08 15.461 0.007
2301.07 15.470 0.007
2448.4 15.448 0.007
2460.4 15.447 0.008
2463.43 15.444 0.007
2466.36 15.428 0.007
2467.42 15.436 0.007
2469.42 15.429 0.006
2471.41 15.440 0.007
2472.4 15.430 0.005
2473.42 15.452 0.006
2481.38 15.440 0.007
2483.41 15.459 0.006
2486.41 15.452 0.008
2488.41 15.453 0.007
2492.42 15.450 0.007
2495.42 15.446 0.005
2496.42 15.440 0.006
2498.29 15.447 0.007
2499.38 15.446 0.006
2500.39 15.437 0.007
2501.37 15.450 0.006
2502.35 15.438 0.007
2508.26 15.433 0.008
2516.3 15.440 0.007
2517.34 15.453 0.007
2518.31 15.450 0.007
2519.31 15.425 0.006
2520.31 15.439 0.007
2521.3 15.439 0.007
2524.3 15.442 0.007
2526.3 15.448 0.006
2529.29 15.452 0.006
2534.35 15.458 0.007
2535.29 15.450 0.007
2537.22 15.443 0.007
2538.32 15.459 0.007
2539.22 15.439 0.007
2540.26 15.444 0.007
2541.23 15.427 0.007
2542.2 15.438 0.006
2544.18 15.426 0.006
2545.19 15.435 0.006
2547.21 15.438 0.007
2548.23 15.436 0.007
2550.23 15.442 0.007
2551.21 15.447 0.007
2552.23 15.443 0.006
2554.22 15.427 0.006
2555.23 15.437 0.006
2556.21 15.423 0.006
2557.22 15.433 0.006
2558.18 15.431 0.006
2559.13 15.426 0.006
2560.17 15.428 0.006
2561.21 15.435 0.007
2562.19 15.433 0.007
2563.19 15.444 0.007
2564.21 15.442 0.007
2565.21 15.442 0.007
2566.18 15.434 0.007
2568.25 15.435 0.007
2571.17 15.438 0.007
2572.24 15.441 0.007
2573.18 15.435 0.007
2574.16 15.426 0.006
2576.19 15.435 0.007
2577.16 15.449 0.007
2578.15 15.441 0.007
2579.16 15.436 0.007
2580.17 15.441 0.006
2583.14 15.445 0.007
2584.14 15.438 0.007
2586.15 15.433 0.006
2587.13 15.443 0.007
2589.12 15.425 0.006
2590.14 15.455 0.007
2591.16 15.443 0.007
2593.12 15.436 0.007
2594.13 15.440 0.007
2596.1 15.421 0.007
2597.09 15.421 0.007
2598.17 15.437 0.007
2599.13 15.422 0.007
2607.15 15.433 0.007
2610.07 15.426 0.007
2613.06 15.446 0.007
2615.09 15.439 0.006
2619.08 15.446 0.007
2621.08 15.433 0.007
2625.07 15.435 0.008
2627.04 15.438 0.007
2630.05 15.441 0.008
2635.07 15.427 0.006
2640.03 15.426 0.007
2642.07 15.426 0.007
2646.08 15.426 0.007
2651.06 15.424 0.007
2654.08 15.420 0.007
2657.04 15.416 0.008
2661.03 15.419 0.006
2664.07 15.426 0.007
2672.05 15.409 0.008
2676.04 15.407 0.007
2679.06 15.400 0.006
2683.04 15.419 0.008
2777.42 15.370 0.007
2804.35 15.371 0.008
2805.37 15.391 0.008
2811.42 15.380 0.007
2815.4 15.377 0.006
2817.45 15.383 0.007
2825.43 15.380 0.006
2830.34 15.364 0.007
2831.31 15.371 0.007
2832.27 15.353 0.007
2832.44 15.370 0.007
2833.38 15.364 0.007
2834.43 15.363 0.007
2836.38 15.376 0.007
2838.34 15.384 0.007
2840.34 15.366 0.007
2843.34 15.371 0.006
2844.39 15.356 0.006
2845.44 15.361 0.007
2849.37 15.370 0.007
2850.41 15.375 0.007
2852.34 15.373 0.007
2854.35 15.370 0.007
2857.35 15.368 0.007
2858.43 15.361 0.006
2860.39 15.363 0.006
2861.27 15.371 0.006
2862.39 15.367 0.007
2865.31 15.364 0.006
2866.4 15.368 0.008
2867.3 15.358 0.007
2868.31 15.367 0.007
2869.29 15.359 0.006
2870.33 15.357 0.006
2871.38 15.368 0.006
2872.33 15.348 0.006
2875.32 15.355 0.007
2876.29 15.351 0.006
2879.22 15.358 0.007
2883.34 15.348 0.006
2885.28 15.347 0.006
2890.21 15.354 0.008
2893.26 15.348 0.006
2895.31 15.335 0.006
2897.21 15.342 0.007
2899.25 15.326 0.006
2903.27 15.322 0.005
2906.22 15.320 0.006
2908.2 15.323 0.007
2910.19 15.323 0.007
2912.2 15.329 0.006
2916.21 15.316 0.006
2918.19 15.323 0.006
2922.19 15.319 0.007
2924.13 15.306 0.006
2926.12 15.323 0.006
2929.18 15.322 0.006
2931.16 15.324 0.006
2933.17 15.323 0.006
2935.13 15.332 0.007
2937.16 15.329 0.007
2939.17 15.321 0.007
2940.15 15.326 0.006
2941.13 15.327 0.006
2942.15 15.333 0.006
2943.12 15.331 0.007
2944.11 15.318 0.006
2946.06 15.329 0.007
2946.1 15.332 0.007
2947.13 15.330 0.007
2949.12 15.320 0.006
2950.07 15.326 0.006
2951.15 15.336 0.007
2953.1 15.325 0.006
2955.08 15.330 0.007
2957.09 15.319 0.006
2960.11 15.323 0.006
2962.15 15.328 0.006
2965.15 15.325 0.006
2968.11 15.322 0.007
2970.13 15.322 0.006
2972.14 15.319 0.006
2975.04 15.319 0.006
2977.14 15.327 0.007
2979.08 15.312 0.007
2983.06 15.312 0.007
2986.08 15.327 0.006
2988.05 15.307 0.007
2991.08 15.316 0.007
2994.06 15.319 0.007
2997.08 15.306 0.006
3000.07 15.314 0.006
3003.05 15.323 0.007
3006.04 15.306 0.006
3009.03 15.319 0.007
3013.04 15.300 0.007
3015.07 15.320 0.006
3018.05 15.321 0.007
3020.08 15.313 0.006
3022.04 15.318 0.007
3024.04 15.310 0.007
3025.1 15.303 0.006
3027.12 15.316 0.006
3029.09 15.302 0.006
3031.1 15.308 0.006
3034.03 15.307 0.007
3037.05 15.314 0.007
3169.43 15.288 0.006
3177.44 15.279 0.006
3183.43 15.271 0.006
3193.4 15.285 0.006
3196.37 15.275 0.006
3197.43 15.282 0.006
3202.36 15.269 0.006
3203.4 15.264 0.006
3206.34 15.282 0.006
3210.41 15.285 0.006
3211.37 15.285 0.006
3215.3 15.294 0.007
3217.3 15.271 0.006
3223.35 15.287 0.006
3228.27 15.275 0.007
3229.35 15.275 0.006
3231.34 15.275 0.006
3238.27 15.272 0.006
3239.32 15.290 0.006
3240.31 15.282 0.006
3241.29 15.281 0.006
3242.24 15.279 0.006
3243.37 15.277 0.006
3244.35 15.276 0.007
3245.29 15.277 0.006
3246.29 15.280 0.006
3247.3 15.281 0.006
3249.25 15.271 0.006
3251.26 15.268 0.006
3254.25 15.272 0.006
3259.18 15.274 0.006
3261.22 15.270 0.006
3263.22 15.274 0.006
3265.24 15.274 0.006
3267.23 15.274 0.005
3269.32 15.280 0.007
3270.18 15.268 0.006
3271.18 15.274 0.006
3273.14 15.277 0.006
3275.13 15.275 0.006
3276.23 15.276 0.006
3277.27 15.276 0.006
3279.2 15.266 0.006
3281.16 15.266 0.005
3283.16 15.269 0.005
3287.13 15.272 0.006
3289.14 15.270 0.005
3293.12 15.282 0.005
3295.13 15.275 0.005
3298.07 15.268 0.005
3300.07 15.278 0.006
3302.05 15.280 0.006
3305.15 15.268 0.006
3307.06 15.273 0.006
3309.09 15.267 0.006
3311.04 15.269 0.006
3314.08 15.268 0.007
3320.12 15.268 0.006
3323.07 15.275 0.006
3327.07 15.257 0.006
3330.07 15.271 0.006
3335.11 15.262 0.006
3338.06 15.252 0.006
3350.03 15.256 0.005
3353.09 15.244 0.006
3359.07 15.229 0.006
3363.08 15.225 0.006
3367.14 15.232 0.006
3372.07 15.232 0.006
3376.05 15.218 0.005
3380.03 15.248 0.007
3386.08 15.241 0.005
3395.03 15.249 0.008
3398.08 15.254 0.006
3402.07 15.254 0.006
3543.39 15.247 0.006
3551.41 15.257 0.007
3554.44 15.242 0.006
3561.45 15.255 0.006
3564.43 15.242 0.005
3568.37 15.233 0.005
3570.33 15.228 0.006
3571.32 15.236 0.007
3573.37 15.244 0.006
3575.32 15.233 0.006
3577.38 15.234 0.006
3578.42 15.232 0.005
3579.32 15.221 0.005
3581.39 15.230 0.006
3582.35 15.221 0.006
3583.36 15.233 0.005
3584.33 15.225 0.005
3585.38 15.224 0.005
3586.33 15.211 0.005
3588.35 15.222 0.005
3590.31 15.210 0.005
3592.27 15.214 0.005
3594.31 15.223 0.005
3597.35 15.219 0.006
3600.39 15.210 0.006
3602.25 15.212 0.006
3607.34 15.233 0.005
3617.29 15.233 0.005
3619.27 15.235 0.005
3621.26 15.229 0.005
3628.29 15.257 0.006
3630.14 15.243 0.006
3632.14 15.242 0.006
3634.21 15.235 0.006
3637.17 15.248 0.005
3639.22 15.236 0.005
3641.22 15.255 0.006
3643.32 15.250 0.006
3644.26 15.245 0.005
3646.19 15.250 0.005
3650.21 15.247 0.005
3652.15 15.245 0.005
3654.12 15.241 0.006
3656.15 15.258 0.006
3657.2 15.251 0.006
3658.18 15.255 0.006
3659.16 15.252 0.006
3661.11 15.248 0.006
3663.13 15.252 0.006
3665.17 15.246 0.006
3668.12 15.246 0.006
3670.07 15.249 0.006
3672.11 15.251 0.006
3674.14 15.258 0.005
3676.09 15.239 0.006
3682.08 15.245 0.006
3684.07 15.253 0.006
3686.06 15.243 0.006
3688.04 15.258 0.006
3690.04 15.259 0.006
3692.1 15.250 0.006
3694.08 15.243 0.006
3696.08 15.245 0.005
3698.11 15.252 0.006
3700.12 15.244 0.006
3702.11 15.234 0.006
3704.11 15.248 0.005
3706.13 15.239 0.005
3708.11 15.245 0.006
3712.07 15.234 0.006
3714.07 15.249 0.006
3718.05 15.242 0.006
3721.09 15.247 0.006
3725.11 15.258 0.005
3730.04 15.248 0.005
3734.11 15.248 0.006
3738.06 15.245 0.006
3742.06 15.249 0.006
3747.06 15.252 0.006
3751.07 15.250 0.006
3757.03 15.246 0.007
3762.04 15.266 0.007
3766.05 15.245 0.005
3772.08 15.249 0.006
3777.02 15.243 0.006
3871.4 15.254 0.006
3902.42 15.260 0.006
3907.41 15.262 0.006
3913.44 15.262 0.005
3918.41 15.262 0.005
3931.44 15.250 0.006
3934.38 15.265 0.005
3936.38 15.270 0.006
3938.37 15.264 0.006
3945.38 15.266 0.005
3950.32 15.264 0.005
3957.28 15.276 0.007
3959.27 15.263 0.006
3961.26 15.283 0.006
3964.27 15.267 0.005
3966.26 15.267 0.005
3968.25 15.266 0.005
3970.25 15.273 0.005
3973.21 15.281 0.006
3975.23 15.263 0.006
3980.16 15.265 0.006
3981.16 15.271 0.006
3982.23 15.276 0.006
3986.2 15.273 0.006
3991.23 15.287 0.006
3994.14 15.292 0.006
3998.17 15.268 0.006
4001.14 15.261 0.005
4003.11 15.273 0.006
4004.19 15.264 0.006
4005.19 15.261 0.005
4007.08 15.274 0.006
4008.09 15.266 0.005
4011.14 15.268 0.005
4014.12 15.281 0.006
4016.12 15.271 0.006
4018.12 15.269 0.006
4020.12 15.272 0.006
4023.11 15.270 0.006
4025.11 15.249 0.006
4027.09 15.230 0.005
4029.08 15.238 0.006
4031.06 15.243 0.005
4033.16 15.238 0.005
4040.03 15.244 0.006
4042.06 15.238 0.006
4044.08 15.245 0.006
4046.12 15.240 0.006
4049.03 15.231 0.005
4051.08 15.233 0.006
4053.13 15.244 0.005
4055.02 15.239 0.006
4057.09 15.253 0.006
4059.09 15.245 0.005
4063.04 15.259 0.006
4065.09 15.243 0.005
4067.08 15.254 0.005
4069.03 15.265 0.006
4071.04 15.241 0.006
4074.04 15.270 0.006
4077.04 15.267 0.005
4079.04 15.267 0.006
4082.04 15.259 0.005
4085.12 15.266 0.006
4092.08 15.254 0.005
4097.12 15.272 0.006
4100.11 15.273 0.006
4105.07 15.268 0.006
4111.11 15.268 0.005
4115.03 15.271 0.006
4120.06 15.286 0.005
4124.07 15.272 0.006
4128.1 15.284 0.006
4252.44 15.267 0.007
4255.36 15.244 0.006
4268.42 15.243 0.006
4275.44 15.257 0.007
4279.33 15.240 0.007
4282.33 15.252 0.006
4283.35 15.260 0.007
4284.38 15.260 0.006
4285.44 15.256 0.006
4292.38 15.256 0.006
4295.38 15.255 0.006
4296.41 15.257 0.006
4297.44 15.252 0.006
4299.37 15.257 0.006
4300.4 15.263 0.006
4301.41 15.265 0.006
4302.44 15.266 0.006
4306.43 15.267 0.006
4307.35 15.269 0.006
4308.18 15.277 0.006
4308.38 15.276 0.006
4310.36 15.272 0.006
4311.36 15.266 0.007
4312.42 15.267 0.006
4314.44 15.270 0.007
4316.35 15.281 0.007
4320.37 15.282 0.006
4326.35 15.282 0.006
4327.33 15.286 0.007
4328.35 15.287 0.006
4329.35 15.282 0.006
4330.38 15.280 0.006
4332.39 15.284 0.006
4334.37 15.281 0.007
4338.42 15.276 0.006
4340.29 15.278 0.006
4341.29 15.277 0.006
4342.36 15.278 0.006
4343.28 15.279 0.006
4344.26 15.277 0.006
4346.22 15.281 0.007
4348.22 15.287 0.006
4350.2 15.283 0.006
4352.3 15.282 0.007
4353.16 15.290 0.007
4354.28 15.280 0.006
4357.26 15.275 0.007
4359.22 15.275 0.006
4362.17 15.294 0.007
4363.12 15.276 0.007
4365.18 15.286 0.007
4369.18 15.282 0.007
4371.17 15.284 0.007
4376.17 15.295 0.006
4378.14 15.291 0.007
4379.17 15.293 0.007
4381.13 15.288 0.007
4382.21 15.280 0.006
4386.18 15.282 0.006
4388.18 15.275 0.006
4390.19 15.281 0.006
4393.18 15.296 0.006
4396.16 15.285 0.006
4398.16 15.293 0.006
4400.19 15.289 0.006
4404.16 15.290 0.007
4407.15 15.299 0.006
4410.18 15.291 0.006
4415.17 15.282 0.006
4418.11 15.291 0.006
4421.17 15.292 0.006
4423.18 15.287 0.007
4426.05 15.294 0.007
4428.07 15.291 0.007
4430.13 15.280 0.006
4432.12 15.290 0.006
4434.12 15.280 0.006
4436.1 15.296 0.006
4438.16 15.289 0.007
4440.09 15.295 0.007
4442.05 15.288 0.007
4444.08 15.299 0.007
4450.11 15.292 0.007
4452.09 15.284 0.006
4454.03 15.285 0.008
4455.1 15.284 0.006
4457.03 15.286 0.007
4459.05 15.292 0.007
4462.09 15.285 0.006
4466.11 15.279 0.006
4471.04 15.285 0.006
4475.04 15.270 0.006
4480.08 15.249 0.006
4482.09 15.247 0.006
4485.09 15.267 0.007
4488.09 15.279 0.007
4609.41 15.290 0.006
4643.4 15.310 0.007
4650.44 15.304 0.006
4655.42 15.321 0.006
4662.29 15.307 0.006
4662.41 15.307 0.006
4663.27 15.311 0.007
4663.41 15.309 0.006
4665.34 15.320 0.006
4665.43 15.320 0.006
4666.43 15.310 0.006
4666.43 15.322 0.007
4670.42 15.315 0.006
4671.39 15.304 0.006
4673.37 15.315 0.006
4674.3 15.308 0.007
4674.36 15.317 0.007
4676.42 15.316 0.007
4677.34 15.321 0.006
4682.31 15.315 0.006
4684.35 15.325 0.006
4686.31 15.310 0.006
4688.33 15.309 0.006
4690.25 15.310 0.006
4691.25 15.306 0.006
4693.41 15.300 0.007
4696.38 15.300 0.007
4697.32 15.316 0.007
4698.27 15.307 0.006
4699.27 15.318 0.006
4700.3 15.301 0.006
4701.31 15.304 0.006
4703.27 15.296 0.006
4704.29 15.287 0.006
4705.29 15.292 0.006
4707.29 15.274 0.006
4709.24 15.302 0.006
4710.27 15.277 0.005
4715.25 15.294 0.006
4716.28 15.290 0.006
4717.2 15.283 0.006
4719.29 15.292 0.006
4721.28 15.291 0.006
4724.17 15.289 0.006
4725.25 15.280 0.006
4728.25 15.287 0.006
4733.23 15.283 0.006
4740.17 15.300 0.006
4741.2 15.299 0.006
4747.11 15.298 0.006
4749.11 15.307 0.007
4753.18 15.295 0.007
4755.17 15.301 0.006
4757.16 15.319 0.006
4759.17 15.306 0.006
4761.14 15.304 0.006
4763.15 15.313 0.007
4767.1 15.319 0.006
4770.17 15.302 0.006
4772.1 15.303 0.006
4774.06 15.315 0.006
4776.05 15.314 0.006
4777.15 15.313 0.007
4780.02 15.318 0.007
4781.11 15.321 0.007
4783.08 15.320 0.006
4785.12 15.320 0.007
4787.07 15.313 0.007
4789.05 15.332 0.006
4791.03 15.321 0.006
4793.04 15.333 0.006
4795.05 15.313 0.006
4797.04 15.322 0.006
4798.11 15.317 0.006
4800.15 15.327 0.006
4803.05 15.322 0.006
4804.1 15.334 0.007
4805.09 15.314 0.006
4807.03 15.338 0.008
4809.05 15.323 0.006
4811.08 15.313 0.006
4813.05 15.333 0.007
4815.09 15.318 0.007
4816.04 15.324 0.006
4818.09 15.346 0.006
4820.03 15.336 0.007
4822.08 15.321 0.006
4824.07 15.337 0.007
4826.12 15.332 0.006
4833.07 15.325 0.006
4835.09 15.330 0.007
4837.1 15.339 0.007
4841.08 15.333 0.006
4843.07 15.339 0.006
4846.08 15.335 0.006
4848.12 15.327 0.006
4850.11 15.325 0.006
4854.1 15.322 0.006
4856.11 15.327 0.006
4862.06 15.336 0.006
4868.05 15.324 0.006
