 627.91421 15.444 0.005
 628.92355 15.453 0.005
 629.86738 15.483 0.006
 632.92384 15.441 0.005
 633.92834 15.456 0.005
 635.92345 15.454 0.005
 643.89221 15.438 0.004
 645.89570 15.440 0.005
 649.86502 15.443 0.005
 656.91077 15.434 0.004
 657.85198 15.448 0.005
 658.92362 15.453 0.005
 664.81497 15.453 0.005
 664.90351 15.448 0.005
 665.89051 15.451 0.005
 666.90103 15.437 0.004
 667.91185 15.440 0.005
 668.88244 15.435 0.004
 670.84808 15.437 0.004
 671.87063 15.436 0.004
 672.92414 15.442 0.004
 673.72640 15.436 0.005
 684.80318 15.418 0.004
 685.74170 15.405 0.004
 686.78412 15.407 0.004
 688.88896 15.418 0.004
 689.77895 15.401 0.004
 697.74498 15.407 0.004
 698.89098 15.400 0.005
 699.74747 15.419 0.005
 700.75609 15.405 0.004
 701.72852 15.410 0.005
 704.70083 15.415 0.005
 706.72456 15.413 0.005
 707.76058 15.418 0.005
 708.72808 15.409 0.005
 712.72843 15.418 0.004
 713.76616 15.411 0.005
 714.78152 15.413 0.004
 716.71515 15.421 0.004
 720.69074 15.422 0.005
 722.65599 15.429 0.005
 726.74813 15.416 0.004
 728.64690 15.424 0.005
 729.71383 15.417 0.004
 730.63794 15.422 0.005
 733.69992 15.428 0.005
 739.76485 15.412 0.005
 741.69144 15.422 0.005
 742.78187 15.413 0.005
 744.73372 15.408 0.004
 745.68500 15.415 0.004
 747.62390 15.411 0.005
 748.58543 15.416 0.005
 749.59313 15.417 0.005
 750.58771 15.410 0.005
 751.59483 15.411 0.005
 752.79741 15.438 0.005
 753.73798 15.418 0.004
 754.70458 15.406 0.005
 755.59363 15.423 0.005
 759.59966 15.413 0.004
 760.60604 15.399 0.004
 761.60297 15.382 0.004
 762.59360 15.373 0.005
 762.72812 15.371 0.005
 763.61259 15.384 0.005
 763.69318 15.374 0.005
 763.78185 15.382 0.006
 764.69979 15.387 0.006
 765.64388 15.387 0.005
 766.54012 15.390 0.005
 766.68070 15.383 0.005
 767.58917 15.383 0.005
 767.64789 15.387 0.005
 767.74258 15.380 0.005
 769.57214 15.368 0.004
 770.55990 15.390 0.004
 771.57446 15.399 0.005
 772.57317 15.410 0.005
 772.75437 15.392 0.005
 773.63503 15.395 0.005
 774.66506 15.398 0.004
 775.61738 15.401 0.004
 776.60663 15.393 0.004
 776.75922 15.408 0.005
 777.55129 15.404 0.005
 778.58909 15.415 0.005
 778.68004 15.412 0.006
 779.56947 15.408 0.005
 779.72426 15.407 0.005
 780.57345 15.413 0.005
 780.74241 15.402 0.005
 781.62411 15.416 0.005
 782.55869 15.412 0.005
 782.65834 15.405 0.005
 783.60449 15.416 0.004
 784.64996 15.413 0.004
 785.54636 15.422 0.005
 786.55257 15.416 0.004
 787.63426 15.407 0.005
 788.56250 15.417 0.004
 790.60203 15.410 0.005
 795.58994 15.401 0.005
 796.57720 15.437 0.006
 796.70458 15.422 0.006
 797.55803 15.415 0.005
 798.62748 15.406 0.004
 800.56261 15.405 0.004
 802.65427 15.414 0.005
 806.56036 15.414 0.005
 808.57863 15.418 0.005
 816.65489 15.418 0.004
 817.65015 15.412 0.004
 819.62931 15.405 0.005
 822.61568 15.421 0.004
 824.63567 15.397 0.005
 825.62339 15.401 0.005
 828.66872 15.383 0.004
 829.63537 15.414 0.005
 830.55281 15.422 0.006
 832.64220 15.401 0.005
 834.54443 15.391 0.005
 836.60987 15.370 0.005
 838.62872 15.363 0.005
 840.62165 15.378 0.005
 842.63305 15.389 0.005
 843.62392 15.354 0.005
 845.60814 15.374 0.004
 850.59676 15.379 0.005
 855.60151 15.387 0.005
 856.56627 15.406 0.006
 858.53419 15.393 0.005
 860.53593 15.397 0.005
 867.53212 15.409 0.006
 874.53087 15.395 0.005
 963.91435 15.396 0.004
 986.90072 15.334 0.005
 987.91295 15.312 0.004
 996.89958 15.361 0.004
 998.83195 15.363 0.005
1003.83396 15.378 0.005
1005.85822 15.377 0.005
1008.89119 15.393 0.005
1020.85443 15.395 0.005
1025.84009 15.399 0.005
1035.80781 15.372 0.004
1037.83489 15.381 0.004
1038.85304 15.391 0.005
1041.84125 15.390 0.004
1045.80559 15.375 0.004
1049.83449 15.391 0.005
1053.72581 15.392 0.005
1058.79386 15.385 0.005
1059.83949 15.360 0.005
1061.82592 15.327 0.004
1064.78239 15.326 0.004
1069.69579 15.314 0.004
1074.67699 15.348 0.005
1077.67144 15.354 0.004
1079.67348 15.351 0.004
1081.72068 15.347 0.004
1084.65965 15.362 0.004
1087.67908 15.351 0.004
1090.64704 15.375 0.005
1092.71111 15.350 0.004
1094.70692 15.349 0.004
1095.73737 15.366 0.005
1102.67622 15.349 0.004
1107.64444 15.359 0.004
1112.68757 15.352 0.004
1117.62609 15.353 0.004
1122.64048 15.354 0.005
1128.59051 15.360 0.004
1132.61644 15.339 0.004
1138.66156 15.243 0.004
1140.66994 15.320 0.004
1144.69656 15.267 0.004
1151.60786 15.306 0.004
1154.56497 15.321 0.004
1157.57470 15.304 0.004
1160.59951 15.298 0.004
1163.67791 15.334 0.005
1164.72350 15.334 0.004
1170.57844 15.322 0.004
1178.70100 15.323 0.004
1182.69942 15.320 0.004
1185.64217 15.330 0.004
1187.67869 15.324 0.004
1190.54810 15.333 0.004
1202.62374 15.327 0.005
1208.59425 15.320 0.005
1211.59663 15.234 0.005
1216.58464 15.296 0.005
1219.58905 15.242 0.005
1228.54004 15.301 0.006
1235.53406 15.285 0.005
1329.82646 15.320 0.005
1330.93683 15.317 0.005
1335.90676 15.341 0.005
1347.93849 15.362 0.005
1349.93385 15.348 0.005
1355.92674 15.350 0.005
1366.88291 15.302 0.005
1367.90491 15.289 0.005
1369.89783 15.309 0.005
1374.89170 15.325 0.005
1395.85797 15.359 0.005
1397.88077 15.374 0.005
1401.89513 15.365 0.005
1402.89287 15.374 0.005
1407.90323 15.363 0.005
1412.80190 15.367 0.005
1418.77587 15.361 0.005
1430.80551 15.394 0.006
1432.79838 15.356 0.004
1435.72406 15.351 0.005
1439.82183 15.369 0.004
1442.78623 15.336 0.004
1447.71516 15.400 0.005
1451.70581 15.386 0.005
1454.70412 15.406 0.005
1458.70856 15.408 0.006
1460.64822 15.414 0.005
1462.67212 15.407 0.005
1470.62338 15.396 0.005
1475.67117 15.413 0.005
1478.59737 15.418 0.005
1481.61056 15.405 0.005
1484.61220 15.413 0.005
1487.57129 15.422 0.005
1489.59468 15.415 0.005
1491.65682 15.430 0.005
1494.70481 15.411 0.005
1495.55791 15.407 0.005
1499.53007 15.418 0.006
1502.61497 15.406 0.005
1506.61000 15.407 0.005
1509.59357 15.381 0.005
1514.66986 15.424 0.005
1517.58660 15.397 0.005
1520.62942 15.427 0.005
1522.65813 15.450 0.005
1525.55375 15.443 0.005
1528.65169 15.436 0.005
1544.58446 15.439 0.005
1546.64092 15.437 0.005
1551.60292 15.446 0.005
1555.58111 15.445 0.005
1562.61532 15.454 0.005
1568.58878 15.458 0.005
1573.58378 15.447 0.005
1579.56735 15.455 0.005
1581.59464 15.420 0.005
1584.57947 15.423 0.005
1586.59056 15.427 0.005
1588.56407 15.447 0.006
1592.58721 15.437 0.005
1597.56268 15.450 0.005
1602.55984 15.469 0.005
1607.55005 15.446 0.005
1702.92916 15.460 0.008
1704.88286 15.434 0.004
1706.92018 15.419 0.005
1730.93634 15.397 0.004
1738.88738 15.374 0.004
1740.89506 15.371 0.005
1744.91198 15.383 0.005
1745.90513 15.400 0.005
1749.88573 15.399 0.004
1750.88903 15.413 0.004
1751.86957 15.417 0.004
1752.86191 15.405 0.005
1753.86271 15.400 0.005
1754.85866 15.392 0.005
1755.85495 15.401 0.005
1756.88461 15.410 0.006
1757.83369 15.398 0.005
1758.83823 15.410 0.005
1759.85137 15.407 0.004
1761.86750 15.406 0.005
1762.84992 15.413 0.005
1763.85544 15.415 0.004
1764.84517 15.410 0.004
1765.84154 15.418 0.005
1766.81528 15.424 0.005
1768.82909 15.406 0.005
1769.74423 15.408 0.005
1773.80518 15.409 0.004
1775.81670 15.411 0.004
1777.75402 15.394 0.005
1785.79373 15.421 0.004
1788.82890 15.412 0.005
1789.76156 15.410 0.004
1803.86518 15.403 0.005
1809.78889 15.410 0.004
1812.76280 15.385 0.004
1815.81922 15.368 0.004
1821.71582 15.401 0.005
1823.78510 15.392 0.004
1829.71016 15.384 0.005
1830.77715 15.381 0.005
1843.78763 15.390 0.004
1843.82193 15.382 0.004
1847.62625 15.397 0.004
1847.71537 15.398 0.004
1848.62302 15.396 0.005
1848.73275 15.389 0.004
1851.59934 15.404 0.005
1851.70159 15.401 0.005
1852.72965 15.390 0.004
1856.54296 15.407 0.006
1856.69458 15.388 0.005
1860.74657 15.383 0.005
1861.58239 15.411 0.005
1861.69140 15.391 0.005
1864.72151 15.403 0.005
1865.61999 15.400 0.004
1865.72754 15.405 0.004
1866.58658 15.393 0.004
1869.67413 15.394 0.004
1869.73111 15.395 0.005
1870.51996 15.394 0.005
1870.66732 15.414 0.005
1873.70009 15.399 0.004
2086.92886 15.651 0.007
2104.86099 15.657 0.006
2104.88015 15.663 0.006
2106.92089 15.668 0.007
2112.92050 15.659 0.006
2113.84132 15.638 0.007
2114.85557 15.642 0.007
2115.89654 15.672 0.007
2115.91948 15.654 0.007
2116.90195 15.673 0.007
2116.92441 15.669 0.007
2117.88280 15.670 0.006
2117.90764 15.655 0.007
2122.84019 15.686 0.007
2122.86443 15.690 0.007
2123.85186 15.703 0.007
2123.87839 15.695 0.006
2124.90910 15.680 0.007
2124.93287 15.689 0.008
2128.85517 15.668 0.007
2128.87832 15.687 0.007
2129.88733 15.669 0.007
2130.81712 15.683 0.006
2130.83621 15.692 0.007
2131.81013 15.705 0.007
2131.82971 15.688 0.007
2132.83589 15.697 0.007
2132.85489 15.706 0.007
2133.86739 15.710 0.007
2133.92450 15.716 0.008
2134.84083 15.706 0.007
2134.86050 15.709 0.007
2135.87602 15.690 0.006
2135.89742 15.701 0.006
2136.87654 15.712 0.007
2136.90121 15.727 0.007
2137.91916 15.705 0.008
2140.84509 15.703 0.007
2140.86393 15.731 0.007
2141.77415 15.716 0.007
2142.87404 15.736 0.007
2142.89135 15.721 0.007
2143.85211 15.733 0.007
2143.88310 15.746 0.007
2144.79872 15.728 0.006
2144.81687 15.723 0.006
2156.72451 15.755 0.007
2156.85506 15.722 0.007
2160.78480 15.723 0.007
2160.80374 15.751 0.007
2162.79136 15.718 0.007
2162.81406 15.740 0.006
2165.77517 15.747 0.007
2166.78614 15.761 0.007
2166.80491 15.761 0.006
2167.73814 15.753 0.006
2167.75693 15.756 0.007
2168.74346 15.744 0.007
2168.76273 15.751 0.007
2171.76949 15.775 0.007
2172.77606 15.786 0.007
2172.80103 15.793 0.007
2173.73818 15.773 0.007
2173.75706 15.780 0.006
2174.74079 15.796 0.006
2177.66980 15.762 0.007
2177.68892 15.797 0.007
2184.75021 15.768 0.007
2185.69466 15.788 0.008
2186.73851 15.797 0.008
2187.65851 15.804 0.008
2187.67723 15.800 0.008
2189.74013 15.752 0.008
2190.72123 15.762 0.007
2190.74023 15.760 0.007
2191.64436 15.782 0.007
2192.69079 15.774 0.006
2192.70825 15.773 0.006
2193.71178 15.755 0.006
2193.73545 15.772 0.006
2194.68300 15.779 0.007
2194.70029 15.787 0.007
2200.69548 15.789 0.007
2200.71467 15.805 0.007
2201.74914 15.837 0.007
2203.60292 15.778 0.007
2206.63497 15.815 0.008
2206.65263 15.823 0.007
2208.69672 15.847 0.007
2211.67361 15.807 0.007
2211.70464 15.839 0.007
2212.69125 15.831 0.007
2213.68366 15.863 0.007
2214.67003 15.847 0.008
2214.69127 15.834 0.008
2215.68533 15.839 0.007
2215.72725 15.834 0.008
2217.66297 15.836 0.007
2217.68642 15.849 0.007
2219.72340 15.824 0.008
2222.75538 15.832 0.007
2222.77270 15.841 0.008
2223.67776 15.817 0.008
2225.62463 15.825 0.007
2226.67098 15.818 0.007
2228.58638 15.842 0.007
2228.60369 15.813 0.007
2230.52369 15.806 0.008
2230.54177 15.821 0.007
2232.53742 15.812 0.007
2232.55478 15.802 0.007
2234.57950 15.816 0.007
2234.59680 15.806 0.007
2236.56900 15.816 0.007
2236.58602 15.811 0.007
2238.57439 15.817 0.007
2239.53357 15.816 0.007
2241.56118 15.829 0.007
2241.57835 15.823 0.007
2243.59947 15.820 0.007
2243.61670 15.825 0.007
2248.64388 15.796 0.007
2249.57288 15.806 0.006
2250.62205 15.761 0.007
2251.62684 15.816 0.007
2253.60092 15.798 0.007
2254.58061 15.800 0.007
2256.58005 15.777 0.007
2256.59795 15.784 0.008
2258.62050 15.790 0.006
2259.61878 15.785 0.007
2262.62526 15.805 0.007
2264.61320 15.812 0.007
2265.63776 15.802 0.007
2266.61713 15.797 0.007
2270.59595 15.796 0.007
2271.59206 15.807 0.007
2272.59401 15.808 0.007
2273.59129 15.789 0.008
2274.57785 15.791 0.007
2276.54537 15.771 0.007
2276.58597 15.803 0.007
2280.55795 15.794 0.007
2280.57988 15.794 0.007
2285.57584 15.783 0.006
2285.59640 15.763 0.007
2289.59333 15.766 0.007
2289.61168 15.784 0.006
2291.59403 15.751 0.006
2291.61693 15.784 0.006
2293.59472 15.761 0.007
2293.61336 15.775 0.007
2295.59103 15.760 0.007
2295.61006 15.775 0.007
2297.59420 15.767 0.007
2297.61462 15.777 0.007
2299.59068 15.749 0.007
2299.60926 15.782 0.007
2301.58335 15.750 0.007
2301.60080 15.762 0.007
2453.88795 15.835 0.008
2460.93465 15.832 0.009
2464.89199 15.847 0.007
2466.86683 15.823 0.008
2466.88549 15.844 0.008
2467.93072 15.846 0.008
2468.87974 15.830 0.007
2469.92999 15.828 0.007
2470.87073 15.820 0.007
2471.91956 15.856 0.007
2472.89082 15.820 0.006
2472.90961 15.843 0.006
2473.93580 15.850 0.007
2481.87633 15.852 0.008
2481.89505 15.866 0.008
2483.91870 15.834 0.007
2483.93777 15.833 0.007
2486.91885 15.834 0.008
2486.93850 15.813 0.008
2488.93421 15.835 0.008
2489.82052 15.866 0.006
2490.79641 15.857 0.008
2490.81676 15.838 0.008
2495.92829 15.829 0.006
2496.80048 15.810 0.007
2496.93290 15.821 0.007
2497.82277 15.825 0.007
2498.80420 15.827 0.007
2498.82307 15.817 0.007
2499.88914 15.831 0.007
2499.90810 15.830 0.007
2500.89760 15.829 0.007
2500.91648 15.827 0.007
2501.88433 15.830 0.007
2501.91118 15.835 0.007
2502.86450 15.835 0.007
2502.88328 15.831 0.007
2508.77508 15.862 0.009
2508.79388 15.840 0.009
2516.80655 15.843 0.007
2516.82627 15.840 0.007
2517.85331 15.829 0.007
2517.87328 15.824 0.007
2518.82568 15.825 0.007
2518.84754 15.826 0.007
2519.79884 15.841 0.007
2519.82390 15.834 0.007
2520.82208 15.838 0.007
2520.84100 15.831 0.007
2521.79160 15.838 0.007
2521.81525 15.842 0.007
2524.79451 15.827 0.007
2524.81379 15.834 0.008
2526.80757 15.828 0.006
2526.82647 15.819 0.006
2529.78500 15.819 0.007
2529.80381 15.829 0.007
2534.86444 15.848 0.008
2535.74461 15.849 0.007
2535.80207 15.859 0.007
2537.73215 15.831 0.008
2537.75111 15.837 0.008
2538.83240 15.865 0.008
2538.85159 15.862 0.008
2539.72960 15.845 0.007
2539.74700 15.837 0.007
2540.77289 15.855 0.008
2540.79179 15.866 0.008
2541.74148 15.871 0.007
2541.75901 15.851 0.007
2542.71127 15.844 0.007
2542.72867 15.840 0.007
2544.69203 15.833 0.007
2544.71085 15.831 0.007
2545.70475 15.860 0.007
2545.72215 15.850 0.007
2547.72272 15.872 0.007
2547.74029 15.864 0.007
2548.74151 15.871 0.007
2548.76046 15.865 0.007
2550.73679 15.854 0.007
2550.75560 15.858 0.006
2551.72333 15.875 0.007
2551.74273 15.874 0.007
2552.73930 15.858 0.007
2552.75810 15.844 0.007
2553.68009 15.878 0.008
2553.69890 15.873 0.008
2554.73244 15.863 0.007
2554.75125 15.852 0.007
2555.74034 15.846 0.007
2555.75922 15.839 0.007
2556.71945 15.851 0.007
2556.73845 15.836 0.007
2557.73198 15.826 0.007
2557.75078 15.828 0.007
2558.68842 15.859 0.007
2558.70733 15.820 0.007
2559.64543 15.857 0.007
2559.66429 15.838 0.007
2560.67844 15.850 0.007
2560.69739 15.835 0.007
2561.72406 15.851 0.008
2561.74295 15.862 0.008
2562.69674 15.859 0.007
2562.71559 15.846 0.007
2563.70472 15.860 0.007
2563.72363 15.852 0.007
2564.72111 15.848 0.007
2564.74001 15.854 0.007
2565.71626 15.852 0.007
2565.73491 15.859 0.007
2566.69121 15.860 0.007
2566.71390 15.868 0.008
2568.76763 15.878 0.008
2571.70216 15.893 0.008
2572.76963 15.882 0.008
2573.69019 15.877 0.008
2573.70779 15.878 0.008
2574.67015 15.899 0.007
2574.68749 15.884 0.007
2576.70488 15.896 0.007
2576.73195 15.881 0.007
2577.66993 15.899 0.008
2577.69019 15.900 0.008
2578.65746 15.912 0.007
2578.67524 15.907 0.008
2579.66798 15.904 0.008
2579.68541 15.883 0.008
2580.67609 15.879 0.007
2580.69368 15.872 0.007
2583.64815 15.896 0.008
2583.66992 15.878 0.008
2584.65460 15.898 0.007
2584.67222 15.884 0.007
2586.65580 15.896 0.007
2587.63846 15.889 0.007
2587.65751 15.887 0.007
2588.66941 15.880 0.007
2589.62933 15.919 0.007
2589.66249 15.887 0.007
2590.64610 15.883 0.007
2590.67036 15.864 0.007
2591.67228 15.872 0.007
2591.69812 15.874 0.007
2593.63553 15.881 0.007
2593.65493 15.882 0.007
2594.64157 15.877 0.008
2594.66146 15.886 0.008
2596.61520 15.900 0.008
2596.63413 15.902 0.008
2597.60238 15.899 0.007
2597.62298 15.885 0.008
2598.68256 15.913 0.008
2598.70168 15.906 0.008
2599.63663 15.897 0.008
2599.66221 15.902 0.008
2607.65672 15.877 0.007
2608.56289 15.917 0.008
2610.57807 15.901 0.008
2610.59948 15.902 0.008
2613.57185 15.891 0.007
2613.59088 15.897 0.009
2615.60230 15.860 0.007
2615.62649 15.883 0.008
2619.58677 15.861 0.007
2620.59687 15.877 0.007
2621.59592 15.860 0.007
2622.54465 15.865 0.007
2625.57850 15.839 0.008
2625.59803 15.860 0.009
2627.54918 15.857 0.008
2629.53785 15.854 0.008
2630.56300 15.835 0.008
2632.57591 15.859 0.007
2635.57671 15.848 0.007
2636.57235 15.857 0.008
2637.57157 15.859 0.007
2639.57162 15.870 0.007
2640.54192 15.842 0.007
2642.58165 15.833 0.008
2643.54459 15.837 0.007
2646.59303 15.818 0.007
2649.55003 15.831 0.007
2651.56770 15.813 0.008
2651.58786 15.817 0.008
2654.59519 15.807 0.007
2655.54767 15.822 0.008
2657.54718 15.793 0.008
2658.55950 15.826 0.009
2661.55321 15.789 0.007
2661.57617 15.811 0.007
2664.58415 15.792 0.008
2665.53905 15.808 0.008
2667.54294 15.780 0.007
2668.57008 15.772 0.008
2669.56520 15.783 0.007
2674.54997 15.778 0.007
2676.57011 15.767 0.007
2677.53331 15.774 0.008
2680.54056 15.788 0.008
2683.56478 15.785 0.008
2777.93270 15.713 0.008
2804.84270 15.666 0.008
2804.86124 15.671 0.008
2805.87853 15.660 0.008
2805.89912 15.673 0.009
2811.93365 15.674 0.008
2811.95213 15.661 0.010
2815.90734 15.670 0.007
2815.92597 15.667 0.007
2818.93855 15.656 0.007
2825.93921 15.629 0.007
2829.87262 15.645 0.007
2830.84647 15.636 0.006
2831.81612 15.638 0.007
2831.86515 15.637 0.007
2832.78917 15.621 0.007
2832.81614 15.650 0.007
2833.89466 15.644 0.007
2833.91475 15.642 0.007
2834.94529 15.639 0.007
2835.90349 15.652 0.007
2836.90362 15.637 0.008
2837.90922 15.662 0.008
2838.84669 15.637 0.007
2840.85436 15.625 0.007
2840.89262 15.655 0.007
2843.85571 15.626 0.006
2843.87863 15.634 0.006
2844.90142 15.632 0.007
2844.91992 15.632 0.007
2845.94844 15.616 0.009
2848.82660 15.635 0.008
2849.90464 15.629 0.007
2850.91770 15.621 0.007
2850.93618 15.622 0.007
2852.84632 15.639 0.007
2852.86483 15.640 0.007
2854.87617 15.622 0.007
2857.86504 15.613 0.007
2857.88348 15.636 0.007
2858.93865 15.612 0.007
2859.87077 15.643 0.006
2860.90462 15.617 0.006
2860.92313 15.631 0.006
2861.77610 15.617 0.007
2861.79488 15.594 0.006
2862.88097 15.633 0.007
2862.89947 15.614 0.007
2863.86415 15.618 0.008
2863.88287 15.618 0.008
2865.80530 15.620 0.007
2865.82384 15.612 0.007
2867.79478 15.617 0.006
2867.81326 15.614 0.006
2868.81686 15.609 0.006
2868.83541 15.605 0.006
2869.80338 15.616 0.007
2869.85601 15.619 0.007
2870.84495 15.618 0.007
2870.86351 15.628 0.007
2871.88802 15.614 0.007
2872.78757 15.617 0.006
2872.84482 15.613 0.006
2875.83572 15.621 0.007
2875.85476 15.619 0.007
2876.80514 15.619 0.007
2876.88074 15.633 0.007
2877.85314 15.625 0.006
2879.73164 15.604 0.006
2879.81793 15.610 0.006
2883.85489 15.606 0.006
2884.76798 15.620 0.006
2885.79021 15.621 0.006
2886.78076 15.617 0.007
2890.72108 15.626 0.008
2890.73969 15.629 0.008
2893.77254 15.608 0.007
2893.79129 15.621 0.007
2895.80215 15.608 0.006
2895.82175 15.598 0.006
2897.72529 15.599 0.007
2897.74972 15.625 0.007
2899.76292 15.605 0.006
2899.78203 15.621 0.006
2903.78198 15.615 0.006
2903.80074 15.612 0.006
2906.73098 15.600 0.006
2906.74949 15.606 0.006
2908.70798 15.606 0.007
2908.72650 15.617 0.006
2910.70286 15.604 0.007
2910.72139 15.617 0.006
2912.70819 15.589 0.006
2912.72731 15.606 0.006
2916.72094 15.593 0.006
2916.73996 15.605 0.006
2918.69783 15.591 0.007
2918.71701 15.594 0.006
2922.69781 15.594 0.007
2922.71660 15.608 0.007
2924.63875 15.590 0.006
2924.71588 15.606 0.006
2926.63279 15.601 0.007
2926.65153 15.604 0.007
2929.69399 15.602 0.007
2929.71289 15.633 0.007
2931.66993 15.588 0.006
2931.68882 15.604 0.006
2933.68036 15.596 0.006
2933.70097 15.617 0.006
2935.64470 15.610 0.007
2935.66390 15.622 0.007
2937.67029 15.605 0.007
2937.68902 15.612 0.007
2939.66722 15.614 0.007
2939.68575 15.604 0.007
2940.66292 15.616 0.006
2940.68149 15.611 0.006
2941.63818 15.612 0.006
2941.65720 15.611 0.006
2942.66298 15.601 0.007
2942.68480 15.604 0.006
2943.63433 15.596 0.007
2943.65353 15.600 0.006
2944.61869 15.598 0.007
2944.63726 15.599 0.007
2946.61344 15.625 0.007
2946.63586 15.606 0.006
2947.64506 15.613 0.007
2947.66383 15.614 0.007
2949.62608 15.599 0.007
2949.64469 15.599 0.006
2950.57761 15.591 0.007
2950.59619 15.599 0.006
2951.65822 15.613 0.007
2951.67708 15.605 0.007
2953.60616 15.608 0.007
2953.62491 15.613 0.007
2955.59124 15.613 0.007
2955.60987 15.614 0.007
2957.60486 15.589 0.006
2957.62355 15.596 0.006
2960.62398 15.632 0.006
2960.64371 15.623 0.006
2962.65913 15.591 0.007
2965.66180 15.601 0.007
2965.68043 15.623 0.006
2968.62413 15.602 0.007
2968.64295 15.608 0.007
2970.64294 15.595 0.006
2971.65073 15.613 0.007
2972.64756 15.613 0.007
2973.63924 15.622 0.007
2975.53604 15.608 0.007
2975.55560 15.598 0.007
2977.63169 15.623 0.008
2977.65141 15.612 0.007
2979.59130 15.607 0.007
2979.61197 15.616 0.007
2981.63858 15.618 0.008
2982.56656 15.589 0.007
2983.57209 15.610 0.007
2986.58867 15.595 0.007
2986.60784 15.602 0.006
2988.56065 15.577 0.007
2988.58030 15.597 0.006
2990.59915 15.600 0.006
2991.59046 15.591 0.006
2993.60193 15.611 0.006
2994.57533 15.585 0.007
2997.54793 15.603 0.006
2997.58793 15.593 0.007
3000.57995 15.590 0.007
3000.60514 15.581 0.006
3003.56193 15.614 0.007
3003.58064 15.615 0.007
3006.54920 15.594 0.007
3006.57024 15.593 0.006
3009.54449 15.602 0.007
3009.56358 15.598 0.007
3013.54686 15.572 0.007
3013.57023 15.581 0.007
3015.58212 15.579 0.006
3017.56465 15.606 0.006
3018.55923 15.587 0.007
3020.53981 15.595 0.006
3020.59494 15.573 0.006
3022.54859 15.605 0.007
3022.56724 15.604 0.007
3024.54762 15.598 0.007
3024.56644 15.599 0.007
3025.60720 15.570 0.006
3026.53648 15.606 0.007
3028.53739 15.618 0.007
3029.60438 15.601 0.007
3030.54048 15.594 0.006
3032.55843 15.616 0.007
3034.53942 15.607 0.006
3034.55795 15.616 0.006
3037.55858 15.596 0.007
3038.54878 15.595 0.007
3179.92091 15.599 0.006
3179.94009 15.609 0.006
3183.94060 15.628 0.007
3184.90394 15.613 0.007
3193.90852 15.592 0.006
3193.92701 15.591 0.006
3196.88062 15.611 0.007
3196.89901 15.606 0.006
3197.94302 15.616 0.007
3202.86851 15.599 0.006
3202.89156 15.606 0.006
3203.90859 15.605 0.006
3203.93144 15.612 0.006
3206.84640 15.616 0.006
3206.87433 15.594 0.006
3210.92241 15.620 0.006
3210.94082 15.599 0.006
3211.85695 15.605 0.006
3211.87698 15.602 0.006
3215.81219 15.602 0.007
3216.75805 15.613 0.007
3216.77663 15.598 0.007
3217.80803 15.610 0.007
3217.82652 15.605 0.007
3223.86416 15.598 0.007
3224.82348 15.582 0.006
3228.78286 15.592 0.007
3228.80135 15.587 0.006
3229.86467 15.575 0.006
3230.77484 15.576 0.006
3238.78305 15.580 0.007
3238.80595 15.584 0.006
3239.84507 15.584 0.006
3240.81932 15.584 0.007
3240.84224 15.605 0.007
3241.78420 15.595 0.006
3241.80280 15.569 0.006
3242.74678 15.584 0.007
3242.77484 15.591 0.006
3243.87940 15.564 0.007
3243.89800 15.563 0.006
3244.85797 15.540 0.007
3244.87669 15.560 0.007
3245.80573 15.571 0.007
3245.82419 15.571 0.006
3246.79849 15.585 0.007
3246.82106 15.580 0.006
3247.80684 15.599 0.007
3247.82528 15.581 0.006
3249.75715 15.575 0.007
3249.77873 15.578 0.006
3251.77075 15.561 0.006
3251.79130 15.569 0.006
3254.75846 15.575 0.006
3254.77742 15.583 0.006
3257.78272 15.544 0.006
3257.80449 15.565 0.006
3259.69544 15.575 0.006
3261.73149 15.572 0.006
3261.75039 15.586 0.006
3263.72872 15.563 0.006
3263.74738 15.557 0.006
3265.75008 15.556 0.006
3265.77500 15.565 0.006
3267.73686 15.569 0.006
3267.75544 15.572 0.006
3270.69029 15.567 0.007
3270.70913 15.569 0.006
3271.69317 15.584 0.007
3271.71183 15.566 0.006
3273.65150 15.579 0.007
3273.67034 15.584 0.007
3275.64635 15.577 0.007
3275.66513 15.558 0.007
3276.74078 15.566 0.007
3276.75916 15.571 0.007
3277.77942 15.563 0.007
3277.79803 15.562 0.006
3279.71102 15.563 0.006
3279.72955 15.582 0.006
3281.66962 15.556 0.006
3281.69535 15.554 0.006
3283.67130 15.559 0.006
3283.68978 15.563 0.006
3287.63743 15.539 0.006
3287.65607 15.543 0.006
3289.65237 15.556 0.006
3289.67090 15.543 0.006
3291.59046 15.572 0.006
3291.60927 15.546 0.006
3293.62596 15.544 0.006
3294.62585 15.549 0.006
3295.64387 15.540 0.006
3296.59218 15.567 0.006
3298.58178 15.559 0.006
3300.58406 15.531 0.006
3300.60260 15.527 0.006
3302.56103 15.529 0.006
3302.58362 15.529 0.006
3305.66111 15.529 0.006
3305.67963 15.530 0.006
3307.57337 15.537 0.007
3307.59618 15.526 0.007
3309.59841 15.526 0.006
3309.61692 15.527 0.006
3311.55003 15.525 0.006
3311.57244 15.523 0.006
3314.59300 15.525 0.007
3314.61610 15.527 0.006
3320.63081 15.492 0.006
3320.64939 15.504 0.006
3323.57823 15.519 0.006
3323.60180 15.507 0.006
3327.58576 15.500 0.006
3327.62986 15.519 0.006
3330.58126 15.525 0.006
3330.60116 15.503 0.006
3335.62523 15.500 0.006
3335.64575 15.521 0.007
3338.55259 15.509 0.006
3338.57091 15.505 0.006
3350.54522 15.479 0.006
3350.56392 15.488 0.006
3353.60382 15.470 0.006
3357.60213 15.489 0.006
3359.58568 15.477 0.006
3361.60041 15.483 0.006
3363.58771 15.480 0.006
3363.60672 15.494 0.006
3367.64734 15.485 0.006
3369.58365 15.483 0.006
3372.58082 15.474 0.006
3372.59961 15.481 0.006
3376.55696 15.475 0.006
3376.57564 15.495 0.006
3380.54334 15.490 0.006
3380.56197 15.485 0.006
3386.59028 15.502 0.006
3386.60882 15.508 0.006
3395.53809 15.535 0.007
3395.56081 15.541 0.007
3398.58578 15.537 0.007
3399.58462 15.558 0.006
3402.58303 15.553 0.006
3402.60155 15.576 0.006
3543.91768 15.866 0.007
3551.92011 15.877 0.007
3551.94034 15.849 0.007
3558.90365 15.851 0.006
3558.92226 15.865 0.007
3562.89076 15.882 0.006
3562.91301 15.875 0.006
3568.88187 15.901 0.007
3568.90457 15.885 0.006
3570.84292 15.908 0.008
3570.86619 15.904 0.007
3571.83383 15.903 0.007
3571.85269 15.909 0.008
3573.87955 15.933 0.008
3573.89807 15.897 0.008
3575.83531 15.920 0.007
3575.85790 15.911 0.007
3577.89168 15.907 0.007
3577.91446 15.901 0.007
3578.92775 15.902 0.007
3579.83277 15.912 0.006
3579.85536 15.898 0.006
3581.90186 15.900 0.007
3581.92430 15.875 0.007
3582.85814 15.908 0.007
3582.87668 15.880 0.007
3583.86838 15.901 0.006
3583.89577 15.888 0.006
3584.83863 15.895 0.007
3584.86832 15.878 0.007
3585.85657 15.886 0.006
3585.88952 15.904 0.006
3586.84166 15.889 0.006
3586.88604 15.890 0.006
3588.85993 15.896 0.007
3588.88421 15.879 0.007
3590.81599 15.880 0.006
3590.84281 15.878 0.006
3592.78075 15.888 0.006
3592.80312 15.874 0.006
3594.82024 15.894 0.006
3594.84391 15.893 0.006
3600.90602 15.941 0.009
3600.93294 15.898 0.008
3602.76459 15.911 0.007
3603.75602 15.911 0.007
3607.84838 15.931 0.007
3608.81265 15.907 0.006
3614.82059 15.894 0.006
3614.84444 15.875 0.006
3615.84927 15.875 0.006
3617.80437 15.888 0.006
3618.82891 15.870 0.006
3619.78250 15.891 0.006
3620.85538 15.903 0.006
3621.77498 15.903 0.006
3622.80940 15.895 0.007
3625.75535 15.883 0.006
3628.77691 15.875 0.007
3630.65377 15.883 0.007
3630.69236 15.874 0.007
3632.65108 15.911 0.008
3632.66953 15.898 0.008
3634.70451 15.905 0.006
3634.72398 15.916 0.007
3637.68279 15.912 0.007
3637.70529 15.900 0.007
3639.73273 15.924 0.006
3640.67160 15.918 0.006
3641.72950 15.928 0.007
3643.82794 15.906 0.007
3644.70610 15.891 0.006
3644.76859 15.878 0.006
3646.69964 15.923 0.007
3646.72366 15.899 0.007
3650.72085 15.884 0.007
3650.73940 15.896 0.006
3652.65597 15.891 0.006
3652.68087 15.894 0.006
3654.63430 15.891 0.007
3654.65664 15.882 0.006
3656.65798 15.880 0.007
3656.70987 15.879 0.006
3657.71569 15.892 0.007
3657.73801 15.917 0.007
3658.69298 15.891 0.007
3658.71155 15.900 0.007
3659.67331 15.893 0.008
3659.69593 15.905 0.007
3660.70158 15.927 0.007
3661.62201 15.891 0.007
3663.64496 15.900 0.007
3663.69235 15.923 0.007
3665.67727 15.921 0.007
3665.72062 15.942 0.007
3668.62641 15.902 0.007
3668.64917 15.905 0.007
3668.67173 15.923 0.007
3670.57713 15.892 0.007
3670.66036 15.908 0.007
3672.59307 15.920 0.007
3672.61658 15.921 0.007
3674.67542 15.907 0.007
3674.75237 15.891 0.006
3676.61585 15.900 0.007
3676.63864 15.897 0.006
3682.59255 15.898 0.007
3682.61528 15.886 0.006
3684.58548 15.896 0.007
3684.63261 15.868 0.006
3686.57536 15.882 0.007
3686.59829 15.868 0.007
3688.54843 15.882 0.007
3688.57126 15.889 0.007
3690.55431 15.865 0.007
3690.58498 15.870 0.007
3692.60689 15.855 0.007
3693.58210 15.856 0.007
3694.59344 15.870 0.007
3695.57768 15.882 0.006
3696.58957 15.883 0.006
3698.55910 15.880 0.008
3698.62818 15.897 0.008
3700.63333 15.863 0.007
3701.60180 15.866 0.007
3702.62424 15.877 0.007
3703.61243 15.887 0.006
3704.62477 15.858 0.007
3705.58462 15.854 0.006
3706.63964 15.853 0.006
3707.58509 15.865 0.007
3708.62106 15.856 0.007
3712.57756 15.831 0.007
3712.60004 15.835 0.007
3714.58024 15.849 0.007
3715.55827 15.845 0.006
3718.56370 15.842 0.007
3719.63723 15.826 0.007
3721.59590 15.836 0.007
3722.58415 15.855 0.007
3725.62476 15.850 0.007
3725.66423 15.840 0.007
3730.54901 15.838 0.006
3730.56743 15.830 0.006
3734.61972 15.830 0.006
3735.57007 15.821 0.006
3738.57175 15.828 0.007
3739.56976 15.813 0.006
3742.56894 15.829 0.007
3743.54543 15.815 0.007
3747.56968 15.829 0.007
3748.54931 15.789 0.008
3751.57748 15.829 0.008
3753.54697 15.814 0.008
3758.56888 15.807 0.007
3762.55545 15.785 0.008
3762.57544 15.776 0.007
3766.56068 15.775 0.006
3768.53542 15.775 0.007
3772.58746 15.797 0.006
3773.53226 15.792 0.007
3777.53478 15.808 0.007
3777.55821 15.814 0.007
3871.90682 15.882 0.008
3871.92860 15.884 0.008
3902.92716 15.922 0.007
3902.94547 15.915 0.008
3907.92195 15.938 0.007
3907.94047 15.952 0.007
3913.94752 15.910 0.007
3915.91631 15.914 0.006
3918.91736 15.903 0.007
3918.93557 15.890 0.007
3932.86852 15.892 0.007
3933.82326 15.890 0.006
3934.88688 15.927 0.007
3934.90525 15.913 0.007
3936.89519 15.913 0.007
3936.91349 15.913 0.006
3938.87926 15.897 0.007
3938.89769 15.893 0.006
3945.86747 15.915 0.006
3945.88616 15.906 0.006
3950.83105 15.899 0.007
3950.84919 15.894 0.006
3957.78658 15.905 0.008
3957.80483 15.897 0.008
3959.77600 15.895 0.007
3959.80331 15.876 0.007
3961.77017 15.905 0.007
3961.78949 15.893 0.007
3964.77840 15.907 0.006
3964.79665 15.920 0.006
3966.77066 15.924 0.006
3966.78887 15.911 0.006
3968.76436 15.936 0.007
3968.78241 15.916 0.007
3970.75601 15.915 0.006
3970.77404 15.910 0.006
3973.72534 15.912 0.007
3973.74502 15.900 0.007
3975.73760 15.901 0.007
3975.75834 15.903 0.007
3980.67286 15.891 0.007
3980.69083 15.900 0.007
3981.67260 15.912 0.007
3981.69072 15.908 0.006
3982.73693 15.889 0.008
3982.75504 15.888 0.007
3986.71028 15.882 0.007
3986.73222 15.883 0.007
3989.82929 15.910 0.007
3991.73950 15.894 0.007
3991.77048 15.882 0.006
3994.65190 15.884 0.007
3994.67152 15.862 0.007
3998.68230 15.889 0.007
4001.65311 15.901 0.006
4001.67118 15.914 0.006
4003.62454 15.916 0.007
4003.64289 15.921 0.006
4004.70432 15.921 0.006
4004.73144 15.944 0.006
4005.69850 15.918 0.006
4005.71671 15.913 0.006
4007.59176 15.882 0.007
4007.60991 15.896 0.007
4008.60065 15.914 0.006
4008.61896 15.913 0.006
4011.65112 15.930 0.007
4011.66935 15.924 0.007
4014.63354 15.922 0.007
4014.66730 15.906 0.007
4016.63035 15.906 0.007
4016.64859 15.915 0.007
4018.62675 15.886 0.007
4018.64490 15.901 0.007
4020.63020 15.906 0.007
4020.68384 15.883 0.007
4023.61607 15.886 0.007
4023.63431 15.881 0.007
4025.61641 15.871 0.007
4025.63467 15.876 0.006
4027.60452 15.885 0.007
4027.62281 15.881 0.006
4029.58684 15.876 0.007
4029.60503 15.883 0.006
4031.57393 15.882 0.006
4031.59201 15.898 0.006
4033.66816 15.890 0.007
4036.62740 15.875 0.006
4038.56335 15.889 0.007
4038.58172 15.877 0.006
4040.54361 15.897 0.007
4040.56170 15.891 0.007
4042.57152 15.904 0.007
4042.63105 15.882 0.007
4044.67368 15.844 0.008
4046.62763 15.884 0.007
4047.58513 15.874 0.007
4049.53950 15.872 0.006
4049.55773 15.862 0.006
4051.58914 15.862 0.007
4051.60729 15.871 0.006
4053.61827 15.877 0.006
4053.63652 15.865 0.006
4055.52920 15.881 0.007
4055.54750 15.857 0.007
4057.58657 15.868 0.007
4057.60456 15.892 0.007
4059.60298 15.902 0.007
4059.62111 15.895 0.006
4063.54979 15.895 0.007
4063.61247 15.896 0.006
4065.60009 15.911 0.006
4066.52737 15.897 0.007
4067.59093 15.898 0.007
4068.59474 15.882 0.006
4069.54378 15.921 0.007
4071.53588 15.894 0.007
4071.55461 15.895 0.007
4074.55072 15.898 0.007
4074.57108 15.871 0.006
4077.55245 15.905 0.007
4077.62376 15.887 0.007
4079.55264 15.882 0.007
4079.57084 15.875 0.006
4082.55395 15.874 0.006
4083.57835 15.862 0.007
4085.63130 15.918 0.007
4087.60027 15.906 0.006
4092.58677 15.933 0.006
4095.56413 15.915 0.006
4095.60117 15.903 0.006
4097.62930 15.908 0.007
4098.58319 15.902 0.007
4100.62076 15.879 0.007
4102.55534 15.914 0.007
4105.58477 15.896 0.007
4107.55947 15.877 0.006
4111.62120 15.910 0.006
4112.55989 15.904 0.007
4115.54066 15.913 0.007
4119.54944 15.894 0.007
4120.57159 15.916 0.007
4122.57575 15.916 0.007
4124.58863 15.899 0.007
4128.57587 15.915 0.007
4128.60700 15.906 0.007
4253.87645 15.862 0.009
4253.89912 15.861 0.009
4255.87472 15.847 0.008
4255.91774 15.846 0.008
4258.93449 15.846 0.008
4268.93305 15.832 0.007
4273.92083 15.838 0.009
4275.94799 15.811 0.008
4279.77400 15.795 0.009
4279.84483 15.816 0.008
4282.74731 15.799 0.008
4282.83623 15.805 0.007
4282.91158 15.792 0.007
4283.83833 15.810 0.008
4283.85527 15.809 0.008
4284.88571 15.809 0.008
4284.90611 15.804 0.007
4289.86032 15.771 0.007
4289.87719 15.770 0.007
4292.89358 15.781 0.007
4292.91048 15.783 0.007
4295.88706 15.766 0.007
4295.90441 15.763 0.007
4296.91754 15.777 0.007
4296.93867 15.773 0.006
4297.94949 15.774 0.008
4298.85770 15.761 0.007
4299.88435 15.751 0.007
4299.90120 15.747 0.006
4300.90609 15.735 0.007
4300.92303 15.740 0.007
4301.92463 15.755 0.007
4301.94185 15.743 0.007
4302.94653 15.740 0.008
4303.83258 15.762 0.007
4306.94324 15.738 0.008
4307.72959 15.747 0.007
4307.85783 15.736 0.007
4308.68603 15.738 0.007
4308.70336 15.737 0.007
4308.89396 15.747 0.007
4308.91122 15.749 0.007
4310.86610 15.743 0.007
4310.88329 15.727 0.007
4311.86598 15.734 0.008
4311.88481 15.729 0.008
4312.92813 15.703 0.007
4314.81377 15.719 0.007
4316.85511 15.736 0.007
4316.87345 15.732 0.007
4320.85715 15.710 0.007
4320.88244 15.729 0.007
4326.86466 15.714 0.007
4326.88154 15.701 0.007
4327.88694 15.714 0.008
4327.90507 15.704 0.007
4328.85696 15.723 0.007
4328.87506 15.723 0.008
4329.85769 15.720 0.007
4329.87448 15.705 0.007
4330.88763 15.707 0.007
4330.90570 15.706 0.007
4332.90380 15.700 0.007
4332.92196 15.705 0.007
4334.88084 15.714 0.007
4334.91525 15.718 0.008
4339.86996 15.690 0.007
4339.87743 15.695 0.007
4340.80413 15.704 0.007
4340.82220 15.702 0.007
4341.79696 15.698 0.007
4341.81506 15.692 0.007
4342.87120 15.692 0.007
4342.88933 15.689 0.007
4343.79056 15.691 0.007
4343.80864 15.692 0.007
4344.77263 15.686 0.007
4344.79079 15.673 0.007
4346.72889 15.688 0.007
4346.76707 15.687 0.007
4348.73472 15.699 0.007
4348.75279 15.691 0.007
4350.71139 15.677 0.006
4350.72959 15.665 0.006
4353.66950 15.692 0.007
4353.68772 15.683 0.007
4354.79087 15.684 0.007
4355.74627 15.684 0.007
4358.68962 15.673 0.007
4359.72850 15.680 0.007
4359.74685 15.688 0.006
4362.67613 15.688 0.008
4362.69719 15.671 0.007
4363.63544 15.663 0.007
4365.67119 15.688 0.007
4365.69381 15.691 0.008
4369.68775 15.674 0.007
4369.72798 15.674 0.007
4371.67675 15.696 0.007
4371.69496 15.690 0.007
4376.68020 15.676 0.007
4376.69832 15.670 0.007
4378.64686 15.697 0.007
4378.66502 15.692 0.007
4379.67813 15.695 0.007
4379.69629 15.680 0.007
4381.63727 15.687 0.007
4381.65548 15.671 0.007
4382.71584 15.667 0.007
4383.68398 15.668 0.007
4386.69009 15.674 0.007
4386.70858 15.681 0.007
4388.69084 15.682 0.007
4388.70887 15.670 0.007
4390.69965 15.675 0.007
4390.71781 15.676 0.007
4393.69415 15.688 0.007
4394.60541 15.672 0.007
4396.66875 15.685 0.007
4396.68883 15.678 0.007
4398.67374 15.692 0.007
4398.69193 15.679 0.007
4400.69824 15.666 0.007
4402.67698 15.680 0.007
4404.67526 15.686 0.007
4404.69344 15.679 0.007
4407.66312 15.657 0.007
4407.70196 15.654 0.007
4409.71754 15.670 0.007
4410.69303 15.680 0.007
4411.71266 15.664 0.006
4415.67937 15.675 0.007
4415.71651 15.667 0.007
4417.66651 15.674 0.006
4418.62491 15.678 0.007
4420.65292 15.693 0.007
4421.68272 15.690 0.007
4422.68494 15.694 0.007
4423.68716 15.694 0.007
4424.68205 15.682 0.007
4426.56336 15.692 0.007
4427.56778 15.686 0.007
4428.58005 15.687 0.008
4429.61089 15.695 0.008
4430.64021 15.673 0.007
4431.59800 15.679 0.007
4432.62615 15.672 0.007
4433.60388 15.693 0.007
4434.63138 15.670 0.007
4435.59222 15.681 0.007
4436.60773 15.679 0.007
4438.65230 15.671 0.007
4438.67037 15.676 0.007
4440.62180 15.676 0.007
4442.56500 15.690 0.007
4442.58325 15.669 0.007
4444.58976 15.687 0.008
4444.60797 15.683 0.008
4450.62223 15.679 0.007
4452.59974 15.692 0.007
4452.61818 15.680 0.007
4454.53681 15.694 0.007
4454.63838 15.695 0.007
4455.58045 15.694 0.007
4455.60889 15.695 0.007
4457.54444 15.703 0.007
4457.58935 15.692 0.008
4459.56451 15.711 0.007
4460.54375 15.704 0.007
4462.59595 15.699 0.007
4463.60727 15.679 0.007
4466.62009 15.688 0.007
4467.59008 15.706 0.007
4470.58948 15.685 0.007
4471.55474 15.700 0.007
4474.63604 15.711 0.007
4475.54881 15.708 0.007
4476.61436 15.707 0.006
4480.58984 15.713 0.007
4481.62207 15.721 0.007
4482.59678 15.725 0.008
4483.64070 15.731 0.007
4485.60664 15.733 0.008
4485.62217 15.731 0.008
4488.60208 15.731 0.008
4488.62279 15.749 0.008
4492.61304 15.730 0.007
4609.92442 15.877 0.007
4643.90859 15.906 0.007
4643.92671 15.884 0.008
4650.94747 15.900 0.008
4655.90888 15.895 0.007
4655.92692 15.910 0.007
4661.92269 15.885 0.007
4662.80529 15.892 0.007
4662.84626 15.891 0.007
4662.92211 15.931 0.007
4662.94413 15.897 0.007
4663.77690 15.885 0.007
4663.79500 15.892 0.008
4663.92474 15.914 0.008
4665.85001 15.902 0.008
4665.86815 15.918 0.008
4665.94382 15.903 0.008
4666.94299 15.887 0.008
4670.93211 15.875 0.007
4671.84655 15.889 0.007
4671.90202 15.893 0.007
4676.93232 15.879 0.008
4677.84795 15.890 0.007
4677.86593 15.886 0.007
4682.82234 15.871 0.007
4682.84035 15.870 0.007
4684.86024 15.874 0.007
4684.87836 15.882 0.007
4686.82021 15.871 0.006
4686.83832 15.867 0.006
4688.83616 15.871 0.007
4688.85456 15.879 0.007
4690.76180 15.886 0.007
4690.77989 15.870 0.007
4691.76483 15.872 0.007
4691.78322 15.876 0.007
4693.91978 15.851 0.008
4694.82950 15.857 0.008
4696.91654 15.863 0.008
4697.77385 15.874 0.008
4697.83195 15.885 0.008
4698.78154 15.827 0.006
4699.77568 15.871 0.007
4699.79488 15.868 0.007
4700.81039 15.854 0.007
4700.82877 15.855 0.007
4701.81829 15.849 0.007
4701.83645 15.834 0.007
4703.77751 15.858 0.007
4703.79565 15.850 0.007
4704.79624 15.864 0.007
4704.81438 15.854 0.007
4705.80375 15.836 0.007
4705.82199 15.845 0.008
4707.79617 15.835 0.007
4707.83940 15.831 0.006
4709.75197 15.849 0.007
4709.77020 15.838 0.007
4710.78053 15.855 0.006
4715.76054 15.820 0.007
4715.77878 15.840 0.007
4716.84376 15.838 0.006
4717.71370 15.822 0.007
4717.73337 15.806 0.006
4719.80110 15.822 0.007
4720.71224 15.791 0.007
4721.79398 15.801 0.007
4722.72748 15.798 0.006
4724.67650 15.811 0.007
4725.73268 15.775 0.007
4725.75601 15.786 0.007
4728.76153 15.799 0.007
4730.72325 15.777 0.006
4730.78595 15.771 0.006
4733.73816 15.758 0.007
4733.75817 15.759 0.006
4736.67487 15.754 0.007
4737.78245 15.756 0.006
4738.76766 15.745 0.007
4739.62192 15.739 0.007
4740.64989 15.742 0.007
4740.67973 15.751 0.007
4740.70075 15.738 0.007
4741.66360 15.754 0.006
4741.71508 15.751 0.006
4743.69745 15.732 0.006
4747.58202 15.743 0.007
4747.61931 15.736 0.007
4748.63104 15.735 0.006
4748.68621 15.742 0.007
4749.61897 15.738 0.007
4749.65155 15.744 0.007
4750.71907 15.734 0.008
4753.62052 15.737 0.007
4753.68996 15.758 0.008
4754.59359 15.710 0.007
4754.64462 15.715 0.007
4755.62647 15.725 0.007
4755.68198 15.732 0.007
4756.65422 15.722 0.007
4757.60705 15.722 0.006
4757.66644 15.711 0.007
4758.63443 15.708 0.006
4759.62854 15.722 0.007
4759.68115 15.722 0.006
4760.62110 15.724 0.006
4761.64956 15.713 0.006
4762.61090 15.715 0.007
4763.66680 15.701 0.007
4767.60768 15.717 0.007
4767.64649 15.705 0.007
4770.67628 15.692 0.007
4770.69477 15.675 0.007
4772.61399 15.687 0.006
4772.63213 15.689 0.007
4774.56856 15.678 0.007
4774.60762 15.671 0.006
4776.56013 15.671 0.006
4776.57940 15.675 0.007
4777.66209 15.653 0.006
4778.58077 15.679 0.006
4780.53078 15.663 0.007
4780.57801 15.668 0.006
4781.64473 15.660 0.007
4782.55091 15.648 0.006
4783.59386 15.663 0.007
4783.61250 15.660 0.006
4785.62927 15.671 0.007
4786.53282 15.659 0.007
4787.58141 15.656 0.007
4787.59991 15.657 0.008
4789.56033 15.656 0.006
4789.57864 15.637 0.006
4791.54190 15.647 0.007
4791.56020 15.643 0.006
4793.54926 15.657 0.007
4793.56755 15.651 0.006
4795.56197 15.637 0.006
4795.58042 15.635 0.006
4797.55423 15.660 0.007
4797.57259 15.671 0.007
4798.61755 15.650 0.007
4798.63582 15.636 0.006
4800.66494 15.626 0.006
4801.53706 15.628 0.006
4802.57402 15.642 0.007
4802.62452 15.640 0.006
4803.55605 15.642 0.006
4803.59645 15.631 0.006
4804.61115 15.661 0.007
4805.53146 15.636 0.007
4805.53878 15.639 0.007
4805.59798 15.637 0.006
4806.58287 15.638 0.007
4806.62294 15.634 0.007
4807.53582 15.644 0.007
4807.55819 15.623 0.007
4807.60948 15.636 0.007
4808.57861 15.636 0.007
4808.62014 15.637 0.007
4809.56515 15.638 0.007
4809.58333 15.625 0.006
4809.63423 15.630 0.006
4810.54278 15.625 0.007
4811.58703 15.634 0.007
4811.60524 15.630 0.006
4812.62761 15.629 0.007
4813.56398 15.612 0.007
4814.56307 15.621 0.007
4815.59989 15.634 0.007
4816.54697 15.635 0.007
4816.56526 15.629 0.006
4818.57919 15.622 0.006
4818.59723 15.626 0.007
4820.53874 15.629 0.007
4820.55718 15.638 0.007
4822.59545 15.621 0.006
4822.61397 15.606 0.006
4824.58028 15.621 0.007
4824.59880 15.610 0.007
4826.63995 15.603 0.006
4831.57041 15.589 0.006
4833.57937 15.598 0.006
4833.59828 15.592 0.006
4835.60259 15.597 0.006
4835.62100 15.604 0.007
4837.61352 15.606 0.007
4839.62403 15.597 0.007
4841.58992 15.603 0.007
4842.59068 15.598 0.007
4843.58411 15.617 0.007
4844.53978 15.595 0.006
4844.60113 15.583 0.006
4846.59322 15.581 0.006
4847.54394 15.615 0.007
4847.65535 15.605 0.008
4848.62944 15.592 0.006
4849.54099 15.600 0.007
4849.61534 15.584 0.006
4849.64449 15.577 0.006
4850.58423 15.574 0.006
4850.61693 15.576 0.006
4850.64737 15.579 0.006
4853.61260 15.590 0.006
4854.54170 15.592 0.006
4854.60822 15.581 0.006
4855.62582 15.615 0.007
4856.53299 15.561 0.006
4856.62540 15.568 0.006
4859.52760 15.591 0.008
4862.52504 15.584 0.007
4862.52865 15.586 0.007
4862.57329 15.559 0.006
4862.58499 15.574 0.006
4862.59963 15.578 0.006
4863.53531 15.564 0.006
4864.52963 15.578 0.007
4864.56974 15.561 0.006
4865.52740 15.564 0.007
4865.57255 15.589 0.006
4866.53437 15.592 0.007
4866.54343 15.594 0.007
4866.57465 15.593 0.007
4867.58212 15.582 0.006
4868.54477 15.564 0.006
4868.56364 15.575 0.006
4868.58178 15.566 0.006
4870.52433 15.572 0.007
4871.52270 15.580 0.008
4874.51953 15.564 0.007
4876.54323 15.545 0.006
4948.92118 15.485 0.006
4954.92531 15.498 0.007
