 466.55713 16.108 0.006
 466.57236 16.095 0.006
 466.60297 16.108 0.006
 466.63251 16.103 0.006
 467.55038 16.102 0.006
 467.57983 16.096 0.006
 467.60929 16.100 0.006
 467.63881 16.098 0.006
 469.55976 16.091 0.008
 469.59836 16.097 0.006
 469.62999 16.082 0.006
 471.61229 16.109 0.006
 471.62750 16.104 0.008
 472.54446 16.094 0.009
 472.55920 16.104 0.009
 472.57387 16.097 0.006
 472.58851 16.099 0.008
 621.81396 16.091 0.011
 622.89103 16.083 0.009
 624.91759 16.092 0.008
 625.90505 16.121 0.008
 626.87655 16.097 0.008
 627.86279 16.095 0.009
 628.90387 16.095 0.008
 629.90165 16.090 0.008
 631.93261 16.123 0.009
 632.87314 16.104 0.008
 633.90857 16.094 0.008
 635.90341 16.110 0.008
 643.87244 16.086 0.008
 645.84414 16.100 0.008
 647.80188 16.096 0.010
 649.79926 16.088 0.009
 656.85963 16.092 0.008
 657.83191 16.103 0.009
 658.87219 16.103 0.009
 663.77847 16.090 0.010
 664.88341 16.076 0.008
 665.83066 16.066 0.006
 666.84122 16.075 0.006
 667.86046 16.064 0.006
 668.83126 16.082 0.006
 670.79682 16.075 0.008
 671.81888 16.079 0.006
 672.82443 16.075 0.006
 673.79180 16.071 0.006
 684.75220 16.050 0.006
 685.80706 16.059 0.009
 686.70834 16.048 0.008
 687.78969 16.046 0.006
 688.73170 16.052 0.006
 689.75887 16.041 0.006
 697.72502 16.025 0.006
 698.79611 16.028 0.008
 699.69514 16.024 0.006
 700.73592 16.024 0.006
 701.70813 16.027 0.008
 704.73616 16.017 0.008
 706.70181 16.029 0.010
 707.73938 16.009 0.008
 708.76353 15.981 0.008
 712.76409 15.973 0.006
 713.74545 15.976 0.006
 714.76041 15.981 0.006
 715.72598 15.977 0.006
 716.69405 15.986 0.008
 720.72590 15.980 0.009
 726.69425 15.967 0.006
 728.68738 15.951 0.006
 729.68954 15.953 0.008
 730.67392 15.941 0.006
 733.64037 15.918 0.008
 739.66036 15.920 0.008
 741.62616 15.928 0.006
 742.60241 15.925 0.006
 744.64950 15.921 0.006
 745.60045 15.908 0.006
 746.79122 15.923 0.008
 747.66176 15.917 0.006
 748.62347 15.924 0.006
 749.62886 15.914 0.008
 750.62269 15.916 0.008
 751.63115 15.901 0.008
 752.74554 15.896 0.006
 753.68117 15.899 0.008
 759.63905 15.876 0.006
 760.66469 15.889 0.006
 761.64076 15.882 0.006
 761.74600 15.895 0.008
 762.63212 15.877 0.008
 762.66166 15.894 0.008
 763.64832 15.878 0.006
 763.75908 15.887 0.008
 765.58038 15.893 0.009
 766.61786 15.892 0.008
 766.72074 15.896 0.009
 767.62536 15.877 0.009
 767.68702 15.906 0.010
 767.76328 15.888 0.008
 769.60820 15.878 0.008
 769.68192 15.880 0.006
 770.61435 15.873 0.006
 771.64741 15.876 0.006
 772.60925 15.867 0.006
 773.61439 15.848 0.006
 773.76658 15.865 0.008
 774.60737 15.861 0.006
 775.56526 15.843 0.006
 776.64618 15.855 0.006
 777.62044 15.849 0.006
 778.62380 15.853 0.008
 779.65076 15.849 0.006
 779.76105 15.861 0.008
 780.65057 15.857 0.006
 781.56493 15.860 0.006
 781.74538 15.865 0.008
 782.63045 15.866 0.008
 782.75979 15.849 0.008
 783.54742 15.841 0.006
 784.58942 15.843 0.006
 785.61624 15.844 0.006
 785.76183 15.839 0.006
 786.61992 15.837 0.006
 787.70037 15.843 0.006
 788.63321 15.843 0.006
 788.65877 15.856 0.006
 790.58190 15.839 0.006
 792.55986 15.833 0.006
 795.62453 15.811 0.006
 796.55346 15.797 0.008
 796.73878 15.842 0.009
 797.71358 15.786 0.006
 798.57627 15.808 0.006
 799.71420 15.801 0.006
 800.62923 15.808 0.006
 802.68924 15.838 0.009
 805.61655 15.827 0.008
 806.62673 15.804 0.006
 808.55817 15.824 0.008
 816.68916 15.767 0.006
 817.59924 15.750 0.006
 819.56201 15.745 0.006
 820.63833 15.737 0.006
 822.55888 15.751 0.006
 824.58470 15.774 0.008
 825.65783 15.765 0.008
 828.61800 15.765 0.005
 829.58460 15.762 0.006
 832.59147 15.768 0.006
 833.61136 15.755 0.006
 834.58094 15.757 0.006
 836.55907 15.753 0.006
 838.59205 15.725 0.006
 840.60181 15.725 0.006
 845.55321 15.734 0.006
 850.57669 15.741 0.006
 855.58169 15.752 0.008
 859.56949 15.733 0.006
 866.53402 15.730 0.006
 875.52410 15.753 0.005
 962.93782 16.026 0.008
 966.93730 16.032 0.008
 970.91371 16.025 0.008
 976.89433 16.051 0.008
 982.88223 16.087 0.011
 986.84875 16.073 0.008
 987.86232 16.079 0.008
 991.93062 16.069 0.006
 996.93433 16.083 0.008
 998.90538 16.073 0.008
1004.80400 16.092 0.008
1006.83258 16.094 0.009
1020.90207 16.096 0.008
1035.75479 16.108 0.008
1037.78399 16.113 0.008
1041.79216 16.109 0.008
1045.75389 16.104 0.006
1052.77798 16.120 0.008
1055.65117 16.106 0.008
1058.86317 16.094 0.009
1059.78116 16.097 0.008
1061.73391 16.096 0.008
1064.81783 16.115 0.009
1068.71925 16.097 0.008
1072.69938 16.108 0.008
1076.67715 16.088 0.006
1078.68772 16.099 0.008
1081.70027 16.101 0.008
1084.63845 16.105 0.006
1087.65835 16.108 0.008
1090.71474 16.100 0.008
1092.74684 16.109 0.009
1094.65352 16.111 0.006
1106.71856 16.121 0.006
1110.63768 16.101 0.009
1116.59615 16.106 0.008
1120.58475 16.101 0.008
1126.66007 16.104 0.006
1129.55850 16.094 0.009
1132.54158 16.115 0.008
1135.59167 16.104 0.008
1138.64134 16.112 0.006
1140.61872 16.106 0.006
1144.67632 16.113 0.008
1151.55593 16.110 0.008
1155.55753 16.103 0.008
1159.55297 16.107 0.008
1162.58538 16.088 0.006
1164.69895 16.109 0.008
1170.55735 16.109 0.008
1178.66744 16.108 0.008
1182.67931 16.106 0.008
1183.71767 16.110 0.008
1185.70085 16.110 0.008
1188.70013 16.111 0.008
1191.58391 16.114 0.008
1202.59900 16.096 0.009
1205.55042 16.087 0.009
1211.57089 16.103 0.010
1217.58152 16.104 0.008
1220.58402 16.100 0.008
1229.53675 16.094 0.009
1238.53299 16.138 0.015
1327.91716 16.120 0.011
1330.83386 16.090 0.009
1335.88561 16.087 0.009
1340.90515 16.095 0.008
1348.94122 16.097 0.008
1354.91477 16.089 0.009
1360.93450 16.090 0.009
1365.93071 16.093 0.009
1367.85421 16.092 0.010
1374.92631 16.109 0.009
1394.86247 16.105 0.010
1395.89395 16.088 0.008
1397.81561 16.091 0.010
1401.84265 16.094 0.009
1402.92759 16.087 0.008
1407.85066 16.098 0.008
1412.74597 16.095 0.008
1417.90434 16.084 0.008
1430.73694 16.112 0.009
1432.74765 16.099 0.008
1435.70404 16.100 0.009
1439.67053 16.104 0.009
1442.67421 16.104 0.008
1447.74941 16.085 0.010
1451.68564 16.106 0.009
1455.70534 16.098 0.009
1458.74275 16.122 0.011
1460.74607 16.091 0.008
1462.65170 16.093 0.009
1470.65795 16.094 0.008
1471.77708 16.106 0.008
1472.64517 16.097 0.008
1475.65086 16.096 0.008
1477.57993 16.096 0.009
1481.59769 16.086 0.008
1484.64664 16.099 0.008
1487.64172 16.088 0.008
1490.68052 16.108 0.008
1492.58016 16.101 0.009
1495.53695 16.092 0.009
1499.56558 16.079 0.009
1502.56369 16.084 0.009
1505.63027 16.084 0.009
1508.56565 16.103 0.008
1509.54195 16.095 0.009
1512.64380 16.085 0.009
1515.61850 16.093 0.009
1517.62199 16.106 0.008
1520.60914 16.096 0.008
1524.55686 16.096 0.009
1526.59697 16.100 0.009
1531.64857 16.105 0.009
1543.60605 16.116 0.008
1546.62088 16.086 0.008
1551.58266 16.111 0.008
1555.61615 16.098 0.008
1562.59475 16.113 0.009
1569.57391 16.102 0.008
1575.59974 16.102 0.008
1580.57471 16.099 0.008
1583.57738 16.106 0.008
1587.55717 16.098 0.008
1597.54264 16.094 0.009
1603.55074 16.074 0.009
1608.52646 16.093 0.009
1701.90819 16.122 0.012
1703.91132 16.105 0.009
1705.91687 16.103 0.009
1716.87722 16.077 0.009
1717.88762 16.080 0.008
1729.92330 16.097 0.006
1732.89311 16.090 0.008
1740.84412 16.094 0.008
1742.89189 16.093 0.009
1744.86106 16.083 0.009
1745.88526 16.101 0.009
1749.86572 16.089 0.006
1750.83762 16.110 0.008
1751.84948 16.100 0.008
1752.81081 16.094 0.008
1753.81188 16.095 0.008
1754.83854 16.112 0.008
1755.80387 16.112 0.009
1756.83336 16.099 0.011
1757.78256 16.125 0.010
1758.78705 16.093 0.008
1759.83141 16.079 0.008
1761.81247 16.099 0.009
1762.79884 16.108 0.008
1763.80185 16.125 0.008
1764.79435 16.086 0.006
1765.78881 16.098 0.009
1766.72985 16.115 0.009
1768.80897 16.083 0.008
1769.71835 16.078 0.008
1770.83028 16.127 0.012
1771.83440 16.114 0.010
1772.77677 16.094 0.008
1773.74410 16.105 0.008
1776.76690 16.099 0.008
1784.74355 16.100 0.008
1787.88602 16.058 0.004
1788.80906 16.090 0.008
1803.76940 16.085 0.008
1806.76352 16.084 0.008
1808.83315 16.099 0.010
1811.76154 16.075 0.006
1814.80838 16.073 0.006
1817.77403 16.071 0.006
1822.65149 16.055 0.008
1826.80261 16.062 0.008
1829.74489 16.054 0.008
1833.79144 16.045 0.009
1846.79289 16.001 0.008
1850.74962 15.981 0.009
1854.80569 15.978 0.006
1858.72957 15.977 0.008
1862.72846 15.955 0.006
1867.75292 15.955 0.008
1871.75951 15.954 0.006
2085.90914 15.724 0.008
2086.88843 15.738 0.007
2103.89525 15.711 0.006
2105.92315 15.752 0.007
2106.89098 15.739 0.007
2112.84336 15.753 0.007
2116.87111 15.775 0.007
2123.81803 15.753 0.007
2124.83847 15.724 0.009
2128.82553 15.772 0.007
2129.85750 15.774 0.007
2130.84387 15.798 0.007
2131.83748 15.796 0.007
2132.80627 15.810 0.008
2133.89460 15.813 0.008
2134.81000 15.803 0.008
2135.84408 15.827 0.007
2137.89208 15.818 0.008
2140.81134 15.823 0.007
2142.75205 15.774 0.007
2143.81755 15.827 0.007
2144.82425 15.819 0.007
2155.87863 15.880 0.009
2156.82521 15.863 0.007
2160.75460 15.885 0.008
2162.76139 15.888 0.007
2166.75600 15.869 0.007
2167.76446 15.867 0.007
2168.71363 15.869 0.007
2171.73955 15.913 0.007
2172.74617 15.913 0.007
2177.63966 15.934 0.007
2184.70130 15.936 0.008
2185.66480 15.903 0.008
2186.68965 15.969 0.009
2187.68483 15.953 0.009
2188.73199 15.940 0.008
2190.69136 15.958 0.007
2191.66474 15.961 0.007
2192.66325 15.970 0.007
2193.68432 15.964 0.007
2194.65442 15.976 0.007
2203.55089 16.002 0.008
2206.60721 15.985 0.010
2211.64130 16.013 0.008
2212.64513 16.004 0.008
2213.65095 16.010 0.008
2214.64214 16.004 0.009
2215.64912 16.013 0.008
2217.63582 16.029 0.009
2219.67868 16.029 0.008
2224.71356 16.051 0.008
2226.63643 16.064 0.010
2228.55833 16.018 0.008
2229.61659 16.037 0.008
2231.64326 16.047 0.008
2232.50999 16.035 0.010
2233.61341 16.049 0.008
2235.66353 16.052 0.007
2238.54707 16.058 0.008
2240.65138 16.070 0.008
2242.61889 16.059 0.009
2248.60354 16.063 0.007
2250.57686 16.044 0.007
2253.57050 16.056 0.007
2255.60716 16.073 0.008
2258.57346 16.081 0.007
2263.58419 16.083 0.008
2266.55498 16.073 0.008
2271.56456 16.055 0.008
2273.56390 16.092 0.010
2275.59883 16.072 0.008
2276.55838 16.084 0.010
2278.59096 16.089 0.008
2280.58682 16.077 0.008
2284.58970 16.080 0.008
2290.60368 16.084 0.008
2293.56596 16.074 0.008
2295.55870 16.083 0.008
2297.56199 16.073 0.009
2299.56109 16.097 0.009
2301.55335 16.091 0.009
2445.91192 16.081 0.010
2460.87884 16.087 0.011
2463.91518 16.078 0.008
2465.92794 16.082 0.008
2467.90093 16.085 0.008
2469.90031 16.082 0.008
2471.88975 16.091 0.008
2472.91922 16.087 0.007
2473.89113 16.091 0.007
2481.90282 16.101 0.010
2483.88864 16.102 0.008
2486.88565 16.097 0.009
2488.87656 16.083 0.010
2489.92299 16.074 0.008
2492.90335 16.073 0.008
2495.89338 16.088 0.009
2496.90310 16.095 0.008
2497.92651 16.100 0.008
2498.77378 16.086 0.009
2499.85936 16.095 0.008
2500.86493 16.103 0.008
2501.85389 16.098 0.008
2502.83412 16.093 0.009
2508.74536 16.087 0.011
2516.77666 16.094 0.010
2517.82340 16.091 0.009
2518.79484 16.103 0.009
2519.83174 16.094 0.008
2520.79113 16.106 0.008
2521.82327 16.101 0.008
2524.82152 16.105 0.010
2526.77770 16.099 0.008
2534.83408 16.076 0.009
2535.81429 16.098 0.008
2537.70207 16.086 0.010
2538.79803 16.103 0.009
2539.70185 16.103 0.009
2540.74273 16.086 0.011
2541.71375 16.107 0.008
2542.68354 16.099 0.008
2544.66208 16.100 0.008
2545.67711 16.099 0.008
2547.69512 16.101 0.008
2548.71156 16.080 0.008
2550.70669 16.083 0.008
2551.69333 16.092 0.008
2553.64905 16.108 0.010
2554.70257 16.098 0.008
2555.71050 16.101 0.008
2556.68952 16.099 0.008
2557.70206 16.092 0.007
2558.65854 16.108 0.009
2559.61544 16.110 0.009
2560.64850 16.097 0.008
2561.67405 16.107 0.011
2562.66694 16.095 0.009
2563.67487 16.103 0.009
2564.69026 16.101 0.008
2565.68116 16.109 0.009
2566.66144 16.089 0.008
2568.69242 16.091 0.010
2571.64511 16.098 0.010
2573.65854 16.111 0.010
2574.64237 16.113 0.009
2577.62924 16.108 0.010
2578.62931 16.088 0.008
2579.63596 16.103 0.009
2580.64808 16.109 0.008
2583.61939 16.105 0.009
2584.62675 16.102 0.009
2586.62397 16.110 0.008
2587.60838 16.102 0.009
2588.71680 16.094 0.009
2589.59832 16.096 0.009
2590.61345 16.099 0.009
2591.63659 16.105 0.009
2593.60559 16.104 0.008
2594.60936 16.105 0.010
2596.58489 16.104 0.010
2597.57206 16.096 0.009
2598.64593 16.095 0.009
2599.60541 16.089 0.010
2607.62660 16.116 0.010
2610.54642 16.102 0.010
2613.54032 16.091 0.009
2615.56917 16.096 0.009
2619.55687 16.094 0.010
2621.56577 16.096 0.008
2625.54841 16.113 0.010
2628.54178 16.095 0.011
2632.54820 16.089 0.009
2636.54337 16.099 0.010
2639.54386 16.104 0.009
2642.55261 16.106 0.010
2646.56543 16.109 0.008
2651.53746 16.087 0.011
2654.55527 16.089 0.010
2657.55813 16.101 0.009
2660.55391 16.103 0.009
2671.55158 16.093 0.009
2673.56338 16.093 0.010
2676.52475 16.100 0.011
2679.53811 16.096 0.008
2682.54043 16.087 0.010
2777.90295 16.100 0.011
2804.86989 16.083 0.010
2811.90436 16.094 0.011
2814.94001 16.088 0.009
2817.92658 16.102 0.009
2825.90438 16.072 0.008
2831.78143 16.103 0.009
2832.74739 16.078 0.009
2832.92536 16.095 0.009
2833.86530 16.089 0.010
2835.87395 16.091 0.009
2837.87502 16.086 0.011
2838.93218 16.089 0.010
2840.82492 16.073 0.010
2843.82636 16.088 0.007
2844.87219 16.094 0.009
2845.91818 16.098 0.010
2849.85561 16.089 0.009
2850.88837 16.098 0.009
2851.93194 16.093 0.010
2852.80262 16.088 0.009
2853.94203 16.074 0.009
2856.81529 16.096 0.009
2858.90934 16.082 0.008
2860.87534 16.091 0.008
2861.74651 16.086 0.008
2862.92552 16.100 0.009
2863.83472 16.096 0.011
2865.83162 16.105 0.008
2866.88126 16.097 0.010
2867.82127 16.091 0.008
2868.76894 16.091 0.009
2869.90194 16.106 0.009
2870.81554 16.092 0.008
2871.85846 16.085 0.008
2875.79802 16.089 0.010
2876.77573 16.092 0.008
2877.79763 16.104 0.008
2879.73926 16.094 0.008
2883.82540 16.081 0.007
2885.76020 16.097 0.009
2888.80852 16.094 0.008
2892.79988 16.106 0.010
2894.72904 16.096 0.009
2896.72614 16.096 0.008
2898.74712 16.085 0.008
2900.74596 16.096 0.007
2902.74548 16.091 0.008
2905.75268 16.083 0.008
2907.75408 16.088 0.008
2909.74319 16.104 0.007
2911.73455 16.091 0.007
2915.70602 16.093 0.008
2917.73213 16.086 0.008
2921.72988 16.092 0.009
2923.75183 16.079 0.009
2925.71480 16.090 0.008
2927.71233 16.076 0.009
2930.73038 16.084 0.008
2932.73689 16.098 0.008
2934.71672 16.096 0.008
2937.64073 16.101 0.009
2939.69337 16.088 0.008
2940.63350 16.091 0.007
2941.68332 16.101 0.007
2942.63345 16.095 0.008
2943.60468 16.103 0.009
2944.58927 16.090 0.008
2945.60604 16.095 0.011
2947.61554 16.104 0.009
2949.59685 16.105 0.008
2950.64160 16.103 0.008
2951.62878 16.096 0.009
2952.65771 16.092 0.009
2954.68263 16.101 0.009
2956.62862 16.100 0.007
2958.62303 16.106 0.009
2961.59410 16.105 0.011
2968.59386 16.091 0.009
2970.61311 16.100 0.008
2972.59760 16.101 0.008
2974.59835 16.104 0.008
2976.54805 16.099 0.009
2978.57415 16.107 0.010
2980.59102 16.101 0.010
2982.53624 16.097 0.009
2984.62711 16.091 0.010
2986.63724 16.086 0.009
2988.52960 16.098 0.011
2991.60267 16.092 0.008
2994.58439 16.091 0.008
2997.55718 16.106 0.008
3001.57363 16.084 0.008
3005.53170 16.104 0.011
3008.55336 16.112 0.010
3008.55802 16.096 0.010
3011.56139 16.099 0.010
3016.58805 16.086 0.009
3018.57452 16.100 0.008
3020.60257 16.096 0.008
3021.61538 16.087 0.007
3023.57128 16.093 0.008
3025.56979 16.098 0.009
3027.60330 16.093 0.008
3029.57520 16.072 0.008
3031.57974 16.094 0.008
3033.58211 16.100 0.008
3037.52913 16.106 0.010
3164.92956 16.075 0.008
3177.91731 16.062 0.008
3183.91153 16.073 0.008
3193.87929 16.045 0.008
3195.93849 16.029 0.007
3197.91395 16.041 0.007
3201.87137 16.034 0.007
3203.87932 16.027 0.007
3206.81719 16.008 0.008
3210.89322 16.004 0.007
3211.88465 15.998 0.007
3215.66076 16.000 0.009
3216.72877 16.018 0.009
3217.92930 15.993 0.008
3218.91393 16.011 0.010
3223.83478 15.959 0.008
3226.82503 15.953 0.007
3229.83216 15.947 0.007
3231.81430 15.944 0.009
3239.79267 15.925 0.007
3240.78993 15.937 0.008
3241.81429 15.931 0.007
3242.71361 15.898 0.007
3243.85006 15.921 0.007
3244.82725 15.911 0.008
3245.77639 15.900 0.008
3246.76884 15.930 0.009
3247.76260 15.898 0.007
3249.72731 15.900 0.007
3251.74083 15.884 0.007
3254.72795 15.906 0.007
3257.74436 15.880 0.007
3259.66354 15.904 0.007
3261.70164 15.891 0.007
3263.68434 15.882 0.007
3265.71873 15.885 0.007
3267.70757 15.871 0.006
3269.78399 15.883 0.008
3270.74081 15.852 0.007
3271.66364 15.850 0.007
3272.72083 15.853 0.007
3274.70670 15.857 0.007
3276.71113 15.858 0.007
3277.74427 15.844 0.007
3279.67659 15.861 0.007
3281.64027 15.851 0.007
3283.64171 15.850 0.006
3287.60793 15.845 0.007
3289.61900 15.837 0.007
3293.59579 15.809 0.006
3295.61458 15.825 0.006
3297.59633 15.837 0.006
3299.65270 15.821 0.005
3301.62694 15.830 0.007
3303.68919 15.825 0.007
3306.62174 15.812 0.006
3308.60946 15.816 0.007
3310.60859 15.805 0.007
3312.65261 15.798 0.007
3314.56347 15.786 0.007
3320.60130 15.789 0.007
3327.55626 15.781 0.007
3330.55049 15.781 0.007
3335.59532 15.746 0.007
3338.59893 15.743 0.007
3349.59526 15.744 0.007
3353.57435 15.748 0.007
3359.55088 15.689 0.007
3363.55822 15.709 0.007
3367.61754 15.712 0.007
3372.54829 15.697 0.006
3376.52760 15.672 0.007
3378.59455 15.621 0.007
3386.56098 15.657 0.006
3390.57456 15.645 0.007
3398.55632 15.635 0.007
3402.54472 15.578 0.005
3528.93692 15.789 0.007
3541.92972 15.852 0.007
3547.91431 15.885 0.007
3554.92252 15.894 0.007
3560.94464 15.939 0.007
3564.90680 15.950 0.007
3568.83766 15.950 0.007
3570.77838 15.997 0.008
3571.80071 15.979 0.009
3573.83820 15.959 0.008
3574.87719 15.959 0.007
3577.83586 15.988 0.007
3578.89443 15.987 0.007
3579.79927 15.987 0.007
3581.84420 15.992 0.007
3581.86691 15.997 0.007
3582.82909 16.041 0.008
3583.83350 16.012 0.007
3584.80520 16.023 0.006
3586.80784 16.013 0.007
3588.82573 16.034 0.007
3589.81854 16.015 0.007
3591.87334 16.026 0.006
3593.81090 16.021 0.007
3596.89136 16.025 0.007
3601.80899 16.061 0.007
3607.81440 16.054 0.007
3614.78579 16.069 0.007
3617.76529 16.065 0.007
3619.69821 16.071 0.007
3621.71667 16.087 0.007
3624.86497 16.087 0.008
3626.71435 16.068 0.007
3629.66796 16.087 0.008
3631.73033 16.086 0.008
3633.69564 16.083 0.008
3637.64955 16.082 0.007
3639.69963 16.077 0.007
3641.69619 16.075 0.007
3643.72056 16.092 0.007
3646.65552 16.103 0.007
3650.65877 16.085 0.007
3650.68281 16.090 0.007
3651.73275 16.092 0.007
3653.72891 16.091 0.007
3655.69509 16.088 0.007
3657.64587 16.087 0.007
3658.65030 16.099 0.007
3659.63835 16.092 0.008
3660.66847 16.100 0.008
3663.55998 16.081 0.009
3665.63356 16.099 0.007
3668.57198 16.099 0.007
3669.67074 16.086 0.008
3671.62890 16.092 0.008
3673.67376 16.093 0.008
3675.65834 16.100 0.007
3681.62964 16.036 0.008
3681.64927 16.093 0.009
3683.64765 16.094 0.007
3685.65278 16.076 0.007
3687.65145 16.097 0.007
3689.59984 16.106 0.007
3692.57568 16.092 0.008
3694.55966 16.090 0.008
3696.56018 16.081 0.007
3698.59387 16.081 0.008
3700.57480 16.071 0.007
3702.58409 16.091 0.007
3704.59036 16.098 0.007
3706.61079 16.072 0.007
3708.58367 16.085 0.007
3711.59026 16.083 0.009
3714.52401 16.084 0.011
3718.60452 16.094 0.008
3721.55342 16.099 0.008
3724.56310 16.068 0.007
3726.58366 16.083 0.007
3728.55677 16.074 0.007
3734.56022 16.087 0.008
3737.57590 16.096 0.007
3742.53452 16.086 0.010
3746.55980 16.063 0.009
3751.53618 16.066 0.010
3756.55244 16.086 0.008
3761.60271 16.088 0.007
3766.52751 16.060 0.009
3772.55033 16.084 0.007
3776.55040 16.076 0.008
3871.87630 16.091 0.009
3901.93882 16.095 0.008
3906.93909 16.100 0.007
3913.91603 16.103 0.007
3918.87954 16.103 0.007
3931.91488 16.097 0.007
3934.85790 16.095 0.007
3936.86610 16.096 0.007
3938.85009 16.085 0.007
3944.89748 16.086 0.007
3946.86561 16.104 0.007
3951.88502 16.101 0.007
3955.85015 16.093 0.009
3958.82667 16.085 0.009
3960.82682 16.085 0.007
3963.82353 16.105 0.009
3965.81541 16.094 0.007
3967.83526 16.094 0.007
3969.80090 16.096 0.007
3971.77709 16.090 0.007
3974.77883 16.098 0.007
3979.73419 16.086 0.007
3980.61754 16.115 0.009
3981.64383 16.087 0.007
3983.83415 16.079 0.008
3986.69571 16.094 0.008
3987.66675 16.084 0.007
3990.79002 16.094 0.007
3993.73482 16.106 0.007
3995.74009 16.093 0.007
3999.74936 16.097 0.007
4002.72150 16.092 0.007
4004.67329 16.090 0.007
4006.69950 16.091 0.007
4007.56288 16.094 0.007
4008.57181 16.080 0.007
4009.73327 16.100 0.007
4013.69838 16.097 0.007
4015.68067 16.108 0.009
4015.69690 16.073 0.008
4018.69606 16.103 0.007
4019.68463 16.107 0.007
4021.67712 16.096 0.007
4024.65059 16.099 0.007
4026.62947 16.077 0.007
4028.62543 16.094 0.007
4030.63799 16.097 0.007
4032.69009 16.090 0.007
4037.66628 16.084 0.007
4039.60422 16.089 0.007
4041.60374 16.087 0.008
4043.58944 16.073 0.008
4046.59877 16.085 0.007
4048.56467 16.107 0.008
4050.60679 16.083 0.007
4052.55889 16.088 0.007
4054.61307 16.089 0.007
4056.58516 16.078 0.007
4058.61871 16.096 0.007
4060.51755 16.103 0.007
4064.51518 16.085 0.007
4066.55665 16.093 0.007
4069.51502 16.077 0.009
4073.59859 16.088 0.008
4077.52194 16.098 0.008
4079.52388 16.116 0.010
4082.52384 16.106 0.009
4085.56155 16.098 0.007
4092.55760 16.096 0.007
4096.58355 16.085 0.007
4100.58634 16.105 0.008
4105.55417 16.116 0.008
4108.53042 16.091 0.008
4113.60831 16.081 0.007
4120.57914 16.101 0.007
4126.57697 16.077 0.008
4252.92626 16.066 0.010
4255.84555 16.049 0.009
4268.89906 16.036 0.008
4275.92119 16.035 0.009
4279.79887 16.013 0.010
4282.80943 16.012 0.009
4283.86237 16.004 0.009
4285.91669 16.003 0.008
4291.93747 15.984 0.008
4292.85599 15.981 0.007
4295.86004 15.963 0.007
4296.88980 15.980 0.007
4297.92266 15.970 0.007
4299.85747 15.966 0.007
4300.87896 15.961 0.007
4301.89697 15.953 0.007
4302.91858 15.958 0.008
4306.86321 15.957 0.009
4307.89749 15.939 0.007
4308.65864 15.930 0.008
4308.86662 15.951 0.007
4310.83897 15.934 0.008
4311.82652 15.921 0.010
4312.90040 15.914 0.007
4314.91987 15.905 0.008
4316.82641 15.919 0.008
4319.86359 15.915 0.008
4320.89045 15.916 0.008
4326.83432 15.898 0.007
4327.81259 15.899 0.008
4328.82822 15.897 0.007
4329.83076 15.887 0.008
4330.85900 15.899 0.007
4333.86030 15.876 0.008
4338.90068 15.858 0.008
4340.77316 15.853 0.007
4341.76831 15.850 0.008
4342.82417 15.862 0.008
4343.76181 15.862 0.007
4344.74396 15.863 0.007
4345.78995 15.858 0.007
4347.77884 15.842 0.007
4349.79203 15.865 0.007
4351.72913 15.885 0.008
4353.75235 15.857 0.008
4357.70122 15.835 0.008
4359.69915 15.829 0.007
4361.70171 15.837 0.008
4362.72443 15.828 0.008
4364.58347 15.828 0.008
4367.68098 15.828 0.008
4370.67263 15.820 0.007
4372.73610 15.825 0.007
4376.65149 15.805 0.007
4378.61807 15.793 0.007
4379.64603 15.792 0.007
4380.75888 15.785 0.007
4382.68633 15.799 0.007
4386.66139 15.806 0.007
4388.66187 15.795 0.007
4390.67086 15.798 0.007
4393.64464 15.792 0.007
4395.67952 15.793 0.007
4398.64496 15.758 0.007
4400.66784 15.762 0.007
4403.69363 15.772 0.007
4407.63372 15.768 0.007
4408.67990 15.779 0.007
4410.70284 15.765 0.007
4415.68697 15.764 0.007
4418.59364 15.760 0.007
4422.65487 15.719 0.007
4424.65193 15.735 0.007
4427.53863 15.737 0.007
4429.56456 15.759 0.009
4431.56900 15.751 0.007
4433.57486 15.741 0.007
4435.56321 15.723 0.007
4437.65225 15.735 0.008
4439.56412 15.732 0.007
4441.59995 15.704 0.007
4443.59068 15.723 0.007
4449.64470 15.723 0.007
4451.59983 15.709 0.007
4453.58181 15.704 0.007
4456.58324 15.701 0.007
4459.53574 15.706 0.008
4464.57543 15.683 0.007
4465.54136 15.682 0.007
4470.56029 15.699 0.007
4474.59679 15.698 0.007
4476.57493 15.690 0.007
4479.59974 15.713 0.008
4481.58441 15.680 0.007
4484.60109 15.683 0.008
4487.62265 15.666 0.008
4609.89594 16.018 0.009
4643.88061 16.049 0.008
4649.93082 16.066 0.008
4661.89396 16.067 0.007
4662.77668 16.066 0.007
4662.89360 16.067 0.007
4663.74837 16.066 0.009
4663.93227 16.077 0.008
4665.82132 16.060 0.009
4665.91527 16.070 0.009
4666.90913 16.083 0.009
4670.90358 16.075 0.008
4671.81782 16.084 0.008
4672.87754 16.072 0.008
4675.89515 16.067 0.008
4681.87488 16.084 0.007
4683.87013 16.039 0.007
4685.85625 16.084 0.008
4688.80759 16.084 0.007
4690.73315 16.088 0.007
4691.73602 16.078 0.009
4693.89111 16.082 0.009
4696.84103 16.092 0.010
4698.75286 16.088 0.007
4699.74687 16.079 0.008
4700.78438 16.080 0.007
4701.78958 16.075 0.008
4702.84972 16.084 0.008
4703.74876 16.092 0.008
4704.76761 16.094 0.007
4705.77485 16.090 0.008
4707.76752 16.086 0.007
4708.83578 16.086 0.007
4710.75175 16.082 0.007
4716.75326 16.090 0.008
4719.74543 16.096 0.008
4721.73439 16.088 0.008
4724.76409 16.099 0.008
4726.65976 16.081 0.009
4729.67074 16.088 0.009
4731.76099 16.091 0.007
4734.74331 16.077 0.007
4736.70809 16.086 0.008
4739.64937 16.091 0.009
4741.72395 16.086 0.007
4747.59056 16.090 0.008
4749.59013 16.096 0.009
4753.65929 16.110 0.009
4755.65321 16.083 0.007
4757.63765 16.103 0.007
4759.65027 16.086 0.008
4761.62054 16.083 0.007
4763.63318 16.095 0.009
4766.60140 16.077 0.008
4769.63947 16.097 0.009
4771.55054 16.103 0.009
4773.67535 16.090 0.007
4775.66219 16.077 0.009
4777.59594 16.094 0.008
4779.63153 16.097 0.008
4781.58145 16.097 0.008
4783.56507 16.091 0.009
4785.59617 16.078 0.008
4787.55254 16.075 0.011
4789.53158 16.088 0.009
4790.61380 16.086 0.007
4791.61210 16.084 0.007
4793.51623 16.097 0.009
4795.53328 16.079 0.007
4797.52548 16.082 0.008
4798.58878 16.089 0.009
4800.63607 16.088 0.008
4803.52739 16.079 0.009
4804.57757 16.090 0.009
4806.58659 16.084 0.008
4808.54482 16.080 0.008
4808.61232 16.090 0.008
4810.55526 16.086 0.008
4813.59461 16.080 0.008
4815.57074 16.090 0.009
4817.58728 16.094 0.007
4819.58688 16.088 0.008
4821.62878 16.089 0.007
4823.58957 16.097 0.008
4825.61801 16.108 0.008
4832.59113 16.087 0.008
4835.57295 16.077 0.009
4839.59446 16.091 0.009
4842.56152 16.086 0.009
4844.57001 16.092 0.008
4847.62632 16.100 0.011
4849.58618 16.087 0.007
4853.58361 16.086 0.008
4856.57754 16.087 0.008
4865.55067 16.075 0.008
4936.91655 16.077 0.010
4940.89923 16.084 0.009
4940.90309 16.080 0.008
4953.89694 16.065 0.008
4954.88836 16.085 0.008
