466.042 14.994 0.004
466.051 14.999 0.004
466.066 15.000 0.004
466.097 14.994 0.004
466.126 15.007 0.004
467.044 15.010 0.004
467.074 15.004 0.004
467.103 15.011 0.004
467.133 15.010 0.004
469.054 15.016 0.004
469.092 15.005 0.004
469.124 15.003 0.004
471.106 15.009 0.004
471.121 15.007 0.004
472.038 14.999 0.004
472.053 15.005 0.004
472.068 15.004 0.004
472.082 15.003 0.004
621.307 15.150 0.006
622.385 15.135 0.004
624.411 15.140 0.004
625.399 15.134 0.004
626.37 15.138 0.004
627.356 15.139 0.004
628.397 15.125 0.004
629.395 15.127 0.004
631.426 15.123 0.004
632.367 15.116 0.004
633.402 15.122 0.004
635.397 15.129 0.004
643.366 15.137 0.005
645.338 15.149 0.004
647.295 15.147 0.005
649.293 15.146 0.005
652.34 15.137 0.004
656.353 15.130 0.004
657.325 15.130 0.005
658.366 15.149 0.005
663.272 15.127 0.005
664.377 15.121 0.004
665.324 15.123 0.004
666.335 15.122 0.004
667.354 15.125 0.004
668.325 15.127 0.004
670.29 15.127 0.004
671.312 15.116 0.004
672.318 15.119 0.004
673.285 15.140 0.004
684.246 15.109 0.004
685.301 15.113 0.004
686.202 15.111 0.004
687.283 15.115 0.004
688.225 15.107 0.004
689.252 15.122 0.004
697.219 15.114 0.004
698.29 15.108 0.004
699.189 15.106 0.004
700.229 15.121 0.004
701.202 15.116 0.004
704.23 15.118 0.004
706.195 15.131 0.005
707.233 15.137 0.005
708.257 15.125 0.004
712.258 15.141 0.005
713.239 15.132 0.004
714.254 15.127 0.004
715.219 15.124 0.004
716.188 15.131 0.004
720.219 15.137 0.005
726.17 15.140 0.004
728.181 15.126 0.004
729.183 15.137 0.004
730.167 15.127 0.004
733.134 15.118 0.004
739.154 15.101 0.004
741.12 15.097 0.004
742.096 15.094 0.004
744.143 15.093 0.004
745.094 15.099 0.004
746.285 15.096 0.004
747.155 15.102 0.004
748.117 15.104 0.004
749.122 15.100 0.004
750.116 15.090 0.004
751.125 15.084 0.004
752.239 15.079 0.004
753.175 15.087 0.004
759.133 15.082 0.004
760.158 15.080 0.004
761.134 15.086 0.004
761.239 15.089 0.004
762.126 15.089 0.004
762.155 15.081 0.004
763.142 15.088 0.004
763.253 15.085 0.004
765.074 15.079 0.005
766.111 15.089 0.005
766.214 15.083 0.004
767.119 15.089 0.005
767.18 15.102 0.005
769.102 15.073 0.004
769.175 15.080 0.004
770.108 15.087 0.004
771.141 15.074 0.004
772.103 15.077 0.004
773.108 15.084 0.004
773.26 15.085 0.004
774.101 15.080 0.004
775.059 15.082 0.004
776.14 15.081 0.004
777.114 15.072 0.004
778.117 15.075 0.004
778.252 15.086 0.006
779.144 15.078 0.005
779.255 15.077 0.004
780.144 15.075 0.004
781.058 15.070 0.004
781.239 15.073 0.004
782.124 15.071 0.004
782.248 15.071 0.004
783.041 15.062 0.004
784.083 15.075 0.004
784.175 15.070 0.004
785.11 15.075 0.004
785.255 15.071 0.004
786.113 15.072 0.004
786.13 15.073 0.004
787.194 15.065 0.004
788.127 15.067 0.004
788.152 15.065 0.004
790.075 15.064 0.004
792.053 15.066 0.004
795.118 15.074 0.004
796.047 15.065 0.005
796.232 15.072 0.005
797.207 15.064 0.004
798.07 15.063 0.004
799.208 15.060 0.004
800.123 15.066 0.004
802.183 15.068 0.005
805.11 15.064 0.004
806.12 15.057 0.004
808.052 15.065 0.004
816.183 15.071 0.004
817.093 15.073 0.004
819.055 15.070 0.004
820.132 15.066 0.004
822.052 15.068 0.004
824.078 15.064 0.004
825.151 15.062 0.004
828.111 15.074 0.004
829.078 15.073 0.004
832.085 15.065 0.004
833.105 15.066 0.004
834.074 15.069 0.004
836.053 15.077 0.005
838.086 15.067 0.004
840.095 15.075 0.004
845.047 15.086 0.004
850.07 15.075 0.005
855.075 15.077 0.004
859.063 15.087 0.004
866.028 15.076 0.004
875.018 15.063 0.004
962.431 15.063 0.004
966.431 15.055 0.004
970.407 15.060 0.004
976.388 15.066 0.005
982.376 15.065 0.005
986.342 15.059 0.004
987.356 15.062 0.004
991.424 15.060 0.004
996.428 15.056 0.004
998.399 15.062 0.004
1004.3 15.052 0.004
1006.33 15.056 0.004
1020.4 15.046 0.004
1025.43 15.042 0.004
1035.25 15.033 0.004
1037.28 15.043 0.004
1041.29 15.048 0.004
1045.25 15.037 0.004
1048.23 15.052 0.004
1052.27 15.036 0.004
1055.14 15.035 0.004
1058.36 15.039 0.004
1059.27 15.036 0.004
1061.23 15.039 0.004
1064.31 15.039 0.004
1068.21 15.022 0.004
1072.19 15.037 0.004
1076.17 15.024 0.004
1078.18 15.030 0.004
1081.19 15.022 0.004
1084.13 15.032 0.004
1087.15 15.042 0.004
1090.21 15.039 0.004
1092.24 15.032 0.004
1094.15 15.034 0.004
1102.12 15.039 0.004
1106.21 15.041 0.004
1110.13 15.038 0.004
1116.09 15.035 0.004
1120.08 15.033 0.004
1126.15 15.033 0.004
1129.05 15.031 0.004
1132.04 15.045 0.004
1135.09 15.042 0.004
1138.13 15.032 0.004
1140.11 15.031 0.004
1144.17 15.041 0.004
1151.05 15.040 0.004
1155.05 15.051 0.004
1159.05 15.046 0.004
1162.08 15.048 0.004
1164.19 15.049 0.004
1170.05 15.057 0.004
1178.16 15.051 0.004
1182.17 15.053 0.004
1183.21 15.051 0.004
1185.19 15.048 0.004
1188.19 15.062 0.004
1191.08 15.060 0.004
1202.09 15.064 0.004
1205.04 15.065 0.004
1211.06 15.061 0.004
1217.08 15.054 0.004
1220.08 15.056 0.004
1229.03 15.059 0.005
1238.03 15.059 0.005
1327.41 15.064 0.005
1330.33 15.062 0.004
1335.38 15.060 0.004
1340.4 15.054 0.004
1348.43 15.068 0.004
1354.41 15.062 0.004
1360.43 15.056 0.004
1365.42 15.066 0.004
1367.35 15.053 0.004
1374.42 15.041 0.004
1394.36 15.051 0.005
1395.39 15.059 0.004
1397.31 15.060 0.005
1401.34 15.053 0.004
1402.42 15.050 0.004
1407.34 15.050 0.005
1412.24 15.048 0.004
1417.4 15.046 0.004
1430.23 15.067 0.005
1432.24 15.037 0.004
1435.2 15.047 0.004
1439.16 15.038 0.004
1442.17 15.039 0.004
1447.24 15.052 0.005
1451.18 15.043 0.004
1455.2 15.041 0.004
1460.24 15.025 0.004
1462.15 15.030 0.004
1470.15 15.029 0.004
1472.14 15.035 0.004
1475.14 15.025 0.004
1477.07 15.031 0.004
1481.09 15.018 0.004
1484.14 15.018 0.004
1487.14 15.016 0.004
1490.17 15.026 0.004
1492.07 15.006 0.004
1495.03 15.012 0.004
1499.06 15.005 0.004
1502.06 15.010 0.004
1505.12 15.006 0.004
1508.06 15.011 0.004
1509.04 15.010 0.004
1512.14 14.997 0.004
1515.11 15.004 0.004
1517.12 14.993 0.004
1520.1 15.000 0.004
1524.05 15.011 0.004
1526.09 15.006 0.004
1531.14 15.005 0.004
1543.1 15.007 0.004
1546.11 15.012 0.004
1551.08 15.011 0.004
1555.11 14.997 0.004
1562.09 14.994 0.004
1569.07 15.011 0.004
1575.09 14.988 0.004
1580.07 14.992 0.004
1583.07 15.001 0.004
1587.05 14.997 0.004
1597.04 15.005 0.004
1603.04 14.996 0.004
1608.02 15.002 0.004
1701.4 14.998 0.004
1703.4 14.998 0.004
1705.41 15.002 0.004
1716.37 15.000 0.004
1717.38 15.010 0.004
1729.42 15.013 0.004
1732.39 15.014 0.004
1740.34 15.005 0.004
1742.39 15.010 0.004
1744.35 14.993 0.004
1745.38 14.998 0.004
1749.36 15.012 0.004
1750.33 15.017 0.004
1751.34 15.021 0.004
1752.3 15.020 0.004
1753.31 15.027 0.004
1754.33 15.031 0.004
1755.3 15.020 0.004
1756.33 15.012 0.005
1757.28 15.010 0.004
1758.28 14.992 0.004
1759.32 14.988 0.004
1761.31 15.010 0.004
1762.29 15.002 0.004
1763.3 15.004 0.004
1764.29 15.009 0.004
1765.28 15.014 0.004
1766.22 15.006 0.004
1768.3 15.012 0.004
1769.21 15.022 0.004
1770.32 15.024 0.005
1771.33 15.029 0.005
1772.27 15.027 0.004
1773.24 15.016 0.004
1776.26 15.014 0.004
1784.24 15.014 0.004
1787.38 15.021 0.004
1788.3 15.025 0.004
1803.26 15.006 0.004
1806.26 15.014 0.004
1808.33 15.019 0.004
1811.26 15.022 0.004
1814.3 15.019 0.004
1817.27 15.024 0.004
1822.14 15.011 0.004
1826.3 15.009 0.004
1829.24 15.015 0.004
1833.28 15.023 0.004
1846.29 15.004 0.004
1850.24 15.009 0.004
1854.3 15.011 0.004
1858.22 15.015 0.004
1862.22 14.994 0.004
1867.25 14.998 0.004
1871.25 14.988 0.004
2085.41 14.997 0.006
2086.39 14.992 0.005
2103.4 15.008 0.005
2105.42 15.003 0.005
2106.39 15.002 0.005
2112.34 14.994 0.005
2116.37 14.996 0.005
2123.32 15.031 0.005
2124.34 15.031 0.006
2128.33 15.007 0.005
2129.36 14.998 0.005
2130.34 15.011 0.005
2131.34 15.017 0.005
2132.31 15.028 0.005
2133.39 15.035 0.006
2134.31 15.044 0.006
2135.34 15.040 0.005
2137.39 15.037 0.005
2140.31 15.045 0.005
2142.25 15.034 0.005
2143.32 15.029 0.005
2144.32 15.025 0.005
2155.38 15.051 0.006
2156.33 15.041 0.005
2160.25 15.050 0.005
2162.26 15.051 0.005
2166.26 15.036 0.005
2167.26 15.054 0.005
2168.21 15.054 0.005
2171.24 15.055 0.005
2172.25 15.061 0.005
2177.14 15.060 0.005
2184.2 15.071 0.005
2185.16 15.065 0.005
2186.19 15.071 0.006
2187.18 15.071 0.005
2188.23 15.072 0.005
2190.19 15.066 0.005
2191.16 15.060 0.005
2192.16 15.070 0.005
2193.18 15.071 0.005
2194.15 15.062 0.005
2203.05 15.074 0.005
2206.11 15.090 0.006
2211.14 15.070 0.005
2212.15 15.085 0.005
2213.15 15.074 0.005
2214.14 15.084 0.006
2215.15 15.080 0.005
2217.14 15.084 0.005
2219.18 15.063 0.005
2224.21 15.078 0.005
2226.14 15.111 0.006
2228.06 15.078 0.005
2229.12 15.082 0.005
2231.14 15.088 0.005
2232.01 15.077 0.006
2233.11 15.081 0.005
2235.16 15.078 0.005
2238.05 15.077 0.005
2240.15 15.086 0.005
2242.12 15.102 0.005
2248.1 15.081 0.005
2250.08 15.067 0.005
2253.07 15.075 0.005
2255.11 15.081 0.005
2258.07 15.105 0.005
2263.08 15.089 0.005
2266.05 15.079 0.005
2271.06 15.083 0.005
2273.06 15.084 0.006
2275.1 15.104 0.005
2276.06 15.111 0.006
2278.09 15.091 0.005
2280.09 15.091 0.005
2284.09 15.093 0.005
2290.1 15.089 0.005
2293.07 15.082 0.005
2295.06 15.089 0.005
2297.06 15.085 0.006
2299.06 15.087 0.005
2301.05 15.091 0.006
2445.41 15.080 0.006
2460.38 15.086 0.006
2463.42 15.065 0.005
2465.43 15.069 0.005
2467.4 15.075 0.005
2469.4 15.070 0.005
2471.39 15.065 0.005
2472.42 15.066 0.005
2473.39 15.066 0.005
2481.4 15.061 0.006
2483.39 15.054 0.005
2486.39 15.049 0.006
2488.38 15.075 0.006
2489.42 15.071 0.005
2492.4 15.072 0.005
2495.39 15.075 0.005
2496.4 15.063 0.005
2497.43 15.072 0.005
2498.27 15.063 0.005
2499.36 15.060 0.005
2500.36 15.059 0.005
2501.35 15.060 0.005
2502.33 15.063 0.005
2508.25 15.083 0.006
2516.28 15.076 0.006
2517.32 15.075 0.005
2518.29 15.070 0.005
2519.33 15.072 0.005
2520.29 15.065 0.005
2521.32 15.078 0.005
2524.32 15.081 0.006
2526.28 15.071 0.005
2534.33 15.083 0.006
2535.31 15.070 0.005
2537.2 15.093 0.006
2538.3 15.074 0.005
2539.2 15.079 0.005
2540.24 15.090 0.006
2541.21 15.065 0.005
2542.18 15.071 0.005
2544.16 15.077 0.005
2545.18 15.072 0.005
2547.2 15.074 0.005
2548.21 15.071 0.005
2550.21 15.063 0.005
2551.19 15.077 0.005
2553.15 15.097 0.006
2554.2 15.075 0.005
2555.21 15.077 0.005
2556.19 15.065 0.005
2557.2 15.069 0.005
2558.16 15.074 0.005
2559.12 15.075 0.005
2560.15 15.079 0.005
2561.17 15.096 0.006
2562.17 15.067 0.005
2563.17 15.065 0.005
2564.19 15.067 0.005
2565.18 15.065 0.005
2566.16 15.061 0.005
2568.19 15.067 0.006
2571.15 15.081 0.006
2573.16 15.076 0.006
2574.14 15.066 0.005
2577.13 15.079 0.006
2578.13 15.076 0.005
2579.14 15.077 0.005
2580.15 15.063 0.005
2583.12 15.067 0.005
2584.13 15.066 0.005
2586.12 15.069 0.005
2587.11 15.079 0.005
2588.22 15.090 0.005
2589.1 15.074 0.005
2590.11 15.074 0.006
2591.14 15.077 0.005
2593.11 15.073 0.005
2594.11 15.090 0.006
2596.08 15.066 0.006
2597.07 15.069 0.005
2598.15 15.062 0.005
2599.11 15.079 0.006
2607.13 15.069 0.006
2610.05 15.045 0.006
2613.04 15.059 0.006
2615.07 15.068 0.006
2619.06 15.078 0.006
2621.07 15.056 0.005
2625.05 15.047 0.006
2628.04 15.076 0.007
2632.05 15.059 0.005
2636.04 15.060 0.006
2639.04 15.062 0.006
2642.05 15.060 0.006
2646.07 15.057 0.005
2651.04 15.068 0.006
2654.06 15.065 0.006
2657.06 15.055 0.005
2660.05 15.059 0.005
2671.05 15.052 0.006
2673.06 15.069 0.006
2676.02 15.065 0.006
2679.04 15.048 0.005
2682.04 15.059 0.006
2777.4 15.037 0.006
2804.37 15.037 0.006
2811.4 15.065 0.006
2814.44 15.062 0.005
2817.43 15.058 0.005
2825.4 15.060 0.005
2831.28 15.061 0.005
2832.25 15.058 0.006
2832.43 15.061 0.005
2833.37 15.075 0.006
2835.37 15.072 0.005
2837.38 15.086 0.007
2838.43 15.076 0.006
2840.32 15.078 0.006
2843.33 15.065 0.005
2844.37 15.066 0.005
2845.42 15.080 0.006
2849.36 15.058 0.005
2850.39 15.067 0.006
2851.43 15.057 0.006
2852.3 15.064 0.005
2853.44 15.049 0.005
2856.32 15.056 0.006
2858.41 15.058 0.005
2860.38 15.054 0.005
2861.25 15.077 0.005
2862.43 15.085 0.006
2863.33 15.088 0.006
2865.33 15.090 0.005
2866.38 15.101 0.006
2867.32 15.084 0.005
2868.27 15.099 0.005
2869.4 15.083 0.005
2870.32 15.073 0.005
2871.36 15.064 0.005
2875.3 15.066 0.006
2876.28 15.070 0.005
2877.3 15.068 0.005
2879.24 15.067 0.005
2883.33 15.075 0.005
2885.26 15.081 0.006
2888.31 15.072 0.005
2892.3 15.079 0.006
2894.23 15.079 0.006
2896.23 15.074 0.005
2898.25 15.064 0.005
2900.25 15.069 0.005
2902.25 15.068 0.005
2905.25 15.070 0.005
2907.25 15.070 0.005
2909.24 15.072 0.005
2911.23 15.075 0.005
2915.21 15.085 0.005
2917.23 15.072 0.005
2921.23 15.079 0.005
2923.25 15.073 0.005
2925.21 15.081 0.005
2927.21 15.084 0.005
2930.23 15.082 0.005
2932.24 15.088 0.005
2934.22 15.096 0.005
2937.14 15.098 0.005
2939.19 15.082 0.005
2940.13 15.097 0.005
2941.18 15.090 0.005
2942.13 15.099 0.005
2943.1 15.089 0.005
2944.09 15.099 0.005
2945.11 15.090 0.006
2947.12 15.109 0.005
2949.1 15.100 0.005
2950.14 15.115 0.005
2951.13 15.127 0.006
2952.16 15.121 0.006
2954.18 15.106 0.006
2956.13 15.120 0.005
2958.12 15.116 0.006
2961.09 15.136 0.006
2968.09 15.148 0.006
2970.11 15.146 0.005
2972.1 15.155 0.005
2974.1 15.153 0.005
2976.05 15.153 0.006
2978.07 15.169 0.006
2980.09 15.163 0.006
2982.04 15.153 0.006
2984.13 15.159 0.006
2986.14 15.188 0.006
2988.03 15.201 0.007
2991.1 15.191 0.005
2994.08 15.183 0.006
2997.06 15.195 0.005
3001.07 15.195 0.006
3005.03 15.230 0.007
3008.05 15.219 0.006
3008.06 15.223 0.006
3011.06 15.238 0.006
3016.09 15.240 0.006
3018.07 15.252 0.005
3020.1 15.240 0.005
3021.12 15.239 0.005
3023.07 15.224 0.005
3025.07 15.254 0.006
3027.1 15.222 0.005
3029.08 15.230 0.006
3031.08 15.227 0.006
3033.08 15.233 0.005
3037.03 15.225 0.006
3164.43 15.426 0.006
3177.42 15.428 0.006
3183.41 15.471 0.006
3193.38 15.516 0.006
3195.44 15.534 0.006
3197.41 15.547 0.006
3201.37 15.530 0.006
3203.38 15.548 0.006
3206.32 15.554 0.006
3210.39 15.542 0.006
3211.38 15.561 0.006
3215.16 15.572 0.007
3216.23 15.581 0.007
3217.43 15.561 0.007
3218.41 15.547 0.007
3223.33 15.584 0.007
3226.33 15.585 0.006
3229.33 15.601 0.006
3231.31 15.609 0.007
3239.29 15.600 0.006
3240.29 15.623 0.007
3241.31 15.618 0.006
3242.21 15.615 0.006
3243.35 15.608 0.007
3244.33 15.595 0.007
3245.28 15.592 0.007
3246.27 15.597 0.007
3247.26 15.609 0.006
3249.23 15.622 0.007
3251.24 15.626 0.006
3254.23 15.640 0.006
3257.24 15.650 0.006
3259.16 15.652 0.007
3261.2 15.658 0.006
3263.18 15.643 0.006
3265.22 15.628 0.006
3267.21 15.638 0.005
3269.28 15.660 0.007
3270.24 15.643 0.007
3271.16 15.651 0.006
3272.22 15.655 0.006
3274.21 15.659 0.007
3276.21 15.665 0.007
3277.24 15.667 0.006
3279.18 15.665 0.006
3281.14 15.658 0.006
3283.14 15.660 0.005
3287.11 15.664 0.006
3289.12 15.672 0.006
3293.1 15.688 0.005
3295.11 15.687 0.005
3297.1 15.690 0.005
3299.15 15.670 0.005
3301.13 15.638 0.007
3303.19 15.648 0.006
3306.12 15.653 0.005
3308.11 15.669 0.007
3310.11 15.680 0.006
3312.15 15.686 0.006
3314.06 15.664 0.007
3320.1 15.683 0.006
3327.06 15.680 0.006
3330.05 15.690 0.007
3335.1 15.698 0.007
3338.1 15.710 0.006
3349.1 15.651 0.006
3353.07 15.679 0.007
3359.05 15.686 0.007
3363.06 15.710 0.007
3367.12 15.715 0.007
3372.05 15.721 0.006
3376.03 15.708 0.007
3378.09 15.692 0.007
3386.06 15.723 0.006
3390.07 15.713 0.007
3398.06 15.685 0.007
3402.04 15.692 0.005
3528.44 15.698 0.007
3541.43 15.733 0.006
3547.41 15.752 0.006
3554.42 15.698 0.006
3560.44 15.691 0.006
3564.41 15.659 0.006
3568.34 15.674 0.006
3570.28 15.680 0.007
3571.3 15.678 0.007
3573.34 15.672 0.007
3574.38 15.670 0.006
3577.34 15.681 0.006
3578.39 15.689 0.006
3579.3 15.681 0.006
3581.34 15.687 0.006
3581.37 15.681 0.006
3582.33 15.680 0.007
3583.33 15.667 0.006
3584.31 15.653 0.005
3586.31 15.666 0.005
3588.33 15.662 0.005
3589.32 15.642 0.006
3591.37 15.638 0.005
3593.31 15.664 0.006
3596.39 15.664 0.006
3601.31 15.640 0.006
3607.31 15.608 0.006
3614.29 15.613 0.005
3617.27 15.600 0.005
3619.2 15.587 0.006
3621.22 15.587 0.006
3624.36 15.576 0.006
3626.21 15.588 0.006
3629.17 15.598 0.006
3631.23 15.596 0.006
3633.2 15.612 0.006
3637.15 15.612 0.006
3639.2 15.606 0.005
3641.2 15.595 0.006
3643.22 15.599 0.005
3646.16 15.578 0.006
3650.16 15.620 0.006
3650.18 15.616 0.006
3651.23 15.602 0.005
3653.23 15.629 0.006
3655.2 15.637 0.006
3657.15 15.658 0.006
3658.15 15.659 0.006
3659.14 15.658 0.006
3660.17 15.664 0.006
3663.06 15.657 0.007
3665.13 15.679 0.006
3668.07 15.702 0.006
3669.17 15.725 0.007
3671.13 15.724 0.007
3673.17 15.709 0.007
3675.16 15.708 0.006
3681.13 15.722 0.007
3681.15 15.697 0.007
3683.15 15.699 0.006
3685.15 15.722 0.006
3687.15 15.738 0.006
3689.1 15.741 0.006
3692.08 15.756 0.007
3694.06 15.756 0.007
3696.06 15.774 0.006
3698.09 15.778 0.007
3700.07 15.776 0.007
3702.08 15.754 0.006
3704.09 15.760 0.006
3706.11 15.763 0.006
3708.08 15.774 0.007
3711.09 15.734 0.007
3714.02 15.723 0.008
3718.1 15.753 0.007
3721.05 15.726 0.007
3724.06 15.734 0.006
3726.08 15.744 0.007
3728.06 15.738 0.007
3734.06 15.757 0.007
3737.08 15.744 0.007
3742.03 15.725 0.007
3746.06 15.675 0.007
3751.04 15.634 0.007
3756.05 15.635 0.006
3761.1 15.619 0.006
3766.03 15.577 0.007
3772.05 15.554 0.006
3776.05 15.556 0.006
3871.38 15.243 0.006
3901.44 15.186 0.005
3906.44 15.172 0.005
3913.42 15.165 0.005
3918.38 15.173 0.005
3931.41 15.158 0.005
3934.36 15.157 0.005
3936.37 15.161 0.005
3938.35 15.148 0.005
3944.4 15.136 0.005
3946.37 15.151 0.005
3951.39 15.141 0.005
3955.35 15.140 0.005
3958.33 15.140 0.005
3960.33 15.116 0.005
3963.32 15.136 0.005
3965.32 15.120 0.005
3967.34 15.120 0.005
3969.3 15.125 0.005
3971.28 15.124 0.005
3974.28 15.133 0.005
3979.23 15.118 0.005
3980.12 15.117 0.005
3981.14 15.101 0.005
3983.33 15.106 0.005
3986.2 15.093 0.005
3987.17 15.101 0.005
3990.29 15.103 0.005
3993.23 15.104 0.005
3995.24 15.096 0.005
3999.25 15.105 0.005
4002.22 15.093 0.005
4004.17 15.105 0.005
4006.2 15.093 0.005
4007.06 15.087 0.005
4008.07 15.092 0.005
4009.23 15.115 0.005
4013.2 15.097 0.005
4015.18 15.097 0.005
4015.2 15.095 0.005
4018.2 15.100 0.005
4019.18 15.098 0.005
4021.18 15.094 0.005
4024.15 15.084 0.005
4026.13 15.084 0.005
4028.13 15.092 0.005
4030.14 15.087 0.005
4032.19 15.092 0.005
4037.17 15.077 0.005
4039.1 15.080 0.005
4041.1 15.089 0.005
4043.09 15.080 0.005
4046.1 15.080 0.005
4048.06 15.092 0.005
4050.11 15.073 0.005
4052.06 15.072 0.005
4054.11 15.082 0.005
4056.09 15.086 0.005
4058.12 15.068 0.005
4060.02 15.085 0.005
4064.02 15.057 0.005
4066.06 15.082 0.005
4069.02 15.065 0.005
4073.1 15.075 0.005
4077.02 15.053 0.005
4079.02 15.057 0.005
4082.02 15.045 0.005
4085.06 15.051 0.005
4092.06 15.042 0.005
4096.08 15.040 0.005
4100.09 15.078 0.005
4105.05 15.059 0.005
4108.03 15.038 0.005
4113.11 15.059 0.005
4120.08 15.053 0.005
4126.08 15.069 0.005
4252.43 15.041 0.006
4255.35 15.032 0.006
4268.4 15.030 0.005
4275.42 15.039 0.005
4279.3 15.042 0.006
4282.31 15.040 0.005
4283.36 15.047 0.006
4285.42 15.046 0.005
4291.44 15.040 0.005
4292.36 15.046 0.005
4295.36 15.034 0.005
4296.39 15.049 0.005
4297.42 15.051 0.005
4299.36 15.040 0.005
4300.38 15.040 0.005
4301.4 15.046 0.005
4302.42 15.049 0.005
4306.36 15.050 0.006
4307.4 15.042 0.005
4308.16 15.039 0.005
4308.37 15.048 0.005
4310.34 15.043 0.005
4311.33 15.046 0.006
4312.4 15.034 0.005
4314.42 15.036 0.005
4316.33 15.047 0.005
4319.36 15.060 0.006
4320.39 15.048 0.005
4326.33 15.038 0.005
4327.31 15.048 0.006
4328.33 15.045 0.005
4329.33 15.046 0.005
4330.36 15.053 0.005
4333.36 15.045 0.005
4338.4 15.038 0.006
4340.27 15.043 0.005
4341.27 15.040 0.005
4342.32 15.043 0.005
4343.26 15.044 0.005
4344.24 15.046 0.005
4345.29 15.041 0.005
4347.28 15.025 0.005
4349.29 15.044 0.005
4351.23 15.072 0.006
4353.25 15.066 0.006
4357.2 15.061 0.006
4359.2 15.041 0.005
4361.2 15.053 0.006
4362.22 15.062 0.006
4364.08 15.061 0.006
4367.18 15.049 0.006
4370.17 15.048 0.005
4372.24 15.051 0.005
4376.15 15.056 0.006
4378.12 15.050 0.005
4379.15 15.053 0.005
4380.26 15.049 0.005
4382.19 15.050 0.005
4386.16 15.060 0.005
4388.16 15.049 0.005
4390.17 15.048 0.005
4393.14 15.056 0.005
4395.18 15.043 0.005
4398.14 15.037 0.005
4400.17 15.049 0.005
4403.19 15.047 0.005
4407.13 15.052 0.005
4408.18 15.053 0.005
4410.2 15.045 0.005
4415.19 15.044 0.005
4418.09 15.047 0.005
4422.15 15.044 0.005
4424.15 15.042 0.005
4427.04 15.045 0.005
4429.06 15.067 0.006
4431.07 15.051 0.005
4433.07 15.050 0.005
4435.06 15.042 0.005
4437.15 15.049 0.006
4439.06 15.056 0.005
4441.1 15.047 0.005
4443.09 15.062 0.006
4449.14 15.046 0.005
4451.1 15.034 0.005
4453.08 15.026 0.005
4456.08 15.020 0.005
4459.04 15.033 0.006
4464.08 15.034 0.005
4465.04 15.025 0.005
4470.06 15.032 0.005
4474.1 15.043 0.005
4476.07 15.035 0.005
4479.1 15.037 0.006
4481.08 15.017 0.005
4484.1 15.047 0.006
4487.12 15.032 0.006
4609.4 14.998 0.005
4643.38 14.992 0.005
4649.43 14.986 0.005
4661.39 14.983 0.005
4662.28 14.993 0.005
4662.39 14.988 0.005
4663.25 14.983 0.005
4663.43 14.995 0.005
4665.32 14.984 0.005
4665.42 14.990 0.005
4666.41 14.995 0.005
4670.4 14.988 0.005
4671.32 14.985 0.005
4672.38 14.986 0.005
4675.4 14.986 0.005
4681.37 14.990 0.005
4683.37 14.983 0.005
4685.36 14.981 0.005
4688.31 14.978 0.005
4690.23 14.978 0.005
4691.24 14.983 0.005
4693.39 14.977 0.005
4696.34 14.985 0.006
4698.25 14.969 0.005
4699.25 14.964 0.005
4700.28 14.969 0.005
4701.29 14.968 0.005
4702.35 14.963 0.005
4703.25 14.965 0.005
4704.27 14.956 0.005
4705.27 14.978 0.005
4707.27 14.961 0.005
4708.34 14.967 0.005
4710.25 14.967 0.005
4716.25 14.969 0.005
4719.25 14.956 0.005
4721.23 14.965 0.005
4724.26 14.971 0.005
4726.16 14.979 0.005
4729.17 14.976 0.005
4731.26 14.964 0.005
4734.24 14.957 0.005
4736.21 14.971 0.005
4739.15 14.968 0.005
4741.22 14.961 0.005
4747.09 14.955 0.005
4749.09 14.970 0.005
4753.16 14.965 0.005
4755.15 14.960 0.005
4757.14 14.954 0.005
4759.15 14.951 0.005
4761.12 14.951 0.005
4763.13 14.962 0.005
4766.1 14.962 0.005
4769.14 14.968 0.005
4771.05 14.961 0.005
4773.18 14.952 0.005
4775.16 14.948 0.005
4777.1 14.955 0.005
4779.13 14.952 0.005
4781.08 14.957 0.005
4783.07 14.952 0.005
4785.1 14.952 0.005
4787.05 14.968 0.006
4789.03 14.969 0.005
4790.11 14.946 0.005
4791.11 14.942 0.005
4793.02 14.947 0.005
4795.03 14.956 0.005
4797.03 14.959 0.005
4798.09 14.969 0.005
4800.14 14.945 0.005
4803.03 14.946 0.005
4804.08 14.953 0.005
4806.09 14.951 0.005
4808.04 14.949 0.005
4808.11 14.947 0.005
4810.06 14.953 0.005
4813.09 14.946 0.005
4815.07 14.948 0.005
4817.09 14.942 0.005
4819.09 14.940 0.005
4821.13 14.946 0.005
4823.09 14.933 0.005
4825.12 14.950 0.005
4832.09 14.936 0.005
4835.07 14.946 0.005
4839.09 14.928 0.005
4842.06 14.931 0.005
4844.07 14.934 0.005
4847.13 14.949 0.006
4849.09 14.930 0.005
4853.08 14.902 0.005
4856.08 14.932 0.005
4865.05 14.930 0.005
4936.42 14.962 0.005
4940.4 14.963 0.005
4940.4 14.961 0.005
4953.4 14.972 0.005
4954.39 14.970 0.005
