621.867 15.950 0.008
627.916 15.979 0.006
628.925 15.961 0.006
629.869 15.972 0.007
632.926 15.975 0.006
633.93 15.965 0.006
635.925 15.969 0.006
643.894 15.967 0.005
645.898 15.945 0.006
649.867 15.944 0.006
656.913 15.945 0.005
657.854 15.957 0.006
664.817 15.963 0.006
664.905 15.955 0.006
665.892 15.956 0.006
666.903 15.957 0.005
667.914 15.970 0.005
668.884 15.957 0.005
670.85 15.959 0.005
671.872 15.948 0.005
672.926 15.943 0.005
673.728 15.953 0.005
684.805 15.943 0.005
685.744 15.947 0.005
686.786 15.952 0.005
688.891 15.965 0.005
689.781 15.955 0.005
697.747 15.977 0.005
698.893 15.986 0.006
699.749 15.968 0.005
700.758 15.968 0.006
701.73 15.971 0.006
704.703 15.971 0.006
706.726 15.958 0.006
707.762 15.960 0.006
708.73 15.974 0.007
712.73 15.929 0.005
713.768 15.930 0.005
714.783 15.944 0.005
716.717 15.941 0.005
720.693 15.928 0.006
722.658 15.929 0.005
726.75 15.952 0.005
728.649 15.950 0.005
729.716 15.952 0.006
730.64 15.948 0.006
733.702 15.971 0.007
739.767 15.975 0.006
741.693 15.977 0.006
742.784 15.968 0.006
744.736 15.973 0.006
745.687 15.941 0.005
747.626 15.954 0.006
748.587 15.954 0.006
749.595 15.946 0.007
750.59 15.954 0.006
751.597 15.959 0.007
752.799 15.956 0.006
753.74 15.943 0.006
754.706 15.953 0.006
755.596 15.945 0.006
759.602 15.954 0.005
760.608 15.937 0.005
761.605 15.952 0.005
762.595 15.963 0.007
762.73 15.979 0.006
763.614 15.961 0.006
763.695 15.976 0.006
763.784 15.981 0.008
764.702 15.983 0.007
765.646 15.972 0.006
766.542 15.975 0.008
766.683 15.960 0.007
767.591 15.970 0.007
767.65 15.964 0.007
767.744 15.968 0.007
769.574 15.973 0.005
770.562 15.971 0.006
771.576 15.984 0.006
772.575 15.976 0.006
772.756 15.980 0.006
773.637 15.976 0.006
775.619 15.978 0.005
776.609 15.976 0.005
776.761 15.962 0.006
777.553 15.972 0.007
778.591 15.961 0.006
778.682 15.973 0.008
779.571 15.960 0.006
779.726 15.967 0.006
780.575 15.961 0.006
780.744 15.951 0.006
781.626 15.962 0.005
782.561 15.963 0.006
782.66 15.960 0.007
783.606 15.934 0.005
784.652 15.946 0.005
785.548 15.953 0.005
786.554 15.952 0.005
787.636 15.950 0.006
788.564 15.941 0.005
790.604 15.949 0.006
795.592 15.947 0.006
796.579 15.966 0.007
796.706 15.967 0.007
797.56 15.946 0.005
798.629 15.947 0.005
800.565 15.960 0.005
802.656 15.959 0.007
806.562 15.980 0.006
808.58 15.978 0.006
816.657 15.971 0.005
817.652 15.978 0.005
819.631 15.958 0.005
822.618 15.950 0.005
824.638 15.968 0.007
825.625 15.940 0.006
828.671 15.947 0.006
829.637 15.959 0.006
832.644 15.955 0.006
834.546 15.952 0.006
836.612 15.954 0.006
838.631 15.967 0.006
840.624 15.962 0.006
842.635 15.993 0.006
843.626 15.951 0.005
845.617 15.974 0.005
850.599 15.981 0.006
855.603 15.965 0.007
856.568 15.969 0.007
858.536 15.977 0.007
860.538 15.990 0.007
867.534 15.963 0.007
874.533 15.948 0.006
963.916 15.968 0.006
986.903 15.960 0.006
987.915 15.957 0.005
996.901 15.973 0.005
998.834 15.987 0.006
1003.84 16.002 0.007
1005.86 15.991 0.006
1008.89 15.993 0.007
1020.86 15.983 0.006
1025.84 15.994 0.006
1035.81 15.985 0.005
1037.84 15.995 0.006
1038.85 16.000 0.006
1041.84 15.986 0.005
1045.81 15.969 0.005
1049.84 15.973 0.006
1053.73 15.982 0.005
1058.8 15.989 0.006
1059.84 15.998 0.006
1061.83 15.997 0.006
1064.78 15.980 0.006
1069.7 15.977 0.005
1074.68 15.989 0.006
1077.67 15.982 0.005
1079.68 15.974 0.006
1081.72 15.982 0.005
1084.66 15.989 0.005
1087.68 15.994 0.005
1090.65 15.984 0.006
1092.71 15.985 0.006
1095.74 15.983 0.006
1102.68 15.987 0.005
1107.65 15.989 0.005
1112.69 15.989 0.006
1117.63 15.978 0.005
1122.64 15.982 0.006
1128.59 15.996 0.006
1132.62 15.992 0.006
1138.66 16.000 0.005
1140.67 15.984 0.006
1144.7 15.987 0.006
1151.61 15.975 0.005
1154.57 15.980 0.006
1157.58 15.968 0.006
1160.6 15.972 0.006
1163.68 15.985 0.006
1164.73 15.976 0.006
1170.58 15.983 0.005
1178.7 15.978 0.006
1182.7 15.977 0.005
1185.64 15.980 0.005
1187.68 15.991 0.006
1190.55 15.974 0.005
1202.63 15.971 0.006
1208.6 15.966 0.007
1211.6 15.961 0.007
1216.59 15.960 0.006
1219.59 15.973 0.007
1228.54 15.980 0.008
1235.54 15.971 0.008
1329.83 15.982 0.007
1335.91 16.003 0.006
1349.94 15.979 0.006
1355.93 15.989 0.007
1366.88 15.989 0.006
1367.91 15.981 0.007
1369.9 15.984 0.006
1374.89 15.984 0.007
1395.86 15.993 0.006
1397.88 15.982 0.006
1401.9 15.979 0.006
1402.89 15.976 0.006
1407.91 15.990 0.006
1412.8 15.981 0.007
1418.78 15.964 0.006
1430.83 15.991 0.007
1432.8 15.972 0.005
1435.73 15.995 0.007
1439.82 15.970 0.005
1442.79 15.974 0.005
1447.72 15.973 0.007
1451.71 15.983 0.006
1454.71 15.981 0.007
1458.71 15.989 0.009
1460.65 15.958 0.006
1462.67 15.961 0.006
1470.63 15.950 0.006
1475.67 15.959 0.006
1478.6 15.963 0.006
1481.61 15.957 0.006
1484.61 15.978 0.006
1487.57 15.967 0.006
1489.6 15.940 0.005
1491.66 15.949 0.006
1494.71 15.917 0.006
1495.56 15.901 0.005
1499.53 15.908 0.007
1502.62 15.911 0.007
1506.61 15.886 0.006
1509.6 15.890 0.005
1514.67 15.918 0.006
1517.59 15.915 0.006
1520.63 15.900 0.006
1522.66 15.897 0.007
1525.56 15.891 0.006
1528.65 15.886 0.005
1544.59 15.857 0.005
1546.64 15.871 0.005
1551.6 15.864 0.006
1555.58 15.868 0.006
1562.62 15.878 0.007
1568.59 15.859 0.006
1573.59 15.898 0.007
1579.57 15.903 0.006
1581.6 15.917 0.006
1584.58 15.891 0.006
1586.59 15.875 0.005
1588.57 15.899 0.008
1590.56 15.870 0.006
1597.56 15.874 0.005
1602.56 15.898 0.007
1607.55 15.931 0.006
1706.92 15.973 0.006
1730.94 15.972 0.006
1738.89 15.969 0.006
1740.9 15.979 0.007
1744.91 15.979 0.006
1745.91 15.975 0.006
1749.89 15.979 0.005
1750.89 15.976 0.006
1751.87 15.977 0.005
1752.86 15.979 0.006
1753.86 15.984 0.006
1754.86 15.988 0.007
1755.86 15.987 0.008
1756.89 15.977 0.009
1757.84 15.965 0.006
1758.84 15.966 0.006
1759.85 15.975 0.006
1761.87 15.977 0.006
1762.85 15.972 0.006
1763.86 15.987 0.005
1764.85 15.974 0.005
1765.84 15.993 0.006
1766.82 16.006 0.007
1768.83 15.981 0.006
1769.75 16.002 0.006
1773.81 15.998 0.005
1775.82 15.998 0.005
1777.76 15.973 0.006
1785.8 15.987 0.005
1788.83 15.986 0.006
1789.76 15.980 0.005
1803.87 15.990 0.006
1809.79 15.995 0.005
1812.76 15.997 0.005
1815.82 15.985 0.006
1821.72 15.994 0.006
1823.79 15.995 0.006
1829.71 15.990 0.006
1830.78 15.995 0.006
1864.72 15.995 0.006
1865.73 15.990 0.005
1873.7 15.991 0.005
2104.87 15.495 0.005
2112.91 15.455 0.004
2114.87 15.462 0.005
2115.89 15.471 0.005
2116.91 15.445 0.005
2117.87 15.439 0.005
2122.85 15.428 0.005
2123.86 15.415 0.005
2124.92 15.429 0.009
2128.87 15.399 0.006
2130.81 15.387 0.005
2131.8 15.380 0.005
2132.84 15.399 0.006
2133.85 15.387 0.006
2135.88 15.374 0.004
2136.89 15.363 0.006
2140.85 15.364 0.005
2141.76 15.365 0.006
2142.86 15.338 0.005
2144.79 15.338 0.004
2156.71 15.311 0.005
2160.79 15.301 0.005
2162.8 15.292 0.005
2165.79 15.284 0.005
2166.79 15.272 0.005
2167.73 15.267 0.005
2168.75 15.272 0.005
2172.78 15.259 0.005
2173.75 15.235 0.004
2174.73 15.247 0.004
2177.68 15.245 0.005
2184.74 15.245 0.005
2185.7 15.231 0.005
2187.65 15.220 0.005
2189.73 15.227 0.006
2190.73 15.217 0.004
2191.64 15.216 0.005
2192.7 15.208 0.004
2193.72 15.205 0.004
2194.69 15.217 0.004
2200.7 15.209 0.004
2203.59 15.207 0.005
2206.64 15.214 0.005
2208.69 15.190 0.005
2211.69 15.186 0.004
2212.68 15.173 0.004
2214.68 15.180 0.005
2215.72 15.181 0.005
2217.68 15.172 0.005
2219.71 15.165 0.005
2223.67 15.174 0.005
2225.63 15.172 0.004
2227.53 15.213 0.006
2228.59 15.178 0.005
2230.53 15.168 0.005
2232.54 15.162 0.004
2234.59 15.155 0.004
2236.58 15.162 0.004
2239.52 15.169 0.005
2241.57 15.165 0.005
2243.61 15.163 0.004
2249.56 15.146 0.004
2251.61 15.155 0.004
2254.56 15.138 0.004
2256.59 15.153 0.005
2259.61 15.155 0.005
2262.62 15.146 0.005
2264.6 15.143 0.004
2266.61 15.129 0.004
2271.58 15.152 0.004
2276.58 15.146 0.005
2280.57 15.126 0.005
2285.57 15.141 0.004
2289.6 15.139 0.004
2291.61 15.138 0.004
2293.6 15.138 0.004
2295.6 15.140 0.004
2297.6 15.135 0.004
2301.59 15.148 0.005
2453.88 15.686 0.009
2460.92 15.676 0.008
2464.88 15.679 0.006
2466.87 15.698 0.007
2468.87 15.701 0.006
2470.86 15.701 0.006
2472.88 15.735 0.005
2474.85 15.731 0.007
2481.86 15.712 0.008
2483.93 15.719 0.006
2486.93 15.757 0.008
2489.81 15.765 0.005
2490.81 15.760 0.008
2497.8 15.765 0.007
2498.81 15.754 0.006
2499.9 15.714 0.006
2500.91 15.725 0.006
2501.89 15.744 0.006
2502.87 15.735 0.007
2508.78 15.783 0.008
2516.82 15.809 0.007
2517.86 15.819 0.007
2518.84 15.829 0.007
2519.79 15.832 0.007
2520.83 15.833 0.007
2521.78 15.814 0.007
2524.78 15.803 0.007
2526.82 15.815 0.006
2529.77 15.823 0.006
2535.73 15.871 0.007
2537.74 15.869 0.008
2538.84 15.888 0.008
2539.74 15.895 0.007
2540.78 15.899 0.008
2541.75 15.878 0.007
2542.72 15.878 0.007
2544.7 15.871 0.007
2545.71 15.874 0.007
2547.73 15.880 0.007
2548.75 15.875 0.007
2550.74 15.907 0.007
2551.73 15.924 0.007
2552.75 15.905 0.007
2553.69 15.931 0.009
2554.74 15.909 0.007
2555.75 15.925 0.007
2556.73 15.932 0.007
2557.74 15.929 0.007
2558.7 15.934 0.007
2559.65 15.929 0.007
2560.69 15.938 0.007
2562.7 15.929 0.007
2563.71 15.938 0.007
2564.73 15.936 0.008
2565.72 15.930 0.008
2566.7 15.931 0.007
2568.77 15.924 0.008
2571.69 15.942 0.007
2572.76 15.951 0.008
2573.7 15.951 0.009
2574.68 15.962 0.007
2576.72 15.961 0.007
2577.68 15.974 0.009
2578.66 15.960 0.008
2579.68 15.955 0.008
2580.68 15.957 0.007
2583.66 15.966 0.008
2584.66 15.973 0.007
2587.65 15.982 0.008
2588.66 15.972 0.008
2589.64 15.969 0.007
2590.65 15.960 0.007
2591.69 15.968 0.007
2593.64 15.965 0.008
2594.65 15.978 0.008
2596.62 15.977 0.008
2597.61 15.988 0.008
2598.69 15.995 0.009
2599.65 15.995 0.008
2608.55 15.985 0.008
2610.59 15.984 0.008
2613.58 15.963 0.008
2615.61 15.987 0.008
2620.59 15.984 0.008
2622.53 15.984 0.007
2625.59 16.006 0.009
2629.53 16.000 0.009
2632.57 15.991 0.007
2636.56 16.032 0.008
2639.56 16.007 0.007
2643.53 16.002 0.008
2649.54 16.012 0.007
2651.58 16.025 0.009
2655.53 16.019 0.012
2658.55 16.022 0.009
2661.56 16.011 0.007
2665.53 16.013 0.011
2669.55 16.005 0.008
2674.54 16.010 0.009
2676.56 16.028 0.007
2678.64 16.037 0.008
2680.53 16.012 0.009
2683.55 16.008 0.009
2804.83 15.841 0.009
2805.89 15.863 0.010
2811.94 15.836 0.008
2815.91 15.823 0.007
2818.92 15.784 0.007
2829.86 15.757 0.011
2831.85 15.783 0.007
2832.81 15.769 0.007
2833.9 15.765 0.008
2835.89 15.798 0.010
2838.88 15.761 0.009
2840.88 15.746 0.007
2843.87 15.744 0.006
2844.91 15.725 0.007
2848.82 15.692 0.008
2849.89 15.656 0.006
2850.93 15.664 0.010
2852.85 15.673 0.007
2854.87 15.666 0.007
2857.87 15.698 0.007
2859.86 15.709 0.006
2860.91 15.711 0.006
2861.78 15.705 0.006
2862.87 15.708 0.007
2863.87 15.707 0.009
2865.79 15.704 0.007
2867.78 15.694 0.006
2868.82 15.705 0.006
2869.85 15.705 0.007
2870.85 15.708 0.006
2872.78 15.706 0.006
2875.84 15.690 0.007
2876.81 15.691 0.006
2877.84 15.687 0.006
2879.81 15.666 0.006
2884.76 15.761 0.006
2886.76 15.800 0.007
2890.73 15.824 0.009
2893.78 15.817 0.007
2895.79 15.812 0.006
2897.74 15.817 0.007
2899.77 15.832 0.006
2903.79 15.843 0.006
2906.74 15.802 0.006
2908.72 15.825 0.007
2910.71 15.831 0.007
2912.72 15.866 0.005
2916.73 15.899 0.006
2918.71 15.897 0.007
2922.71 15.890 0.008
2924.65 15.867 0.007
2926.64 15.851 0.008
2929.7 15.851 0.007
2931.68 15.853 0.007
2933.69 15.862 0.006
2935.65 15.849 0.009
2937.68 15.842 0.008
2939.66 15.864 0.007
2940.67 15.871 0.006
2941.65 15.882 0.007
2942.67 15.901 0.008
2943.64 15.907 0.007
2944.63 15.913 0.008
2946.62 15.909 0.007
2947.65 15.918 0.008
2949.63 15.918 0.007
2950.59 15.897 0.007
2951.67 15.943 0.013
2953.61 15.861 0.007
2955.6 15.831 0.008
2957.61 15.819 0.006
2965.67 15.824 0.006
2968.63 15.861 0.007
2971.64 15.889 0.007
2973.63 15.896 0.007
2975.53 15.900 0.007
2977.62 15.898 0.008
2979.6 15.875 0.008
2982.56 15.861 0.007
2984.59 15.849 0.009
2986.6 15.837 0.007
2988.57 15.832 0.007
2990.59 15.835 0.007
2993.59 15.848 0.006
2997.53 15.882 0.008
3000.59 15.913 0.007
3003.57 15.945 0.012
3006.56 15.948 0.010
3009.55 15.925 0.008
3013.56 15.897 0.008
3017.55 15.919 0.007
3020.53 15.928 0.009
3022.56 15.929 0.008
3024.56 15.953 0.008
3026.53 15.949 0.010
3028.53 15.960 0.013
3030.53 15.970 0.008
3032.55 15.986 0.008
3034.55 15.986 0.007
3038.54 15.991 0.009
3179.93 16.047 0.008
3184.89 16.028 0.009
3193.92 16.044 0.007
3196.89 16.046 0.007
3202.88 16.023 0.007
3203.92 16.026 0.005
3206.86 16.024 0.006
3210.93 16.040 0.007
3211.85 16.038 0.007
3215.82 16.026 0.010
3216.77 16.031 0.009
3217.82 16.032 0.008
3224.81 16.040 0.007
3228.79 16.050 0.008
3230.76 16.027 0.007
3238.79 16.017 0.007
3239.83 16.020 0.007
3240.83 16.047 0.009
3241.77 16.034 0.007
3242.76 16.053 0.008
3244.87 16.036 0.008
3245.81 16.040 0.008
3246.81 16.038 0.007
3247.81 16.038 0.007
3249.77 16.044 0.008
3251.78 16.041 0.006
3254.77 16.044 0.007
3257.79 16.024 0.010
3259.7 16.046 0.008
3261.74 16.046 0.007
3263.74 16.027 0.006
3265.76 16.042 0.007
3267.74 16.034 0.006
3270.7 16.042 0.008
3271.7 16.036 0.007
3273.66 16.038 0.009
3275.65 16.057 0.009
3276.75 16.055 0.012
3277.79 16.020 0.008
3279.72 16.042 0.007
3281.68 16.052 0.007
3283.68 16.034 0.005
3287.65 16.046 0.006
3289.66 16.046 0.006
3291.6 16.007 0.007
3294.61 16.033 0.006
3296.58 16.044 0.006
3298.59 16.009 0.005
3300.59 16.028 0.008
3302.57 16.020 0.007
3305.67 16.029 0.007
3307.59 16.040 0.009
3309.61 16.029 0.007
3311.56 16.039 0.007
3314.6 16.025 0.008
3320.64 15.996 0.006
3323.59 15.992 0.006
3327.62 15.959 0.006
3330.59 15.944 0.007
3335.63 15.951 0.008
3338.54 15.931 0.007
3350.55 15.911 0.006
3357.59 15.840 0.006
3361.59 15.793 0.006
3363.6 15.785 0.006
3369.57 15.809 0.005
3376.56 15.782 0.006
3380.55 15.795 0.006
3386.6 15.762 0.005
3395.55 15.788 0.007
3399.57 15.847 0.007
3402.59 15.832 0.006
3530.94 15.826 0.006
3543.91 15.853 0.006
3551.93 15.791 0.005
3558.91 15.674 0.005
3562.9 15.657 0.005
3568.89 15.657 0.005
3570.85 15.678 0.006
3571.84 15.724 0.007
3573.89 15.728 0.007
3575.85 15.727 0.005
3577.9 15.723 0.006
3579.84 15.694 0.005
3581.91 15.673 0.005
3582.87 15.685 0.005
3583.88 15.656 0.005
3584.86 15.650 0.005
3586.88 15.635 0.004
3588.87 15.625 0.005
3590.83 15.645 0.005
3592.79 15.647 0.005
3594.83 15.668 0.005
3600.92 15.717 0.006
3602.78 15.737 0.007
3603.75 15.760 0.006
3608.8 15.766 0.005
3614.83 15.777 0.005
3615.82 15.785 0.006
3618.82 15.779 0.005
3620.84 15.795 0.005
3622.8 15.813 0.007
3625.74 15.857 0.006
3628.77 15.887 0.006
3630.68 15.899 0.007
3632.66 15.895 0.008
3634.69 15.911 0.006
3637.69 15.931 0.006
3640.66 15.922 0.006
3642.7 15.908 0.007
3644.7 15.922 0.005
3646.71 15.929 0.007
3650.73 15.940 0.006
3652.67 15.953 0.006
3654.65 15.953 0.006
3656.7 15.983 0.006
3657.73 15.975 0.006
3658.7 15.990 0.007
3659.68 15.999 0.008
3660.69 15.989 0.007
3663.68 15.985 0.007
3665.71 15.981 0.007
3668.64 15.950 0.006
3668.66 15.967 0.006
3670.65 15.975 0.007
3672.58 15.984 0.008
3674.74 15.968 0.006
3676.63 15.972 0.006
3682.6 15.987 0.007
3684.62 15.981 0.006
3686.59 15.987 0.007
3688.56 15.997 0.007
3690.57 16.004 0.007
3693.57 16.007 0.007
3695.57 15.997 0.006
3698.54 16.002 0.008
3701.59 16.005 0.007
3703.6 15.991 0.006
3705.57 16.008 0.006
3707.57 16.001 0.006
3712.59 16.006 0.007
3715.55 16.022 0.007
3719.63 16.013 0.007
3722.57 16.010 0.008
3725.65 16.001 0.008
3730.56 16.013 0.006
3735.56 16.014 0.007
3738.58 16.009 0.008
3743.53 16.015 0.008
3748.54 16.017 0.009
3753.54 16.030 0.009
3758.56 16.018 0.008
3762.56 16.028 0.009
3768.52 16.026 0.010
3773.52 16.031 0.013
3777.55 16.023 0.007
3871.91 16.063 0.009
3902.93 16.052 0.008
3907.93 16.046 0.007
3915.91 16.043 0.006
3918.92 16.053 0.006
3932.88 16.054 0.007
3934.89 16.054 0.007
3936.9 16.056 0.007
3938.89 16.005 0.006
3945.86 16.052 0.006
3950.84 16.042 0.006
3957.79 16.070 0.009
3959.79 16.051 0.008
3961.78 16.061 0.008
3964.79 16.038 0.006
3966.78 16.039 0.006
3968.77 16.033 0.006
3970.76 16.025 0.006
3973.73 16.031 0.007
3975.74 16.050 0.006
3980.68 16.021 0.008
3981.68 16.034 0.007
3982.74 16.019 0.008
3986.72 16.019 0.007
3989.82 16.021 0.007
3991.76 16.049 0.007
3994.66 16.032 0.008
3998.69 16.046 0.008
4001.66 16.036 0.006
4003.63 16.051 0.006
4004.72 16.034 0.006
4005.71 16.045 0.006
4007.6 16.027 0.007
4008.61 16.024 0.006
4011.66 16.044 0.007
4014.64 16.040 0.008
4016.64 16.032 0.007
4018.63 16.038 0.007
4020.67 16.033 0.007
4023.62 16.036 0.007
4025.62 16.022 0.007
4027.61 16.016 0.007
4029.59 16.023 0.006
4031.58 15.993 0.006
4036.62 15.998 0.006
4038.57 16.012 0.007
4040.55 15.995 0.007
4042.62 15.995 0.007
4044.66 16.005 0.009
4047.57 15.990 0.007
4049.55 15.983 0.006
4051.6 15.967 0.007
4053.61 15.970 0.005
4055.54 15.981 0.008
4057.58 15.980 0.007
4059.61 15.974 0.006
4063.6 15.933 0.006
4066.52 15.897 0.008
4068.58 15.874 0.005
4071.53 15.885 0.009
4074.56 15.844 0.006
4077.61 15.859 0.007
4079.56 15.862 0.006
4083.57 15.823 0.006
4087.59 15.824 0.006
4095.55 15.742 0.005
4095.59 15.735 0.005
4098.57 15.705 0.005
4102.54 15.675 0.006
4107.55 15.661 0.005
4112.55 15.657 0.005
4119.54 15.619 0.005
4122.57 15.616 0.006
4128.56 15.577 0.006
4253.89 15.540 0.008
4255.91 15.544 0.007
4258.92 15.529 0.007
4273.91 15.472 0.006
4278.93 15.452 0.006
4281.76 15.432 0.006
4282.9 15.429 0.005
4283.83 15.452 0.006
4284.89 15.438 0.006
4289.87 15.427 0.006
4292.9 15.406 0.005
4295.89 15.397 0.005
4296.93 15.395 0.005
4298.85 15.382 0.005
4299.89 15.376 0.005
4300.91 15.378 0.005
4301.93 15.377 0.005
4303.82 15.379 0.005
4307.72 15.362 0.005
4308.69 15.361 0.005
4308.9 15.367 0.005
4310.87 15.349 0.006
4311.87 15.358 0.006
4312.94 15.351 0.005
4314.8 15.359 0.006
4316.86 15.356 0.006
4320.85 15.352 0.005
4326.87 15.339 0.006
4327.89 15.343 0.006
4328.86 15.341 0.005
4329.86 15.330 0.005
4330.89 15.332 0.005
4332.91 15.321 0.005
4334.89 15.334 0.006
4339.86 15.313 0.005
4340.81 15.317 0.005
4341.8 15.314 0.005
4342.88 15.316 0.005
4343.8 15.328 0.005
4344.78 15.313 0.005
4346.76 15.324 0.005
4348.74 15.300 0.005
4350.72 15.312 0.005
4353.68 15.302 0.005
4355.74 15.316 0.006
4358.68 15.284 0.005
4359.74 15.278 0.005
4365.64 15.291 0.006
4369.72 15.265 0.005
4371.68 15.273 0.006
4376.69 15.252 0.005
4378.65 15.269 0.005
4379.69 15.247 0.005
4381.64 15.247 0.005
4383.67 15.252 0.004
4386.7 15.247 0.005
4388.7 15.249 0.005
4390.71 15.245 0.005
4394.59 15.241 0.005
4396.68 15.241 0.005
4398.68 15.233 0.005
4402.67 15.224 0.004
4404.68 15.228 0.005
4407.69 15.223 0.005
4409.71 15.226 0.005
4411.7 15.225 0.005
4415.71 15.233 0.005
4417.66 15.216 0.004
4420.64 15.225 0.005
4422.67 15.221 0.005
4424.67 15.220 0.005
4427.56 15.226 0.005
4429.6 15.238 0.006
4431.59 15.237 0.005
4433.59 15.240 0.005
4435.58 15.231 0.005
4438.64 15.238 0.005
4440.61 15.247 0.005
4442.57 15.258 0.006
4444.6 15.246 0.005
4452.61 15.282 0.005
4454.63 15.287 0.005
4455.57 15.299 0.005
4457.58 15.310 0.006
4460.53 15.316 0.006
4463.6 15.321 0.005
4467.58 15.328 0.005
4470.58 15.328 0.005
4474.63 15.348 0.005
4476.61 15.375 0.005
4481.6 15.411 0.005
4483.63 15.412 0.005
4485.61 15.421 0.006
4488.61 15.415 0.006
4492.6 15.438 0.005
4609.93 15.860 0.008
4643.92 15.947 0.008
4652.94 15.969 0.008
4655.9 15.941 0.007
4661.91 15.927 0.007
4662.84 15.909 0.006
4662.93 15.923 0.006
4663.78 15.939 0.008
4665.86 15.933 0.008
4670.94 15.952 0.008
4671.84 15.947 0.007
4673.94 15.961 0.008
4677.86 15.971 0.006
4682.83 15.982 0.008
4684.87 15.965 0.007
4686.83 15.958 0.006
4688.84 15.941 0.006
4690.77 15.951 0.007
4691.77 15.939 0.007
4694.82 15.957 0.009
4697.76 15.947 0.009
4699.78 15.955 0.007
4700.82 15.967 0.007
4701.83 15.964 0.007
4703.78 15.973 0.007
4704.8 15.974 0.006
4705.81 15.975 0.008
4707.83 15.981 0.007
4709.76 15.984 0.007
4715.77 15.964 0.008
4717.72 15.964 0.007
4720.7 15.970 0.008
4722.72 15.971 0.007
4725.72 15.981 0.008
4730.71 15.983 0.006
4730.78 15.985 0.006
4733.75 15.991 0.007
4740.69 15.986 0.007
4743.69 15.984 0.007
4748.68 15.969 0.007
4750.71 15.985 0.008
4754.63 16.006 0.008
4756.64 15.990 0.007
4758.62 15.999 0.007
4760.61 16.022 0.007
4762.6 15.997 0.008
4767.64 16.006 0.007
4770.68 15.998 0.009
4772.62 15.985 0.007
4774.6 15.972 0.007
4776.57 15.985 0.007
4778.57 15.987 0.007
4780.57 16.009 0.008
4782.54 16.037 0.008
4783.6 16.027 0.008
4787.59 16.007 0.011
4789.57 16.045 0.007
4791.55 16.020 0.008
4793.56 16.035 0.008
4795.57 16.026 0.007
4797.56 16.044 0.008
4798.63 16.019 0.007
4801.53 16.046 0.007
4802.61 16.026 0.007
4803.59 16.034 0.007
4805.52 16.027 0.011
4807.55 16.020 0.008
4809.57 16.031 0.008
4811.59 16.046 0.008
4814.55 16.046 0.008
4816.55 16.041 0.007
4818.57 16.046 0.007
4820.55 16.037 0.007
4822.6 16.037 0.007
4824.59 16.036 0.008
4831.56 16.039 0.008
4833.59 16.036 0.007
4835.61 16.038 0.007
4839.61 16.043 0.008
4842.58 16.049 0.008
4844.59 16.056 0.008
4847.64 16.044 0.010
4849.6 16.042 0.007
4853.6 16.043 0.008
4855.62 16.048 0.008
4859.61 16.040 0.008
4862.59 16.021 0.007
4868.57 16.037 0.008
