2455260.64719 14.701 0.003 4.79 443.0
2455261.65051 14.688 0.003 3.92 399.0
2455262.64427 14.694 0.003 6.39 366.0
2455264.61167 14.692 0.003 5.66 378.0
2455265.61299 14.689 0.003 5.29 430.0
2455266.60550 14.687 0.003 5.70 309.0
2455267.61877 14.698 0.003 5.27 530.0
2455268.60135 14.696 0.003 5.62 475.0
2455269.57065 14.689 0.003 4.63 473.0
2455270.55723 14.690 0.003 4.44 306.0
2455271.58002 14.697 0.003 3.83 367.0
2455273.56846 14.696 0.003 5.57 303.0
2455274.59963 14.694 0.003 6.29 441.0
2455275.58285 14.693 0.003 5.54 334.0
2455276.57887 14.697 0.003 4.16 308.0
2455279.56701 14.686 0.003 6.05 482.0
2455281.54240 14.695 0.003 4.29 555.0
2455282.56186 14.693 0.003 4.96 650.0
2455284.56547 14.700 0.003 4.43 813.0
2455286.54816 14.715 0.003 4.22 950.0
2455288.56180 14.693 0.003 4.05 673.0
2455291.55593 14.690 0.003 5.57 428.0
2455293.54727 14.690 0.003 5.63 502.0
2455295.50341 14.695 0.003 5.98 551.0
2455297.52910 14.696 0.003 4.43 348.0
2455298.57416 14.715 0.003 5.53 587.0
2455301.53492 14.704 0.003 5.27 466.0
2455306.53138 14.689 0.003 3.86 674.0
2455308.53910 14.692 0.003 6.35 553.0
2455309.55978 14.691 0.003 5.61 593.0
2455310.55963 14.693 0.003 6.34 709.0
2455311.52600 14.706 0.003 6.04 658.0
2455313.50865 14.697 0.003 5.89 885.0
2455314.52346 14.690 0.003 6.84 1205.0
2455322.47090 14.694 0.003 5.79 840.0
2455325.48519 14.699 0.003 6.27 738.0
2455327.48751 14.698 0.003 5.39 516.0
2455335.47816 14.686 0.003 6.07 584.0
2455341.49966 14.686 0.003 6.05 1415.0
2455343.50226 14.689 0.003 6.13 1510.0
2455430.92055 14.692 0.003 6.32 411.0
2455443.85422 14.685 0.003 5.24 334.0
2455444.90024 14.684 0.003 4.91 398.0
2455448.91916 14.684 0.003 3.78 2323.0
2455449.81771 14.690 0.003 5.81 259.0
2455451.83257 14.678 0.003 6.62 447.0
2455454.91157 14.690 0.003 5.28 1364.0
2455457.77549 14.674 0.003 4.04 347.0
2455459.88744 14.691 0.003 5.06 363.0
2455462.88576 14.685 0.003 4.99 589.0
2455467.85635 14.669 0.003 4.69 433.0
2455468.84528 14.673 0.003 5.59 418.0
2455471.86797 14.661 0.003 4.69 366.0
2455473.80282 14.664 0.003 5.33 240.0
2455477.80483 14.669 0.003 4.12 287.0
2455478.81230 14.670 0.003 4.57 293.0
2455481.75165 14.673 0.003 5.99 234.0
2455483.78493 14.671 0.003 6.72 329.0
2455484.79702 14.674 0.003 5.26 265.0
2455485.82383 14.660 0.003 5.14 406.0
2455487.74557 14.668 0.003 4.53 383.0
2455488.74771 14.661 0.003 4.70 466.0
2455489.83998 14.650 0.003 4.25 353.0
2455490.74886 14.662 0.003 4.87 654.0
2455491.86227 14.660 0.003 6.98 496.0
2455492.78429 14.668 0.003 4.61 727.0
2455493.80658 14.660 0.003 5.06 553.0
2455494.85137 14.656 0.003 4.30 671.0
2455495.80853 14.652 0.003 4.46 466.0
2455496.80636 14.660 0.003 6.43 593.0
2455497.83651 14.654 0.003 5.73 364.0
2455499.74354 14.646 0.003 5.26 286.0
2455502.81368 14.643 0.003 3.76 342.0
2455503.76894 14.649 0.003 4.01 319.0
2455505.73864 14.649 0.003 5.33 460.0
2455506.75613 14.657 0.003 4.22 278.0
2455507.77426 14.646 0.003 4.53 237.0
2455509.68262 14.646 0.003 4.53 360.0
2455510.73853 14.649 0.003 4.90 269.0
2455511.71478 14.656 0.003 5.04 300.0
2455512.75785 14.651 0.003 4.39 284.0
2455513.72814 14.649 0.003 4.47 294.0
2455514.76068 14.652 0.003 3.99 294.0
2455515.67794 14.661 0.003 4.70 419.0
2455516.76351 14.657 0.003 3.80 299.0
2455517.67663 14.661 0.003 5.35 460.0
2455518.77308 14.667 0.003 6.96 592.0
2455519.69949 14.665 0.003 7.80 586.0
2455521.71631 14.659 0.003 4.56 668.0
2455522.74144 14.650 0.003 4.77 626.0
2455523.70614 14.642 0.003 4.22 521.0
2455524.71462 14.646 0.003 3.84 600.0
2455525.74765 14.654 0.003 3.42 411.0
2455526.69973 14.651 0.003 3.11 505.0
2455527.78043 14.661 0.003 3.66 308.0
2455528.72155 14.668 0.003 4.66 476.0
2455529.70184 14.669 0.003 4.94 297.0
2455530.70904 14.675 0.003 6.33 326.0
2455531.79226 14.663 0.003 3.75 280.0
2455532.70042 14.672 0.003 3.57 262.0
2455533.72376 14.681 0.003 5.74 242.0
2455534.75522 14.673 0.003 4.25 280.0
2455535.73210 14.685 0.003 5.11 274.0
2455536.73476 14.693 0.003 4.30 250.0
2455539.74499 14.682 0.003 4.46 294.0
2455540.82916 14.683 0.003 5.47 278.0
2455541.69535 14.673 0.003 5.80 283.0
2455542.75449 14.691 0.003 4.54 235.0
2455543.78529 14.714 0.003 6.77 253.0
2455544.77274 14.702 0.003 4.69 278.0
2455545.76203 14.701 0.003 5.89 299.0
2455546.71172 14.708 0.003 5.84 361.0
2455547.77150 14.708 0.003 5.19 326.0
2455548.73939 14.704 0.003 4.06 410.0
2455549.69929 14.710 0.003 4.81 497.0
2455550.75151 14.715 0.003 4.41 636.0
2455551.70901 14.713 0.003 4.98 821.0
2455553.75501 14.708 0.003 5.49 469.0
2455556.70300 14.722 0.003 5.60 426.0
2455557.68413 14.717 0.003 4.58 356.0
2455558.68504 14.707 0.003 6.68 225.0
2455559.72822 14.713 0.003 5.15 328.0
2455560.66693 14.709 0.003 4.46 253.0
2455561.70071 14.732 0.003 5.95 324.0
2455562.72007 14.728 0.003 4.33 337.0
2455563.65402 14.734 0.003 5.92 339.0
2455565.68592 14.726 0.003 4.61 228.0
2455566.71262 14.731 0.003 4.47 451.0
2455568.73291 14.740 0.003 5.61 413.0
2455569.72749 14.744 0.003 6.33 275.0
2455570.76698 14.732 0.003 6.02 290.0
2455571.69859 14.742 0.003 5.58 249.0
2455572.81520 14.734 0.003 5.87 299.0
2455575.71953 14.734 0.003 4.68 351.0
2455576.69369 14.728 0.003 4.70 289.0
2455577.69598 14.718 0.003 5.44 461.0
2455578.70333 14.721 0.003 4.53 505.0
2455579.75321 14.735 0.003 5.58 910.0
2455580.69724 14.717 0.003 4.18 476.0
2455581.69937 14.721 0.003 4.24 730.0
2455582.70633 14.719 0.003 5.31 549.0
2455583.71429 14.712 0.003 4.47 481.0
2455584.69907 14.732 0.003 5.18 377.0
2455585.69898 14.720 0.003 4.83 454.0
2455586.66274 14.721 0.003 5.74 342.0
2455587.64495 14.736 0.003 8.02 300.0
2455588.74885 14.725 0.003 6.99 434.0
2455589.65486 14.719 0.003 5.08 269.0
2455590.63341 14.724 0.003 5.60 186.0
2455591.69220 14.718 0.003 4.98 247.0
2455592.67444 14.716 0.003 5.24 193.0
2455593.65741 14.722 0.003 5.31 315.0
2455594.67366 14.723 0.003 6.14 189.0
2455595.65231 14.722 0.003 5.74 225.0
2455596.71540 14.714 0.003 4.66 259.0
2455597.63286 14.705 0.003 4.60 342.0
2455598.69917 14.706 0.003 5.09 225.0
2455599.66281 14.708 0.003 5.71 293.0
2455600.69553 14.718 0.003 5.21 194.0
2455601.67516 14.713 0.003 4.55 239.0
2455602.67389 14.713 0.003 5.65 183.0
2455603.68057 14.723 0.003 7.02 273.0
2455604.68097 14.710 0.003 6.54 273.0
2455605.68347 14.703 0.003 4.27 323.0
2455606.69541 14.706 0.003 5.45 439.0
2455607.70632 14.711 0.003 5.94 577.0
2455608.69942 14.709 0.003 6.28 684.0
2455609.72415 14.700 0.003 6.00 793.0
2455611.65467 14.711 0.003 6.09 773.0
2455612.70722 14.697 0.003 6.58 722.0
2455613.67037 14.702 0.003 7.04 462.0
2455614.66272 14.698 0.003 4.59 482.0
2455615.65611 14.692 0.003 4.44 396.0
2455616.67214 14.693 0.003 4.56 370.0
2455619.65402 14.718 0.003 4.80 280.0
2455622.65556 14.707 0.003 5.97 432.0
2455623.61492 14.706 0.003 5.04 386.0
2455624.55615 14.700 0.003 4.69 301.0
2455625.64764 14.706 0.003 6.96 335.0
2455626.60871 14.698 0.003 6.44 292.0
2455627.57352 14.691 0.003 5.33 266.0
2455629.61369 14.694 0.003 4.70 339.0
2455630.62510 14.699 0.003 5.60 475.0
2455632.57329 14.696 0.003 5.62 478.0
2455633.62219 14.698 0.003 5.19 400.0
2455634.58269 14.687 0.003 5.96 411.0
2455635.58696 14.698 0.003 6.38 405.0
2455638.59156 14.704 0.003 5.48 951.0
2455639.60181 14.691 0.003 5.26 858.0
2455640.54075 14.690 0.003 5.61 710.0
2455641.56842 14.691 0.003 4.92 521.0
2455642.51666 14.682 0.003 3.89 374.0
2455643.51440 14.682 0.003 5.60 307.0
2455644.51715 14.686 0.003 5.12 299.0
2455645.51584 14.685 0.003 6.18 421.0
2455646.52887 14.693 0.003 5.33 363.0
2455647.53084 14.680 0.003 5.00 321.0
2455648.53150 14.687 0.003 5.04 425.0
2455649.54625 14.689 0.003 5.30 440.0
2455650.52670 14.685 0.003 4.39 401.0
2455651.53257 14.634 0.003 4.01 356.0
2455652.52752 14.679 0.003 3.90 372.0
2455653.55760 14.680 0.003 4.18 356.0
2455654.56607 14.675 0.003 4.52 384.0
2455655.55733 14.679 0.003 6.26 336.0
2455656.56616 14.682 0.003 5.06 372.0
2455657.52609 14.678 0.003 5.99 416.0
2455659.52541 14.676 0.003 5.40 377.0
2455660.57078 14.684 0.003 5.98 343.0
2455664.50494 14.683 0.003 6.83 567.0
2455665.52019 14.679 0.003 6.08 630.0
2455666.51697 14.676 0.003 6.53 667.0
2455667.49916 14.675 0.003 4.97 614.0
2455668.50510 14.690 0.003 5.89 638.0
2455669.49865 14.680 0.003 3.99 860.0
2455670.55020 14.694 0.003 5.04 884.0
2455672.49542 14.691 0.003 4.79 555.0
2455674.50349 14.688 0.003 5.08 391.0
2455675.49677 14.682 0.003 4.82 455.0
2455676.55254 14.691 0.003 4.04 314.0
2455677.49300 14.694 0.003 4.36 491.0
2455678.52725 14.705 0.003 5.09 444.0
2455679.49487 14.707 0.003 5.75 353.0
2455680.54365 14.703 0.003 6.81 522.0
2455681.50770 14.703 0.003 6.90 369.0
2455682.50717 14.702 0.003 6.76 511.0
2455683.51205 14.698 0.003 4.98 669.0
2455684.51705 14.702 0.003 5.06 542.0
2455685.48852 14.690 0.003 6.14 514.0
2455686.48905 14.700 0.003 4.80 486.0
2455687.49121 14.693 0.003 5.94 579.0
2455691.48271 14.704 0.003 6.13 674.0
2455694.49929 14.722 0.003 5.88 945.0
2455695.48372 14.709 0.003 5.46 627.0
2455696.49211 14.712 0.003 7.24 845.0
2455697.48206 14.699 0.003 4.99 855.0
2455699.49157 14.697 0.003 6.62 1220.0
2455700.48314 14.711 0.003 6.88 882.0
2455702.48000 14.694 0.003 7.05 536.0
2455706.47969 14.694 0.003 7.30 560.0
2455709.46679 14.678 0.003 6.69 470.0
2455785.90570 14.675 0.003 6.13 462.0
2455796.90763 14.659 0.003 5.29 497.0
2455803.89147 14.667 0.003 5.10 331.0
2455806.90693 14.667 0.003 5.74 316.0
2455809.86814 14.661 0.003 4.30 189.0
2455810.87131 14.672 0.003 5.29 407.0
2455812.86423 14.673 0.003 5.11 283.0
2455814.91324 14.682 0.003 5.38 648.0
2455815.89260 14.686 0.003 4.95 442.0
2455816.86675 14.689 0.003 4.60 617.0
2455817.86841 14.691 0.003 4.87 459.0
2455818.89644 14.686 0.003 5.42 524.0
2455819.85044 14.684 0.003 4.87 460.0
2455822.83810 14.691 0.003 5.01 332.0
2455824.83494 14.702 0.003 5.69 319.0
2455825.82320 14.692 0.003 4.60 303.0
2455826.87171 14.694 0.003 5.95 333.0
2455827.86569 14.690 0.003 4.75 262.0
2455828.89193 14.684 0.003 4.08 369.0
2455829.86528 14.678 0.003 4.43 252.0
2455830.85684 14.688 0.003 4.57 287.0
2455831.84856 14.690 0.003 4.01 248.0
2455832.83798 14.704 0.003 4.60 208.0
2455833.82233 14.689 0.003 4.87 280.0
2455834.82329 14.690 0.003 4.02 286.0
2455835.88322 14.703 0.003 5.42 252.0
2455836.78970 14.696 0.003 4.80 284.0
2455837.87002 14.697 0.003 4.81 319.0
2455839.85074 14.701 0.003 5.12 269.0
2455840.83424 14.699 0.003 4.06 351.0
2455841.83129 14.697 0.003 5.79 237.0
2455842.84892 14.699 0.003 6.77 323.0
2455843.86439 14.696 0.003 4.74 362.0
2455845.87938 14.683 0.003 8.02 555.0
2455846.83991 14.699 0.003 6.62 661.0
2455850.80455 14.700 0.003 4.58 405.0
2455851.81276 14.703 0.003 4.65 434.0
2455853.86828 14.694 0.003 5.68 363.0
2455854.77197 14.699 0.003 4.14 364.0
2455855.84131 14.709 0.003 3.65 383.0
2455856.81293 14.706 0.003 5.53 427.0
2455857.79775 14.710 0.003 8.80 334.0
2455858.84714 14.707 0.003 7.26 341.0
2455859.81566 14.698 0.003 4.88 370.0
2455860.80072 14.698 0.003 5.03 306.0
2455861.80973 14.696 0.003 5.09 383.0
2455863.81289 14.688 0.003 4.44 347.0
2455864.72018 14.687 0.003 3.64 338.0
2455865.79021 14.694 0.003 4.36 361.0
2455866.81395 14.691 0.003 4.49 362.0
2455867.75285 14.685 0.003 4.39 380.0
2455868.85435 14.696 0.003 3.71 374.0
2455869.81991 14.686 0.003 4.09 353.0
2455870.75966 14.693 0.003 4.31 411.0
2455871.74580 14.688 0.003 4.50 405.0
2455872.75513 14.691 0.003 4.18 407.0
2455873.75038 14.692 0.003 4.07 443.0
2455874.78737 14.697 0.003 5.63 412.0
2455875.71985 14.689 0.003 4.90 564.0
2455878.82081 14.692 0.003 6.83 526.0
2455879.72815 14.700 0.003 5.87 548.0
2455880.75641 14.675 0.003 4.75 447.0
2455881.74294 14.683 0.003 4.62 455.0
2455882.77376 14.672 0.003 4.64 367.0
2455883.77770 14.697 0.003 5.93 482.0
2455885.70898 14.676 0.003 6.38 415.0
2455886.74508 14.675 0.003 6.66 451.0
2455887.81746 14.672 0.003 3.98 408.0
2455888.80609 14.682 0.003 4.99 463.0
2455889.84832 14.670 0.003 5.32 374.0
2455890.78185 14.674 0.003 5.68 352.0
2455891.74053 14.670 0.003 4.51 422.0
2455892.75828 14.659 0.003 4.63 351.0
2455893.77641 14.662 0.003 4.40 286.0
2455894.79990 14.665 0.003 4.89 314.0
2455895.81697 14.661 0.003 5.17 331.0
2455896.80004 14.661 0.003 5.51 310.0
2455897.74684 14.654 0.003 4.44 234.0
2455898.72905 14.656 0.003 4.69 319.0
2455899.78817 14.652 0.003 4.37 283.0
2455900.73783 14.644 0.003 4.37 256.0
2455901.78712 14.655 0.003 5.04 470.0
2455902.73841 14.662 0.003 5.29 602.0
2455903.79355 14.662 0.003 5.40 499.0
2455904.76819 14.661 0.003 4.24 612.0
2455905.74223 14.657 0.003 4.01 751.0
2455906.75409 14.656 0.003 4.20 658.0
2455907.73217 14.655 0.003 4.24 555.0
2455908.75754 14.654 0.003 4.27 573.0
2455909.80201 14.653 0.003 4.81 552.0
2455910.71484 14.663 0.003 4.75 472.0
2455911.74669 14.652 0.003 4.37 392.0
2455912.76717 14.651 0.003 4.21 361.0
2455913.73908 14.650 0.003 4.11 286.0
2455914.76174 14.642 0.003 4.55 259.0
2455915.71879 14.641 0.003 4.83 185.0
2455916.77510 14.640 0.003 4.41 256.0
2455917.73631 14.638 0.003 3.87 244.0
2455922.75335 14.631 0.003 5.18 236.0
2455923.72954 14.636 0.003 3.80 239.0
2455924.71086 14.628 0.003 5.02 304.0
2455925.72488 14.634 0.003 5.49 331.0
2455926.73669 14.633 0.003 5.43 184.0
2455927.73567 14.642 0.003 4.28 308.0
2455929.70990 14.626 0.003 4.25 367.0
2455930.85503 14.626 0.003 5.64 256.0
2455931.67689 14.621 0.003 4.81 441.0
2455932.67420 14.627 0.003 4.26 478.0
2455933.72405 14.615 0.003 4.15 735.0
2455934.72014 14.613 0.003 4.63 589.0
2455935.67113 14.621 0.003 4.88 2021.0
2455936.66569 14.609 0.003 4.06 836.0
2455937.69495 14.622 0.003 3.66 518.0
2455938.69572 14.605 0.003 4.44 420.0
2455939.73983 14.594 0.003 4.05 666.0
2455940.77543 14.606 0.003 5.16 315.0
2455941.77610 14.595 0.003 4.92 564.0
2455942.80072 14.590 0.003 4.75 300.0
2455943.75757 14.592 0.003 4.91 491.0
2455944.75048 14.595 0.003 4.39 222.0
2455945.73119 14.590 0.003 4.28 262.0
2455946.67100 14.583 0.003 4.77 238.0
2455946.78699 14.581 0.003 6.07 318.0
2455947.73754 14.588 0.003 5.23 280.0
2455948.72639 14.580 0.003 4.29 261.0
2455949.74254 14.581 0.003 6.32 323.0
2455950.66352 14.578 0.003 4.80 201.0
2455951.68892 14.589 0.003 4.73 419.0
2455952.71350 14.579 0.003 5.26 169.0
2455953.71142 14.580 0.003 5.90 323.0
2455954.70900 14.579 0.003 3.90 191.0
2455955.73164 14.577 0.003 4.53 336.0
2455956.73163 14.584 0.003 4.93 236.0
2455958.74885 14.574 0.003 5.12 254.0
2455959.72086 14.588 0.003 5.23 290.0
2455960.72284 14.582 0.003 4.79 323.0
2455961.65459 14.586 0.003 3.59 414.0
2455962.65549 14.585 0.003 6.71 488.0
2455963.62223 14.585 0.003 4.52 575.0
2455964.63416 14.584 0.003 5.65 671.0
2455965.63306 14.584 0.003 3.85 710.0
2455967.65524 14.588 0.003 6.73 548.0
2455968.65535 14.589 0.003 5.42 418.0
2455969.63133 14.577 0.003 5.04 312.0
2455970.60884 14.588 0.003 4.20 290.0
2455971.70173 14.601 0.003 4.60 331.0
2455972.68805 14.593 0.003 4.13 335.0
2455973.67116 14.592 0.003 4.04 242.0
2455974.62617 14.590 0.003 4.49 202.0
2455976.66032 14.613 0.003 5.90 273.0
2455977.69388 14.592 0.003 5.13 310.0
2455978.67035 14.587 0.003 4.38 324.0
2455979.62044 14.599 0.003 6.06 291.0
2455980.65064 14.603 0.003 5.17 401.0
2455981.65957 14.608 0.003 5.06 297.0
2455982.66555 14.615 0.003 5.97 307.0
2455983.70863 14.610 0.003 3.99 304.0
2455984.64764 14.615 0.003 4.22 311.0
2455985.67952 14.618 0.003 6.70 342.0
2455986.60928 14.611 0.003 4.91 297.0
2455987.68509 14.614 0.003 4.81 387.0
2455988.65122 14.625 0.003 4.67 447.0
2455989.61514 14.616 0.003 5.30 336.0
2455990.60867 14.621 0.003 5.76 440.0
2455991.68368 14.616 0.003 5.21 668.0
2455992.64393 14.621 0.003 5.17 558.0
2455993.60077 14.611 0.003 5.24 534.0
2455994.60025 14.625 0.003 4.25 827.0
2455995.64713 14.622 0.003 4.95 869.0
2455996.61727 14.637 0.003 6.34 744.0
2455997.61940 14.628 0.003 5.46 517.0
2455998.61774 14.632 0.003 4.76 395.0
2455998.67280 14.637 0.003 5.42 483.0
2455999.65852 14.637 0.003 4.04 418.0
2456000.63382 14.627 0.003 4.39 424.0
2456002.59750 14.633 0.003 5.50 410.0
2456003.56371 14.636 0.003 6.07 310.0
2456004.62406 14.648 0.003 6.23 441.0
2456005.60710 14.644 0.003 4.64 353.0
2456006.59104 14.634 0.003 4.00 355.0
2456007.58934 14.639 0.003 4.47 334.0
2456009.56490 14.643 0.003 5.81 416.0
2456010.62046 14.637 0.003 6.61 534.0
2456011.57928 14.631 0.003 4.57 389.0
2456012.61496 14.652 0.003 4.91 396.0
2456013.56005 14.640 0.003 4.93 308.0
2456014.57899 14.640 0.003 5.71 305.0
2456015.57438 14.654 0.003 4.53 432.0
2456016.61532 14.647 0.003 4.50 437.0
2456017.57872 14.644 0.003 4.71 487.0
2456018.53385 14.637 0.003 5.34 456.0
2456019.58259 14.642 0.003 5.97 384.0
2456020.60408 14.654 0.003 5.08 482.0
2456021.59186 14.650 0.003 5.63 583.0
2456022.60374 14.651 0.003 6.70 674.0
2456023.57737 14.646 0.003 4.17 728.0
2456024.60020 14.644 0.003 6.06 942.0
2456025.60025 14.655 0.003 7.06 801.0
2456026.54649 14.658 0.003 5.32 685.0
2456028.58324 14.648 0.003 6.89 571.0
2456032.52109 14.652 0.003 7.06 475.0
2456033.50863 14.657 0.003 6.37 480.0
2456034.51421 14.655 0.003 4.24 584.0
2456035.53964 14.650 0.003 5.14 413.0
2456036.51649 14.653 0.003 5.38 378.0
2456037.51611 14.650 0.003 7.18 514.0
2456038.50784 14.657 0.003 7.51 530.0
2456039.51453 14.643 0.003 6.37 544.0
2456040.51681 14.664 0.003 5.38 319.0
2456042.51447 14.653 0.003 7.70 555.0
2456047.49139 14.634 0.003 5.58 621.0
2456048.49017 14.652 0.003 5.14 580.0
2456049.51345 14.649 0.003 4.62 622.0
2456050.48900 14.646 0.003 5.28 675.0
2456052.50470 14.649 0.003 4.57 995.0
2456053.50173 14.654 0.003 3.91 1354.0
2456055.51032 14.655 0.003 4.79 796.0
2456056.49728 14.664 0.003 5.54 487.0
2456057.50746 14.657 0.003 5.07 452.0
2456058.50085 14.667 0.003 5.69 412.0
2456059.49450 14.673 0.003 5.46 421.0
2456060.49775 14.656 0.003 6.26 566.0
2456061.49092 14.659 0.003 6.80 576.0
2456062.48238 14.667 0.003 6.00 578.0
2456064.48419 14.652 0.003 5.57 772.0
2456070.48554 14.662 0.003 6.52 505.0
2456079.46755 14.700 0.003 6.53 1598.0
2456123.93150 14.625 0.003 5.42 315.0
2456137.92947 14.615 0.003 5.43 362.0
2456165.93033 14.653 0.003 5.31 1275.0
2456171.89523 14.658 0.003 4.26 542.0
2456174.92161 14.673 0.003 6.71 1747.0
2456182.89258 14.682 0.003 5.16 212.0
2456191.89771 14.696 0.003 4.02 298.0
2456193.90574 14.669 0.003 3.84 1279.0
2456196.88738 14.699 0.003 4.24 374.0
2456202.84387 14.713 0.003 6.11 478.0
2456212.84342 14.696 0.003 5.73 391.0
2456219.82625 14.712 0.003 7.38 277.0
2456223.79760 14.690 0.003 4.21 405.0
2456224.86318 14.683 0.003 4.15 336.0
2456230.74397 14.676 0.003 4.90 682.0
2456231.76879 14.677 0.003 4.99 546.0
2456232.83484 14.679 0.003 4.31 392.0
2456234.84520 14.684 0.003 4.10 380.0
2456235.79259 14.687 0.003 3.73 393.0
2456239.81800 14.671 0.003 4.97 305.0
2456240.86123 14.690 0.003 5.99 357.0
2456242.85782 14.664 0.003 4.19 380.0
2456244.76697 14.669 0.003 5.09 225.0
2456248.80023 14.661 0.003 4.72 271.0
2456254.80074 14.651 0.003 4.68 249.0
2456257.82975 14.658 0.003 6.35 385.0
2456265.82575 14.644 0.003 4.89 299.0
2456270.85030 14.647 0.003 6.63 290.0
2456274.83260 14.634 0.003 4.92 249.0
2456278.78030 14.630 0.003 4.91 244.0
2456282.80252 14.621 0.003 6.41 236.0
2456289.80508 14.562 0.003 3.75 816.0
2456299.78356 14.587 0.003 4.82 426.0
2456306.72370 14.588 0.003 5.26 282.0
2456329.64166 14.585 0.003 6.71 349.0
2456340.64462 14.600 0.003 4.30 193.0
2456363.54948 14.637 0.003 5.57 401.0
2456371.57231 14.632 0.003 4.70 446.0
2456378.55533 14.642 0.003 3.41 767.0
2456404.53824 14.620 0.003 5.78 508.0
2456509.93286 14.675 0.003 4.00 512.0
2456520.90609 14.671 0.003 4.57 347.0
2456531.91730 14.666 0.003 4.63 394.0
2456547.88402 14.663 0.003 5.20 249.0
2456561.85096 14.651 0.003 5.47 272.0
2456571.85777 14.643 0.003 4.32 302.0
2456578.87772 14.635 0.003 4.68 428.0
2456583.80456 14.623 0.003 4.57 520.0
2456608.84498 14.574 0.003 3.77 291.0
2456612.78124 14.578 0.003 4.31 416.0
2456616.74312 14.579 0.003 4.66 437.0
2456622.79707 14.565 0.003 5.60 248.0
2456628.82473 14.577 0.003 4.85 255.0
2456638.75055 14.564 0.003 4.07 314.0
2456645.74810 14.555 0.003 4.39 522.0
2456649.75504 14.572 0.003 4.71 279.0
2456654.77517 14.581 0.003 4.40 214.0
2456658.80257 14.583 0.003 4.63 199.0
2456662.78356 14.584 0.003 6.31 282.0
2456667.83849 14.602 0.003 5.88 388.0
2456673.77389 14.596 0.003 6.43 692.0
2456680.78277 14.619 0.003 5.35 401.0
2456690.67540 14.635 0.003 5.46 225.0
2456697.72396 14.626 0.003 4.75 387.0
2456705.68927 14.627 0.003 6.30 538.0
2456712.65649 14.632 0.003 5.51 291.0
2456722.61727 14.627 0.003 5.25 258.0
2456736.62842 14.630 0.003 7.77 466.0
2456742.57240 14.606 0.003 5.98 321.0
2456744.57824 14.597 0.003 5.37 389.0
2456745.54560 14.614 0.003 6.58 386.0
2456746.54869 14.614 0.003 1.41 416.0
2456123.93150 14.625 0.003 5.42 315.0
2456137.92947 14.615 0.003 5.43 362.0
2456165.93033 14.653 0.003 5.31 1275.0
2456171.89523 14.658 0.003 4.26 542.0
2456174.92161 14.673 0.003 6.71 1747.0
2456182.89258 14.682 0.003 5.16 212.0
2456191.89771 14.696 0.003 4.02 298.0
2456193.90574 14.669 0.003 3.84 1279.0
2456196.88738 14.699 0.003 4.24 374.0
2456202.84387 14.713 0.003 6.11 478.0
2456212.84342 14.696 0.003 5.73 391.0
2456219.82625 14.712 0.003 7.38 277.0
2456223.79760 14.690 0.003 4.21 405.0
2456224.86318 14.683 0.003 4.15 336.0
2456230.74397 14.676 0.003 4.90 682.0
2456231.76879 14.677 0.003 4.99 546.0
2456232.83484 14.679 0.003 4.31 392.0
2456234.84520 14.684 0.003 4.10 380.0
2456235.79259 14.687 0.003 3.73 393.0
2456239.81800 14.671 0.003 4.97 305.0
2456240.86123 14.690 0.003 5.99 357.0
2456242.85782 14.664 0.003 4.19 380.0
2456244.76697 14.669 0.003 5.09 225.0
2456248.80023 14.661 0.003 4.72 271.0
2456254.80074 14.651 0.003 4.68 249.0
2456257.82975 14.658 0.003 6.35 385.0
2456265.82575 14.644 0.003 4.89 299.0
2456270.85030 14.647 0.003 6.63 290.0
2456274.83260 14.634 0.003 4.92 249.0
2456278.78030 14.630 0.003 4.91 244.0
2456282.80252 14.621 0.003 6.41 236.0
2456289.80508 14.562 0.003 3.75 816.0
2456299.78356 14.587 0.003 4.82 426.0
2456306.72370 14.588 0.003 5.26 282.0
2456329.64166 14.585 0.003 6.71 349.0
2456340.64462 14.600 0.003 4.30 193.0
2456363.54948 14.637 0.003 5.57 401.0
2456371.57231 14.632 0.003 4.70 446.0
2456378.55533 14.642 0.003 3.41 767.0
2456404.53824 14.620 0.003 5.78 508.0
2456509.93286 14.675 0.003 4.00 512.0
2456520.90609 14.671 0.003 4.57 347.0
2456531.91730 14.666 0.003 4.63 394.0
2456547.88402 14.663 0.003 5.20 249.0
2456561.85096 14.651 0.003 5.47 272.0
2456571.85777 14.643 0.003 4.32 302.0
2456578.87772 14.635 0.003 4.68 428.0
2456583.80456 14.623 0.003 4.57 520.0
2456608.84498 14.574 0.003 3.77 291.0
2456612.78124 14.578 0.003 4.31 416.0
2456616.74312 14.579 0.003 4.66 437.0
2456622.79707 14.565 0.003 5.60 248.0
2456628.82473 14.577 0.003 4.85 255.0
2456638.75055 14.564 0.003 4.07 314.0
2456645.74810 14.555 0.003 4.39 522.0
2456649.75504 14.572 0.003 4.71 279.0
2456654.77517 14.581 0.003 4.40 214.0
2456658.80257 14.583 0.003 4.63 199.0
2456662.78356 14.584 0.003 6.31 282.0
2456667.83849 14.602 0.003 5.88 388.0
2456673.77389 14.596 0.003 6.43 692.0
2456680.78277 14.619 0.003 5.35 401.0
2456690.67540 14.635 0.003 5.46 225.0
2456697.72396 14.626 0.003 4.75 387.0
2456705.68927 14.627 0.003 6.30 538.0
2456712.65649 14.632 0.003 5.51 291.0
2456722.61727 14.627 0.003 5.25 258.0
2456736.62842 14.630 0.003 7.77 466.0
2456742.57240 14.606 0.003 5.98 321.0
2456744.57824 14.597 0.003 5.37 389.0
2456745.54560 14.614 0.003 6.58 386.0
2456746.54869 14.614 0.003 1.41 416.0
2456871.93743 14.637 0.003 6.79 845.0
2456888.90598 14.632 0.003 5.56 420.0
2456896.90615 14.613 0.003 4.98 421.0
2456907.88900 14.600 0.003 4.53 562.0
2456926.81818 14.570 0.003 4.07 328.0
2456932.82687 14.561 0.003 5.51 306.0
2456938.81231 14.551 0.003 5.01 667.0
2456942.80986 14.549 0.003 4.58 582.0
2456950.86069 14.542 0.003 4.07 390.0
2456956.86355 14.547 0.003 4.83 431.0
2456961.85818 14.534 0.003 4.30 461.0
2456967.72966 14.535 0.003 6.70 719.0
2456973.73511 14.542 0.003 4.95 316.0
2456980.77213 14.530 0.003 3.92 341.0
2456987.80312 14.529 0.003 5.68 368.0
2456992.77529 14.524 0.003 4.66 251.0
2456997.78107 14.513 0.003 4.79 668.0
2457002.72286 14.513 0.003 5.49 304.0
2457007.73412 14.525 0.003 5.01 313.0
2457013.68962 14.533 0.003 5.08 327.0
2457016.79324 14.523 0.003 4.99 317.0
2457020.79780 14.532 0.003 4.60 606.0
2457024.77316 14.550 0.003 6.55 395.0
2457028.72630 14.534 0.003 5.06 674.0
2457032.78063 14.546 0.003 5.43 312.0
2457037.75603 14.558 0.003 4.77 347.0
2457042.75364 14.577 0.003 4.81 161.0
2457047.71677 14.576 0.003 4.04 612.0
2457051.74537 14.573 0.003 4.27 409.0
2457056.68575 14.594 0.003 4.95 694.0
2457062.67741 14.588 0.003 5.37 433.0
2457069.67406 14.598 0.003 4.65 427.0
2457080.60095 14.619 0.003 5.12 424.0
2457083.62769 14.610 0.003 5.04 500.0
2457086.63675 14.628 0.003 3.99 916.0
2457091.61665 14.618 0.003 4.47 410.0
2457103.58754 14.616 0.003 3.85 317.0
2457112.59481 14.642 0.003 6.07 598.0
2457115.59136 14.626 0.003 5.45 767.0
2457119.54938 14.622 0.003 5.54 643.0
2457126.54038 14.611 0.003 5.29 337.0
2457131.54488 14.612 0.003 4.98 606.0
2457134.51519 14.624 0.003 5.56 449.0
2457137.54506 14.619 0.003 5.18 516.0
2457143.50967 14.630 0.003 7.37 954.0
2457278.86152 14.643 0.003 6.40 333.0
2457292.84953 14.638 0.003 5.59 649.0
2457294.81321 14.623 0.003 5.18 591.0
2457297.81195 14.625 0.003 6.22 424.0
2457304.89090 14.615 0.003 6.17 456.0
2457312.80832 14.621 0.003 5.79 325.0
2457322.76336 14.620 0.003 5.40 763.0
2457327.86989 14.615 0.003 6.45 780.0
2457339.77389 14.635 0.003 4.30 311.0
2457345.73250 14.644 0.003 6.23 272.0
2457354.80934 14.654 0.003 4.59 574.0
2457361.83218 14.652 0.003 5.89 384.0
2457366.70479 14.667 0.003 4.84 257.0
2457373.85830 14.672 0.003 5.42 497.0
2457377.83003 14.658 0.003 5.16 355.0
2457382.72825 14.656 0.003 5.09 565.0
2457385.74174 14.658 0.003 5.80 333.0
2457390.76356 14.649 0.003 4.81 274.0
2457399.76813 14.670 0.003 7.13 383.0
2457403.78350 14.647 0.003 4.75 357.0
2457408.73080 14.647 0.003 4.87 632.0
2457410.73219 14.640 0.003 4.72 820.0
2457413.69491 14.640 0.003 6.95 452.0
2457416.70184 14.636 0.003 4.49 463.0
2457424.64421 14.621 0.003 5.01 273.0
2457427.67994 14.615 0.003 4.61 447.0
2457431.61823 14.601 0.003 3.96 470.0
2457433.66088 14.622 0.003 5.33 250.0
2457435.66396 14.610 0.003 4.10 475.0
2457437.61705 14.613 0.003 4.73 364.0
2457439.67084 14.622 0.003 5.26 638.0
2457441.60542 14.606 0.003 4.47 713.0
2457443.64139 14.613 0.003 4.52 546.0
2457445.60964 14.596 0.003 5.81 352.0
2457447.64185 14.595 0.003 3.53 318.0
2457449.64702 14.594 0.003 5.31 381.0
2457453.62238 14.592 0.003 5.75 212.0
2457457.61539 14.589 0.003 4.12 290.0
2457462.63612 14.580 0.003 4.30 349.0
2457466.58349 14.582 0.003 5.88 558.0
2457472.59027 14.581 0.003 5.80 651.0
2457476.54600 14.572 0.003 5.34 269.0
2457488.49967 14.576 0.003 5.34 339.0
2457499.52278 14.582 0.003 5.11 773.0
2457508.46827 14.609 0.003 4.22 731.0
2457637.91608 14.602 0.003 5.06 993.0
2457638.89476 14.605 0.003 5.74 360.0
2457645.87033 14.590 0.003 4.70 425.0
2457648.86488 14.593 0.003 4.37 589.0
2457651.87826 14.582 0.003 4.36 386.0
2457655.88109 14.582 0.003 4.13 319.0
2457660.83388 14.587 0.003 6.91 288.0
2457663.85059 14.578 0.003 3.56 269.0
2457667.88758 14.567 0.003 4.04 318.0
2457673.83098 14.564 0.003 4.78 243.0
2457684.84899 14.555 0.003 6.43 387.0
2457691.79421 14.572 0.003 5.60 213.0
2457700.79673 14.562 0.003 5.09 425.0
2457705.76889 14.590 0.003 4.65 660.0
2457709.72378 14.580 0.003 4.28 353.0
2457713.81691 14.588 0.003 5.61 394.0
2457719.77968 14.584 0.003 5.76 274.0
2457724.73618 14.623 0.003 4.53 291.0
2457733.81582 14.614 0.003 4.60 512.0
2457737.73747 14.616 0.003 4.63 659.0
2457741.81433 14.621 0.003 5.22 365.0
2457747.78922 14.625 0.003 5.61 302.0
2457750.76275 14.632 0.003 6.96 225.0
2457755.72457 14.629 0.003 5.98 177.0
2457760.72765 14.645 0.003 4.99 338.0
2457764.78068 14.650 0.003 4.34 777.0
2457769.74082 14.645 0.003 5.06 398.0
2457775.74289 14.645 0.003 6.35 185.0
2457783.63357 14.651 0.003 4.56 262.0
2457787.71220 14.661 0.003 5.09 244.0
2457792.60100 14.643 0.003 3.77 421.0
2457796.62790 14.659 0.003 4.57 562.0
2457801.64474 14.641 0.003 5.01 413.0
2457812.59332 14.619 0.003 6.04 355.0
2457818.54783 14.628 0.003 3.97 409.0
2457823.56357 14.633 0.003 5.70 708.0
2457828.53950 14.619 0.003 5.58 410.0
2457837.52061 14.614 0.003 5.82 435.0
2457846.50654 14.614 0.003 6.56 484.0
2457856.52274 14.613 0.003 6.04 657.0
2457870.49276 14.620 0.003 4.64 513.0
2458010.88269 14.702 0.003 6.17 289.0
2458018.90454 14.682 0.003 5.95 983.0
2458029.89195 14.676 0.003 4.61 485.0
2458065.78490 14.654 0.003 4.64 402.0
2458070.69882 14.659 0.003 4.48 388.0
2458075.74141 14.653 0.003 5.21 288.0
2458080.83926 14.644 0.003 4.06 265.0
2458085.86263 14.653 0.003 6.58 1495.0
2458091.70643 14.629 0.003 5.52 878.0
2458096.77900 14.632 0.003 4.42 369.0
2458101.71414 14.617 0.003 4.08 295.0
2458109.73733 14.617 0.003 5.54 187.0
2458115.78077 14.602 0.003 4.58 212.0
2458128.70696 14.587 0.003 4.34 186.0
2458136.69676 14.573 0.003 4.18 410.0
2458142.69149 14.573 0.003 4.26 427.0
2458147.65762 14.568 0.003 6.30 509.0
2458153.63420 14.565 0.003 3.63 374.0
2458172.59100 14.577 0.003 5.10 409.0
2458176.58833 14.575 0.003 5.66 447.0
2458186.60620 14.584 0.003 6.42 253.0
2458197.50482 14.605 0.003 7.14 338.0
2458205.55590 14.612 0.003 5.86 597.0
2458209.55326 14.606 0.003 5.65 695.0
2458213.48693 14.634 0.003 6.69 501.0
2458220.55781 14.633 0.003 6.16 372.0
2458226.53462 14.634 0.003 5.94 479.0
2458230.53241 14.653 0.003 4.63 594.0
2458236.49282 14.672 0.003 5.00 925.0
2458357.87606 14.636 0.003 4.72 484.0
2458364.90259 14.629 0.003 4.43 281.0
2458371.83325 14.616 0.003 4.69 348.0
2458382.86368 14.641 0.003 4.33 310.0
2458393.86592 14.636 0.003 3.97 354.0
2458404.77978 14.630 0.003 6.07 227.0
2458408.81390 14.630 0.003 5.00 321.0
2458411.77265 14.664 0.003 6.08 462.0
2458415.75399 14.654 0.003 5.35 771.0
2458419.75105 14.656 0.003 5.23 475.0
2458423.76128 14.663 0.003 5.16 407.0
2458469.80085 14.684 0.003 5.26 277.0
2458472.79877 14.680 0.003 4.03 530.0
2458475.71862 14.661 0.003 4.33 765.0
2458478.76674 14.682 0.003 4.89 416.0
2458481.74404 14.668 0.003 5.06 542.0
2458484.77181 14.670 0.003 4.25 477.0
2458488.76809 14.669 0.003 5.53 272.0
2458493.73111 14.659 0.003 6.27 241.0
2458499.76298 14.665 0.003 5.57 373.0
2458504.75917 14.657 0.003 3.73 216.0
2458513.76120 14.652 0.003 6.08 337.0
2458516.76798 14.651 0.003 4.58 233.0
2458518.60622 14.642 0.003 4.55 181.0
2458521.62337 14.640 0.003 4.11 224.0
2458525.67005 14.627 0.003 4.32 254.0
2458529.61670 14.631 0.003 4.48 319.0
2458536.67958 14.617 0.003 4.55 535.0
2458541.54183 14.627 0.003 5.33 264.0
2458545.59421 14.613 0.003 5.14 280.0
2458552.54032 14.613 0.003 6.06 376.0
2458559.54875 14.608 0.003 5.64 488.0
2458563.55986 14.615 0.003 3.97 713.0
2458568.55259 14.612 0.003 4.04 317.0
2458575.51095 14.629 0.003 5.51 321.0
2458582.50976 14.635 0.003 5.00 593.0
2458587.51788 14.607 0.003 6.04 426.0
2458602.49079 14.647 0.003 5.01 402.0
2458704.91585 14.655 0.003 7.70 467.0
2458711.92897 14.651 0.003 5.08 845.0
2458716.90224 14.658 0.003 4.32 460.0
2458725.87995 14.641 0.003 6.67 302.0
2458728.87251 14.641 0.003 4.90 250.0
2458736.88249 14.631 0.003 5.56 332.0
2458739.87397 14.635 0.003 6.46 466.0
2458741.86556 14.626 0.003 5.62 521.0
2458747.88969 14.613 0.003 6.80 337.0
2458753.88800 14.613 0.003 5.70 332.0
2458758.88025 14.615 0.003 5.84 315.0
2458763.82605 14.611 0.003 4.34 322.0
2458767.84919 14.612 0.003 4.51 437.0
2458771.86362 14.618 0.003 7.06 642.0
2458774.82549 14.621 0.003 5.79 454.0
2458777.81072 14.639 0.003 5.72 343.0
2458781.84277 14.623 0.003 3.94 324.0
2458785.75358 14.642 0.003 5.09 237.0
2458796.74338 14.674 0.003 4.59 569.0
2458799.74129 14.676 0.003 5.93 719.0
2458802.76053 14.670 0.003 4.11 514.0
2458805.77535 14.700 0.003 4.86 406.0
2458817.75728 14.694 0.003 4.19 333.0
2458823.71044 14.712 0.003 4.08 278.0
2458827.71544 14.702 0.003 4.16 462.0
2458830.71771 14.712 0.003 4.38 470.0
2458834.71050 14.714 0.003 5.37 320.0
2458838.73548 14.705 0.003 5.35 190.0
2458842.72578 14.709 0.003 4.75 174.0
2458846.68919 14.718 0.003 5.06 251.0
2458851.67791 14.712 0.003 5.06 230.0
2458857.72406 14.696 0.003 5.18 613.0
2458862.75323 14.706 0.003 6.98 454.0
2458871.55009 14.691 0.003 4.97 480.0
2458879.66238 14.682 0.003 5.51 261.0
2458889.59630 14.671 0.003 5.33 568.0
2458897.60814 14.669 0.003 4.76 303.0
2458904.58701 14.647 0.003 5.42 332.0
2458910.62136 14.642 0.003 6.14 271.0
2458916.58214 14.639 0.003 5.71 514.0
2458921.58348 14.629 0.003 5.69 378.0
