2455346.91893 14.775 0.003 5.70 1050.0
2455353.92913 14.782 0.003 4.04 651.0
2455362.93745 14.779 0.003 5.66 630.0
2455365.92021 14.780 0.003 5.84 568.0
2455376.92478 14.778 0.003 5.12 851.0
2455378.92596 14.786 0.003 5.07 515.0
2455380.89935 14.779 0.003 6.73 488.0
2455381.90824 14.790 0.003 6.27 697.0
2455382.93076 14.776 0.003 7.71 574.0
2455384.92933 14.782 0.003 6.99 566.0
2455385.92120 14.786 0.003 4.28 292.0
2455386.89157 14.774 0.003 3.87 322.0
2455387.90322 14.777 0.003 4.33 374.0
2455389.87445 14.785 0.003 4.68 329.0
2455390.87695 14.774 0.003 5.93 243.0
2455391.92902 14.786 0.003 4.29 279.0
2455393.89033 14.778 0.003 7.20 361.0
2455395.87629 14.778 0.003 7.34 467.0
2455399.81508 14.781 0.003 5.02 496.0
2455400.86958 14.775 0.003 4.90 665.0
2455401.85919 14.782 0.003 6.81 728.0
2455403.85583 14.775 0.003 4.49 872.0
2455404.83741 14.777 0.003 4.46 674.0
2455405.84303 14.778 0.003 4.04 531.0
2455407.87652 14.774 0.003 5.81 476.0
2455408.83370 14.775 0.003 4.68 562.0
2455409.83519 14.777 0.003 4.07 352.0
2455410.83676 14.772 0.003 4.72 432.0
2455411.82396 14.775 0.003 6.06 416.0
2455412.81790 14.775 0.003 6.19 359.0
2455414.81739 14.769 0.003 3.97 219.0
2455421.79276 14.771 0.003 5.43 276.0
2455422.88356 14.776 0.003 4.49 392.0
2455425.86830 14.770 0.003 6.24 263.0
2455426.83445 14.772 0.003 4.19 305.0
2455427.87000 14.780 0.003 3.59 497.0
2455428.77329 14.771 0.003 5.17 461.0
2455430.75457 14.768 0.003 5.64 605.0
2455432.80970 14.771 0.003 7.04 793.0
2455433.80308 14.777 0.003 4.86 708.0
2455434.77383 14.773 0.003 3.92 544.0
2455435.77040 14.770 0.003 4.10 475.0
2455436.77976 14.766 0.003 3.45 381.0
2455437.82210 14.773 0.003 3.88 450.0
2455438.75713 14.770 0.003 4.17 336.0
2455439.73646 14.770 0.003 5.30 377.0
2455443.73661 14.758 0.003 5.75 272.0
2455444.74508 14.757 0.003 6.47 339.0
2455445.76253 14.767 0.003 4.03 323.0
2455447.75022 14.769 0.003 4.90 354.0
2455448.71385 14.767 0.003 4.28 261.0
2455449.70872 14.765 0.003 4.92 246.0
2455450.75320 14.766 0.003 5.12 299.0
2455451.68578 14.766 0.003 4.36 312.0
2455453.78071 14.766 0.003 3.84 384.0
2455454.73075 14.769 0.003 4.08 411.0
2455455.77167 14.770 0.003 4.00 343.0
2455457.68221 14.769 0.003 3.85 376.0
2455458.71744 14.768 0.003 4.05 471.0
2455459.71732 14.766 0.003 3.73 548.0
2455462.67081 14.770 0.003 5.57 668.0
2455463.73196 14.768 0.003 5.22 625.0
2455464.76383 14.770 0.003 6.28 495.0
2455465.77126 14.767 0.003 6.55 528.0
2455467.69175 14.768 0.003 4.28 395.0
2455468.67162 14.772 0.003 6.32 321.0
2455469.71585 14.768 0.003 4.48 376.0
2455470.66618 14.770 0.003 4.52 280.0
2455471.66389 14.770 0.003 5.60 269.0
2455472.67155 14.769 0.003 5.78 329.0
2455473.69354 14.766 0.003 4.85 240.0
2455475.78724 14.772 0.003 4.65 330.0
2455476.68845 14.759 0.003 4.21 377.0
2455477.65445 14.767 0.003 3.59 328.0
2455478.61430 14.771 0.003 4.38 339.0
2455479.78561 14.768 0.003 5.25 278.0
2455480.62418 14.764 0.003 5.91 382.0
2455481.60100 14.778 0.003 6.77 378.0
2455482.61589 14.769 0.003 7.37 420.0
2455483.59171 14.760 0.003 5.74 422.0
2455484.61702 14.766 0.003 5.43 533.0
2455485.58773 14.772 0.003 5.96 504.0
2455487.63500 14.764 0.003 3.66 426.0
2455488.58106 14.776 0.003 4.03 686.0
2455489.60286 14.776 0.003 4.49 609.0
2455490.59989 14.769 0.003 4.84 655.0
2455491.58166 14.771 0.003 5.74 909.0
2455492.59282 14.770 0.003 4.82 704.0
2455493.56301 14.761 0.003 6.80 704.0
2455494.60382 14.765 0.003 4.83 639.0
2455495.59355 14.771 0.003 4.82 474.0
2455497.57299 14.775 0.003 5.57 494.0
2455498.58091 14.776 0.003 6.36 452.0
2455499.59139 14.771 0.003 5.67 390.0
2455502.59184 14.772 0.003 4.14 347.0
2455503.56238 14.768 0.003 5.11 386.0
2455504.57283 14.770 0.003 4.92 491.0
2455505.57404 14.770 0.003 5.32 505.0
2455506.57603 14.776 0.003 4.11 420.0
2455507.56063 14.772 0.003 5.15 428.0
2455508.54332 14.776 0.003 5.98 441.0
2455509.53652 14.773 0.003 4.43 492.0
2455510.57959 14.768 0.003 5.56 427.0
2455511.56539 14.781 0.003 5.76 431.0
2455512.55313 14.775 0.003 5.17 428.0
2455513.55363 14.770 0.003 5.45 442.0
2455514.61409 14.769 0.003 3.87 505.0
2455515.55569 14.774 0.003 7.39 490.0
2455516.54485 14.772 0.003 5.30 447.0
2455517.54166 14.763 0.003 5.21 483.0
2455518.55332 14.774 0.003 6.14 503.0
2455519.55077 14.773 0.003 6.91 574.0
2455521.55542 14.775 0.003 6.18 731.0
2455522.56264 14.772 0.003 3.92 1136.0
2455523.58681 14.765 0.003 5.55 562.0
2455525.52700 14.774 0.003 5.67 486.0
2455526.55615 14.775 0.003 4.86 408.0
2455527.55879 14.767 0.003 3.91 340.0
2455529.52740 14.770 0.003 5.65 427.0
2455530.57100 14.772 0.003 4.10 516.0
2455533.53501 14.769 0.003 5.49 359.0
2455534.57527 14.771 0.003 5.28 399.0
2455535.57855 14.773 0.003 5.20 427.0
2455539.56266 14.773 0.003 4.85 316.0
2455540.56793 14.774 0.003 4.85 412.0
2455542.53798 14.772 0.003 4.71 458.0
2455544.59450 14.773 0.003 4.61 428.0
2455546.53759 14.783 0.003 6.24 674.0
2455547.57603 14.771 0.003 4.84 467.0
2455550.58643 14.782 0.003 6.74 758.0
2455551.57969 14.775 0.003 5.83 918.0
2455554.57383 14.774 0.003 5.94 427.0
2455556.58322 14.778 0.003 5.43 333.0
2455558.56290 14.771 0.003 5.66 332.0
2455561.54983 14.775 0.003 6.19 415.0
2455563.55506 14.769 0.003 6.17 478.0
2455567.55839 14.770 0.003 5.21 269.0
2455570.61586 14.772 0.003 7.07 473.0
2455573.54592 14.775 0.003 6.49 378.0
2455578.54576 14.789 0.003 5.78 612.0
2455581.54870 14.787 0.003 6.63 825.0
2455583.54442 14.780 0.003 4.99 479.0
2455592.53812 14.786 0.003 4.85 326.0
2455699.87743 14.782 0.003 6.04 1091.0
2455700.92819 14.773 0.003 7.25 1524.0
2455724.85703 14.767 0.003 5.05 491.0
2455725.90181 14.770 0.003 4.38 543.0
2455727.94122 14.780 0.003 5.93 1666.0
2455729.91352 14.763 0.003 6.91 924.0
2455734.93822 14.771 0.003 4.90 574.0
2455737.91546 14.772 0.003 5.18 411.0
2455740.90505 14.766 0.003 5.08 464.0
2455740.93493 14.760 0.003 5.44 496.0
2455743.89385 14.776 0.003 6.08 474.0
2455744.91619 14.767 0.003 5.89 608.0
2455746.88512 14.771 0.003 6.82 447.0
2455748.92731 14.765 0.003 7.38 328.0
2455753.94079 14.775 0.003 7.04 541.0
2455756.79495 14.785 0.003 7.39 764.0
2455756.87597 14.774 0.003 6.76 906.0
2455757.80276 14.770 0.003 6.91 1568.0
2455757.83848 14.771 0.003 7.29 956.0
2455759.90595 14.777 0.003 5.48 713.0
2455762.82362 14.772 0.003 6.27 586.0
2455763.92702 14.783 0.003 6.10 467.0
2455764.84667 14.765 0.003 5.38 317.0
2455765.83187 14.767 0.003 5.45 456.0
2455766.84596 14.774 0.003 5.80 373.0
2455767.87854 14.771 0.003 6.38 398.0
2455768.87683 14.771 0.003 4.35 451.0
2455770.87773 14.771 0.003 4.82 253.0
2455776.87301 14.777 0.003 6.19 365.0
2455777.90347 14.764 0.003 5.93 359.0
2455782.86548 14.772 0.003 5.58 268.0
2455783.68157 14.770 0.003 5.93 1123.0
2455785.74678 14.769 0.003 5.20 541.0
2455786.79448 14.775 0.003 5.48 670.0
2455787.78973 14.765 0.003 5.03 632.0
2455788.80561 14.768 0.003 8.08 527.0
2455790.90806 14.762 0.003 4.82 402.0
2455793.81842 14.769 0.003 6.98 317.0
2455794.81045 14.768 0.003 5.98 337.0
2455795.82523 14.777 0.003 5.28 200.0
2455796.75931 14.773 0.003 6.43 437.0
2455798.83231 14.774 0.003 6.37 256.0
2455801.77278 14.772 0.003 7.98 218.0
2455802.76110 14.772 0.003 6.11 329.0
2455803.74647 14.768 0.003 5.07 340.0
2455804.82472 14.771 0.003 4.74 455.0
2455805.75526 14.773 0.003 4.57 407.0
2455806.76539 14.777 0.003 5.49 389.0
2455807.77739 14.773 0.003 6.03 337.0
2455809.75426 14.765 0.003 4.40 331.0
2455810.67235 14.771 0.003 4.40 376.0
2455811.65605 14.770 0.003 6.26 559.0
2455812.72095 14.766 0.003 5.32 465.0
2455813.72784 14.768 0.003 3.59 476.0
2455814.72779 14.770 0.003 6.65 531.0
2455815.77426 14.771 0.003 4.10 604.0
2455816.70501 14.765 0.003 5.94 590.0
2455817.72072 14.770 0.003 4.98 579.0
2455818.67339 14.773 0.003 5.30 682.0
2455819.71963 14.774 0.003 5.09 505.0
2455820.72019 14.771 0.003 5.64 468.0
2455822.70035 14.769 0.003 5.84 325.0
2455823.67447 14.773 0.003 5.24 300.0
2455824.69962 14.773 0.003 6.65 227.0
2455825.76227 14.766 0.003 4.88 263.0
2455826.67951 14.767 0.003 5.52 291.0
2455827.69438 14.774 0.003 4.88 311.0
2455828.69542 14.769 0.003 4.67 325.0
2455829.67616 14.765 0.003 3.70 366.0
2455830.67158 14.775 0.003 4.36 354.0
2455831.68415 14.777 0.003 4.68 328.0
2455832.64299 14.773 0.003 4.69 449.0
2455833.67978 14.777 0.003 4.23 319.0
2455835.64881 14.771 0.003 5.61 316.0
2455836.64207 14.762 0.003 4.23 353.0
2455837.63363 14.774 0.003 4.55 334.0
2455839.65084 14.771 0.003 5.13 337.0
2455840.68971 14.773 0.003 5.03 474.0
2455841.68794 14.774 0.003 5.86 540.0
2455842.71668 14.766 0.003 5.65 492.0
2455843.71085 14.772 0.003 5.02 515.0
2455844.67014 14.779 0.003 7.26 588.0
2455845.70967 14.766 0.003 6.55 709.0
2455846.65863 14.773 0.003 5.28 894.0
2455850.66096 14.775 0.003 5.02 422.0
2455851.67328 14.771 0.003 5.64 371.0
2455852.61113 14.766 0.003 6.16 423.0
2455853.69160 14.776 0.003 7.35 397.0
2455854.63119 14.770 0.003 4.79 428.0
2455855.73340 14.773 0.003 4.13 298.0
2455856.61282 14.774 0.003 4.70 374.0
2455857.60515 14.782 0.003 6.33 330.0
2455858.62403 14.766 0.003 6.76 281.0
2455860.61221 14.773 0.003 7.34 405.0
2455861.60931 14.768 0.003 4.47 356.0
2455862.59479 14.778 0.003 4.60 319.0
2455863.63369 14.777 0.003 5.18 385.0
2455864.55026 14.772 0.003 5.21 423.0
2455865.60362 14.769 0.003 4.70 500.0
2455866.58264 14.775 0.003 4.90 400.0
2455867.57109 14.774 0.003 4.06 436.0
2455868.61250 14.769 0.003 4.50 428.0
2455870.61388 14.776 0.003 3.87 481.0
2455871.55026 14.768 0.003 4.52 523.0
2455872.62939 14.774 0.003 4.26 522.0
2455873.58360 14.776 0.003 4.52 1014.0
2455874.64307 14.770 0.003 7.04 634.0
2455875.63146 14.770 0.003 4.59 612.0
2455878.59985 14.772 0.003 7.68 729.0
2455881.60142 14.775 0.003 6.04 400.0
2455882.66552 14.771 0.003 4.66 458.0
2455885.65685 14.770 0.003 6.18 400.0
2455888.65395 14.769 0.003 4.39 592.0
2455889.60310 14.775 0.003 5.69 475.0
2455890.63057 14.770 0.003 4.53 521.0
2455891.59183 14.774 0.003 6.02 496.0
2455893.55814 14.778 0.003 5.67 371.0
2455894.55877 14.768 0.003 4.70 350.0
2455895.53037 14.773 0.003 4.96 375.0
2455896.55899 14.778 0.003 5.78 419.0
2455897.56841 14.771 0.003 4.68 393.0
2455898.56604 14.771 0.003 6.02 550.0
2455899.56498 14.777 0.003 5.92 523.0
2455900.56733 14.776 0.003 5.17 480.0
2455901.54136 14.771 0.003 7.76 630.0
2455902.56733 14.775 0.003 7.16 589.0
2455903.60245 14.775 0.003 5.16 804.0
2455904.58303 14.774 0.003 4.97 602.0
2455905.53647 14.778 0.003 5.48 716.0
2455906.56751 14.779 0.003 5.22 1275.0
2455907.57920 14.771 0.003 6.00 547.0
2455909.56301 14.781 0.003 5.10 420.0
2455911.54078 14.772 0.003 5.81 418.0
2455913.57439 14.780 0.003 5.91 541.0
2455914.60608 14.769 0.003 3.87 380.0
2455915.57063 14.773 0.003 4.70 292.0
2455916.57363 14.776 0.003 5.06 362.0
2455917.57346 14.770 0.003 4.05 338.0
2455918.56973 14.778 0.003 5.39 346.0
2455922.59516 14.782 0.003 4.34 339.0
2455923.57615 14.775 0.003 4.10 327.0
2455924.54393 14.772 0.003 4.43 390.0
2455925.60483 14.778 0.003 5.35 447.0
2455926.61818 14.780 0.003 6.84 402.0
2455929.57234 14.782 0.003 7.02 434.0
2455931.60013 14.782 0.003 7.25 652.0
2455932.57115 14.785 0.003 5.04 688.0
2455933.64211 14.780 0.003 5.04 939.0
2455934.61884 14.775 0.003 3.61 820.0
2455935.58737 14.784 0.003 5.14 1029.0
2455936.59402 14.791 0.003 4.85 1729.0
2455936.62435 14.777 0.003 4.78 1798.0
2455937.59248 14.770 0.003 5.68 719.0
2455938.55257 14.771 0.003 5.89 433.0
2455939.61446 14.775 0.003 4.41 628.0
2455940.61347 14.761 0.003 4.74 349.0
2455941.57013 14.784 0.003 5.33 501.0
2455942.57292 14.778 0.003 4.71 369.0
2455943.60803 14.770 0.003 5.86 717.0
2455944.60161 14.771 0.003 4.80 336.0
2455945.58849 14.769 0.003 4.42 663.0
2455946.56713 14.774 0.003 5.64 347.0
2455947.59775 14.770 0.003 7.02 508.0
2455948.54569 14.778 0.003 5.61 353.0
2455950.54316 14.767 0.003 6.94 323.0
2455953.54167 14.770 0.003 4.78 536.0
2455955.57420 14.778 0.003 4.84 410.0
2455958.54628 14.771 0.003 5.83 392.0
2455961.53493 14.768 0.003 5.40 565.0
2455964.53666 14.764 0.003 6.58 898.0
2455973.54844 14.761 0.003 5.74 317.0
2455981.52513 14.763 0.003 7.25 502.0
2455984.51704 14.770 0.003 5.33 513.0
2456083.90366 14.764 0.003 5.05 765.0
2456084.87705 14.757 0.003 5.68 795.0
2456089.94526 14.777 0.003 5.58 1052.0
2456094.93315 14.765 0.003 5.29 435.0
2456097.94545 14.773 0.003 5.24 611.0
2456110.75283 14.769 0.003 5.49 791.0
2456115.92134 14.768 0.003 5.84 519.0
2456116.86182 14.766 0.003 4.38 428.0
2456124.94815 14.776 0.003 4.44 1048.0
2456131.83631 14.777 0.003 4.94 347.0
2456135.88493 14.768 0.003 5.56 359.0
2456140.79763 14.779 0.003 6.11 638.0
2456151.81573 14.773 0.003 5.32 357.0
2456159.83377 14.768 0.003 5.01 286.0
2456169.73590 14.766 0.003 4.81 772.0
2456181.69961 14.770 0.003 5.60 378.0
2456183.70464 14.765 0.003 4.39 177.0
2456187.70418 14.770 0.003 6.93 287.0
2456189.74909 14.758 0.003 8.49 295.0
2456195.78704 14.762 0.003 4.28 423.0
2456202.63047 14.759 0.003 6.52 622.0
2456207.75876 14.759 0.003 7.80 436.0
2456211.74346 14.759 0.003 5.48 350.0
2456211.77391 14.756 0.003 5.50 430.0
2456214.71404 14.767 0.003 6.80 290.0
2456216.71963 14.757 0.003 4.30 305.0
2456218.72220 14.750 0.003 6.83 326.0
2456219.73428 14.763 0.003 5.70 281.0
2456232.72862 14.759 0.003 5.58 558.0
2456234.74318 14.761 0.003 4.64 470.0
2456236.69816 14.766 0.003 4.38 448.0
2456239.64629 14.764 0.003 5.72 283.0
2456245.63268 14.757 0.003 4.61 408.0
2456248.52208 14.757 0.003 5.27 338.0
2456251.52271 14.751 0.003 4.06 384.0
2456254.52696 14.751 0.003 6.37 415.0
2456257.52712 14.745 0.003 5.17 568.0
2456262.53607 14.771 0.003 7.30 364.0
2456265.61727 14.752 0.003 4.49 280.0
2456270.58298 14.740 0.003 4.15 275.0
2456275.53832 14.754 0.003 5.26 360.0
2456283.54293 14.741 0.003 4.49 449.0
2456286.54383 14.741 0.003 5.53 535.0
2456290.57958 14.743 0.003 4.50 530.0
2456293.60129 14.743 0.003 5.17 384.0
2456296.59515 14.758 0.003 6.11 368.0
2456305.54507 14.751 0.003 6.22 320.0
2456438.85996 14.753 0.003 6.14 884.0
2456452.94571 14.756 0.003 4.05 848.0
2456463.95036 14.748 0.003 4.95 1212.0
2456467.86753 14.755 0.003 6.74 694.0
2456483.86387 14.740 0.003 7.22 373.0
2456491.89959 14.750 0.003 4.81 397.0
2456497.87878 14.748 0.003 5.51 574.0
2456505.86951 14.762 0.003 5.46 363.0
2456511.82435 14.753 0.003 5.53 238.0
2456518.81233 14.739 0.003 5.03 223.0
2456522.69595 14.739 0.003 5.24 485.0
2456525.79064 14.752 0.003 5.76 779.0
2456531.76228 14.751 0.003 7.31 285.0
2456532.72128 14.738 0.003 5.84 314.0
2456533.74761 14.733 0.003 4.33 235.0
2456534.74879 14.742 0.003 5.12 241.0
2456537.74640 14.745 0.003 6.55 235.0
2456539.80616 14.736 0.003 4.34 282.0
2456543.73259 14.736 0.003 4.59 253.0
2456545.70301 14.733 0.003 4.73 218.0
2456548.66690 14.747 0.003 4.74 290.0
2456555.72657 14.734 0.003 4.92 533.0
2456558.74568 14.737 0.003 3.89 401.0
2456564.62203 14.737 0.003 4.70 294.0
2456569.67249 14.746 0.003 4.25 223.0
2456573.65845 14.742 0.003 4.21 268.0
2456577.70011 14.744 0.003 4.70 291.0
2456586.59432 14.747 0.003 6.66 372.0
2456593.58682 14.748 0.003 5.68 341.0
2456603.51804 14.744 0.003 6.85 412.0
2456608.60688 14.736 0.003 4.07 445.0
2456611.58639 14.738 0.003 4.45 439.0
2456614.55397 14.738 0.003 5.39 552.0
2456616.57832 14.744 0.003 5.11 467.0
2456618.53263 14.741 0.003 6.54 317.0
2456622.60652 14.743 0.003 4.59 272.0
2456624.52693 14.743 0.003 6.28 348.0
2456629.57816 14.748 0.003 5.12 272.0
2456631.55535 14.739 0.003 5.85 361.0
2456633.56284 14.734 0.003 4.18 497.0
2456635.55530 14.743 0.003 5.27 377.0
2456637.57924 14.748 0.003 5.79 456.0
2456639.56920 14.753 0.003 5.66 421.0
2456641.55458 14.739 0.003 5.26 495.0
2456644.56002 14.743 0.003 5.57 475.0
2456645.56347 14.749 0.003 5.38 399.0
2456646.56890 14.753 0.003 4.99 406.0
2456647.55470 14.731 0.003 7.00 290.0
2456648.55257 14.741 0.003 6.23 394.0
2456649.70412 14.753 0.003 6.14 405.0
2456650.59622 14.743 0.003 4.11 327.0
2456651.59312 14.747 0.003 6.40 287.0
2456653.57563 14.739 0.003 5.58 272.0
2456655.56536 14.756 0.003 5.53 290.0
2456657.57656 14.746 0.003 4.78 389.0
2456660.57987 14.745 0.003 7.33 384.0
2456663.57353 14.742 0.003 6.34 361.0
2456666.60277 14.738 0.003 5.29 323.0
2456670.57962 14.741 0.003 5.36 520.0
2456676.53538 14.746 0.003 7.62 394.0
2456677.55443 14.743 0.003 4.96 375.0
2456678.54675 14.743 0.003 6.41 280.0
2456679.54802 14.747 0.003 6.01 305.0
2456680.55680 14.738 0.003 5.29 255.0
2456683.53772 14.741 0.003 6.37 378.0
2456687.54679 14.743 0.003 7.75 271.0
2456689.52487 14.761 0.003 7.07 1384.0
2456700.52073 14.753 0.003 5.37 1075.0
2456701.51948 14.754 0.003 6.88 1171.0
2456702.52114 14.739 0.003 7.69 1061.0
2456704.51961 14.748 0.003 7.91 964.0
2456793.91802 14.731 0.003 4.11 906.0
2456795.87069 14.742 0.003 5.11 996.0
2456828.94016 14.742 0.003 5.25 537.0
2456834.89939 14.738 0.003 5.42 729.0
2456839.91941 14.735 0.003 6.58 788.0
2456847.88069 14.734 0.003 3.81 383.0
2456855.92451 14.735 0.003 4.80 501.0
2456864.84128 14.748 0.003 5.39 394.0
2456870.84043 14.745 0.003 5.38 353.0
2456874.81184 14.747 0.003 6.40 290.0
2456879.81371 14.735 0.003 5.42 827.0
2456883.77401 14.747 0.003 4.57 507.0
2456887.77923 14.741 0.003 4.65 345.0
2456890.80863 14.747 0.003 6.14 412.0
2456896.77558 14.740 0.003 8.09 400.0
2456906.77110 14.731 0.003 7.39 509.0
2456910.73365 14.747 0.003 7.14 650.0
2456919.69780 14.740 0.003 5.97 265.0
2456923.68894 14.742 0.003 8.04 308.0
2456927.70951 14.743 0.003 6.30 362.0
2456931.68204 14.743 0.003 4.33 406.0
2456937.66612 14.742 0.003 4.62 721.0
2456941.63159 14.745 0.003 6.83 831.0
2456944.65343 14.748 0.003 4.29 352.0
2456950.64954 14.750 0.003 5.20 423.0
2456953.65667 14.750 0.003 5.24 339.0
2456956.62160 14.749 0.003 4.59 357.0
2456961.69890 14.741 0.003 6.05 432.0
2456965.56371 14.749 0.003 5.84 650.0
2456969.60052 14.751 0.003 6.04 577.0
2456973.55602 14.743 0.003 6.35 361.0
2456977.57552 14.752 0.003 6.41 345.0
2456980.55336 14.740 0.003 5.37 487.0
2456984.58585 14.744 0.003 4.51 423.0
2456988.60916 14.747 0.003 5.45 422.0
2456994.56643 14.749 0.003 5.27 500.0
2456998.56999 14.745 0.003 4.92 728.0
2457001.60509 14.740 0.003 7.62 414.0
2457006.53911 14.742 0.003 6.23 550.0
2457011.56819 14.751 0.003 5.56 383.0
2457013.54724 14.744 0.003 7.75 403.0
2457017.54710 14.748 0.003 5.55 406.0
2457029.54108 14.747 0.003 4.81 662.0
2457033.54998 14.745 0.003 6.73 545.0
2457039.54650 14.744 0.003 5.14 525.0
2457044.53702 14.748 0.003 5.83 424.0
2457190.93520 14.743 0.003 5.81 705.0
2457197.94177 14.740 0.003 6.93 486.0
2457204.87752 14.746 0.003 5.14 990.0
2457205.86325 14.747 0.003 5.04 1019.0
2457210.89641 14.739 0.003 5.29 577.0
2457217.91824 14.732 0.003 6.70 376.0
2457223.91286 14.740 0.003 7.13 353.0
2457229.88227 14.733 0.003 4.88 433.0
2457235.84499 14.739 0.003 4.91 785.0
2457249.79162 14.730 0.003 6.07 296.0
2457253.82696 14.737 0.003 5.22 265.0
2457258.78936 14.742 0.003 4.36 272.0
2457262.79072 14.732 0.003 5.37 583.0
2457265.78850 14.738 0.003 5.23 547.0
2457268.80731 14.736 0.003 4.44 382.0
2457274.76986 14.741 0.003 6.68 246.0
2457277.78226 14.738 0.003 7.55 272.0
2457287.69156 14.742 0.003 6.99 293.0
2457293.72309 14.736 0.003 4.53 938.0
2457298.71011 14.744 0.003 6.35 445.0
2457306.70417 14.727 0.003 6.54 339.0
2457312.63868 14.740 0.003 6.32 420.0
2457317.62575 14.739 0.003 6.03 601.0
2457324.59942 14.739 0.003 6.12 616.0
2457334.55478 14.737 0.003 5.36 411.0
2457339.58743 14.736 0.003 5.73 371.0
2457344.60281 14.729 0.003 5.65 418.0
2457348.58907 14.733 0.003 6.59 559.0
2457354.61717 14.722 0.003 5.54 550.0
2457357.57835 14.726 0.003 5.63 420.0
2457361.55998 14.733 0.003 5.13 325.0
2457364.55905 14.730 0.003 5.83 458.0
2457367.59163 14.729 0.003 5.01 328.0
2457374.59154 14.729 0.003 5.02 395.0
2457378.54154 14.733 0.003 5.04 611.0
2457383.56776 14.728 0.003 5.83 518.0
2457387.59312 14.729 0.003 5.41 319.0
2457390.54703 14.731 0.003 6.39 406.0
2457396.54729 14.734 0.003 5.76 398.0
2457401.53729 14.730 0.003 7.88 553.0
2457404.54389 14.735 0.003 4.34 482.0
2457407.55428 14.729 0.003 3.62 467.0
2457416.54409 14.732 0.003 7.18 364.0
2457433.52313 14.730 0.003 4.28 768.0
2457550.94621 14.741 0.003 6.74 1317.0
2457560.89673 14.739 0.003 6.12 685.0
2457567.93808 14.736 0.003 5.88 523.0
2457576.92946 14.741 0.003 6.35 378.0
2457583.87920 14.730 0.003 6.41 269.0
2457587.91057 14.728 0.003 5.33 496.0
2457593.86290 14.736 0.003 5.98 373.0
2457601.84400 14.737 0.003 5.94 364.0
2457604.80940 14.733 0.003 5.29 256.0
2457611.80621 14.730 0.003 5.61 307.0
2457617.80946 14.730 0.003 5.76 585.0
2457621.76510 14.726 0.003 6.91 405.0
2457622.77525 14.727 0.003 4.38 390.0
2457623.74418 14.730 0.003 5.49 283.0
2457624.76429 14.722 0.003 6.36 342.0
2457624.77924 14.731 0.003 6.42 336.0
2457625.75830 14.726 0.003 4.78 265.0
2457626.74200 14.731 0.003 5.10 324.0
2457629.79710 14.723 0.003 6.35 233.0
2457630.74546 14.721 0.003 6.05 255.0
2457631.79739 14.726 0.003 4.43 277.0
2457632.76582 14.723 0.003 4.95 308.0
2457633.80743 14.717 0.003 5.71 294.0
2457634.75019 14.722 0.003 5.40 291.0
2457635.78056 14.730 0.003 7.96 330.0
2457636.75711 14.715 0.003 6.64 264.0
2457637.72246 14.726 0.003 5.31 316.0
2457638.71921 14.725 0.003 4.75 330.0
2457639.74612 14.719 0.003 4.96 243.0
2457643.70148 14.723 0.003 6.48 394.0
2457644.72407 14.730 0.003 6.50 846.0
2457646.69017 14.723 0.003 5.90 643.0
2457647.71929 14.722 0.003 4.55 728.0
2457648.73320 14.724 0.003 4.87 698.0
2457649.74589 14.721 0.003 4.53 543.0
2457650.72670 14.722 0.003 5.65 417.0
2457651.73073 14.723 0.003 4.93 448.0
2457652.70458 14.722 0.003 4.47 323.0
2457653.73247 14.727 0.003 4.41 402.0
2457655.72544 14.723 0.003 6.19 255.0
2457656.69066 14.726 0.003 4.43 322.0
2457657.68496 14.720 0.003 4.79 306.0
2457658.69810 14.728 0.003 4.76 296.0
2457659.69504 14.728 0.003 4.76 358.0
2457660.67706 14.722 0.003 6.57 267.0
2457661.69737 14.725 0.003 4.41 247.0
2457662.71349 14.726 0.003 5.88 257.0
2457663.64278 14.727 0.003 4.53 276.0
2457664.66815 14.726 0.003 6.05 401.0
2457666.66570 14.721 0.003 5.33 300.0
2457667.65473 14.720 0.003 4.70 311.0
2457671.69031 14.726 0.003 4.34 345.0
2457679.77930 14.724 0.003 7.41 769.0
2457680.67002 14.717 0.003 7.70 513.0
2457681.71030 14.717 0.003 5.87 459.0
2457682.68667 14.721 0.003 3.98 408.0
2457683.63921 14.727 0.003 6.32 345.0
2457684.66062 14.727 0.003 6.12 387.0
2457686.64161 14.726 0.003 6.73 498.0
2457687.66543 14.728 0.003 5.38 504.0
2457689.65352 14.722 0.003 5.17 334.0
2457690.67846 14.734 0.003 5.11 416.0
2457691.62499 14.729 0.003 4.33 346.0
2457692.63217 14.731 0.003 7.62 373.0
2457697.63714 14.729 0.003 4.94 360.0
2457700.59323 14.723 0.003 6.11 507.0
2457704.54756 14.730 0.003 5.35 722.0
2457708.56935 14.732 0.003 5.46 636.0
2457712.57643 14.729 0.003 7.02 329.0
2457714.61324 14.732 0.003 6.99 304.0
2457716.59304 14.723 0.003 6.78 390.0
2457724.57958 14.726 0.003 5.53 270.0
2457734.58599 14.721 0.003 5.37 648.0
2457739.57083 14.730 0.003 5.45 368.0
2457744.53981 14.732 0.003 4.77 354.0
2457754.56438 14.727 0.003 5.49 345.0
2457758.56242 14.736 0.003 4.78 444.0
2457763.58238 14.728 0.003 4.47 768.0
2457767.54680 14.736 0.003 5.50 550.0
2457772.54418 14.736 0.003 6.63 427.0
2457923.93131 14.727 0.003 5.75 499.0
2457932.94336 14.731 0.003 6.54 630.0
2457938.89924 14.733 0.003 7.21 352.0
2457944.86040 14.728 0.003 5.19 606.0
2457948.86942 14.726 0.003 5.79 472.0
2457952.90315 14.729 0.003 6.73 309.0
2457957.93443 14.725 0.003 6.12 291.0
2457960.92247 14.731 0.003 4.98 308.0
2457964.91807 14.734 0.003 4.77 427.0
2457971.84873 14.737 0.003 5.28 601.0
2457973.81260 14.742 0.003 6.99 816.0
2457980.77928 14.731 0.003 5.05 493.0
2457983.80645 14.735 0.003 4.41 362.0
2457986.76382 14.736 0.003 4.70 313.0
2457991.80133 14.740 0.003 5.32 292.0
2457994.76822 14.741 0.003 5.86 397.0
2458001.74326 14.746 0.003 4.67 589.0
2458004.73410 14.744 0.003 6.38 604.0
2458010.71163 14.736 0.003 6.34 269.0
2458017.78081 14.743 0.003 6.71 341.0
2458020.76409 14.742 0.003 3.91 280.0
2458027.64365 14.748 0.003 6.83 576.0
2458031.79270 14.741 0.003 6.48 877.0
2458034.68063 14.741 0.003 7.15 511.0
2458037.67004 14.749 0.003 6.45 336.0
2458040.77739 14.745 0.003 5.36 311.0
2458043.66965 14.728 0.003 5.32 276.0
2458046.60975 14.741 0.003 5.86 412.0
2458053.66441 14.745 0.003 5.01 391.0
2458057.63842 14.745 0.003 4.43 503.0
2458062.54990 14.746 0.003 6.03 816.0
2458064.55574 14.742 0.003 6.84 402.0
2458067.58394 14.743 0.003 4.28 428.0
2458071.54966 14.739 0.003 5.28 286.0
2458075.56286 14.751 0.003 5.81 311.0
2458080.55540 14.745 0.003 4.34 436.0
2458085.55897 14.745 0.003 5.84 563.0
2458090.58442 14.746 0.003 6.75 735.0
2458094.56737 14.742 0.003 5.00 300.0
2458103.53826 14.745 0.003 4.67 319.0
2458110.58287 14.738 0.003 6.11 535.0
2458115.57353 14.746 0.003 5.04 363.0
2458122.57027 14.750 0.003 4.84 480.0
2458132.59850 14.754 0.003 4.56 307.0
2458136.54668 14.748 0.003 6.85 409.0
2458138.55761 14.743 0.003 6.11 603.0
2458139.58371 14.743 0.003 5.04 366.0
2458140.56840 14.752 0.003 4.81 482.0
2458142.53049 14.749 0.003 7.32 1239.0
2458284.93872 14.754 0.003 4.88 387.0
2458291.92463 14.754 0.003 4.72 382.0
2458306.88215 14.757 0.003 6.73 423.0
2458311.87816 14.760 0.003 4.37 410.0
2458312.89133 14.764 0.003 5.26 284.0
2458318.90411 14.765 0.003 8.09 344.0
2458328.81698 14.759 0.003 7.15 716.0
2458332.82552 14.762 0.003 4.91 390.0
2458335.84521 14.754 0.003 5.54 466.0
2458336.87482 14.758 0.003 4.12 442.0
2458340.81457 14.760 0.003 4.65 258.0
2458344.76998 14.758 0.003 4.58 239.0
2458347.75704 14.760 0.003 4.73 207.0
2458355.79445 14.761 0.003 4.10 544.0
2458358.78903 14.762 0.003 5.85 592.0
2458362.79805 14.764 0.003 6.90 337.0
2458366.84856 14.762 0.003 5.66 298.0
2458371.75309 14.768 0.003 4.31 252.0
2458376.72705 14.761 0.003 6.90 330.0
2458383.68008 14.770 0.003 4.56 545.0
2458385.70714 14.769 0.003 4.14 586.0
2458393.70463 14.764 0.003 4.72 191.0
2458406.64287 14.761 0.003 7.23 317.0
2458410.63832 14.769 0.003 5.28 426.0
2458415.59320 14.759 0.003 6.32 794.0
2458422.77257 14.769 0.003 5.70 394.0
2458423.58954 14.763 0.003 5.48 319.0
2458424.64905 14.759 0.003 4.21 409.0
2458426.62251 14.757 0.003 4.56 357.0
2458427.57623 14.759 0.003 5.25 319.0
2458430.60655 14.754 0.003 4.66 276.0
2458432.57290 14.764 0.003 5.29 276.0
2458432.59118 14.760 0.003 5.61 264.0
2458436.52688 14.763 0.003 7.79 412.0
2458436.64229 14.754 0.003 6.89 317.0
2458437.60629 14.757 0.003 4.50 472.0
2458440.57993 14.756 0.003 3.68 478.0
2458441.61036 14.758 0.003 5.28 576.0
2458442.56999 14.757 0.003 4.98 548.0
2458443.54176 14.753 0.003 5.42 551.0
2458444.60173 14.759 0.003 5.23 647.0
2458444.60509 14.754 0.003 4.25 630.0
2458444.63220 14.756 0.003 5.16 754.0
2458445.63653 14.753 0.003 5.46 753.0
2458446.64519 14.753 0.003 3.55 603.0
2458447.56437 14.758 0.003 4.84 534.0
2458448.53752 14.756 0.003 4.79 286.0
2458448.55264 14.761 0.003 4.06 281.0
2458449.58843 14.754 0.003 3.84 359.0
2458450.59384 14.760 0.003 4.92 313.0
2458451.55915 14.759 0.003 4.67 478.0
2458451.60233 14.759 0.003 4.52 431.0
2458452.60553 14.752 0.003 4.10 386.0
2458453.59860 14.757 0.003 4.50 401.0
2458454.56411 14.753 0.003 4.70 297.0
2458454.63365 14.756 0.003 4.64 327.0
2458456.66416 14.751 0.003 7.45 276.0
2458457.60635 14.757 0.003 6.61 355.0
2458458.67129 14.759 0.003 7.77 350.0
2458459.60452 14.760 0.003 6.28 280.0
2458461.55725 14.753 0.003 6.49 279.0
2458461.60841 14.757 0.003 5.60 265.0
2458462.57405 14.755 0.003 6.95 269.0
2458464.60244 14.754 0.003 4.91 361.0
2458465.56378 14.751 0.003 4.59 237.0
2458465.60670 14.750 0.003 4.31 244.0
2458467.61079 14.753 0.003 4.34 323.0
2458468.56192 14.757 0.003 5.50 353.0
2458469.55691 14.750 0.003 5.93 363.0
2458471.57760 14.752 0.003 4.65 452.0
2458472.58077 14.754 0.003 5.28 565.0
2458473.55372 14.748 0.003 4.42 589.0
2458474.56705 14.749 0.003 6.09 579.0
2458475.56038 14.752 0.003 4.39 633.0
2458476.55207 14.759 0.003 5.90 492.0
2458477.56080 14.761 0.003 4.83 258.0
2458478.56204 14.760 0.003 5.00 231.0
2458479.56673 14.759 0.003 4.29 238.0
2458480.55481 14.760 0.003 4.62 298.0
2458481.54173 14.764 0.003 4.35 368.0
2458482.54447 14.759 0.003 5.11 326.0
2458483.55931 14.762 0.003 4.84 364.0
2458484.55666 14.762 0.003 4.40 239.0
2458487.54650 14.761 0.003 5.09 311.0
2458488.53265 14.761 0.003 4.12 1143.0
2458491.54575 14.764 0.003 6.18 309.0
2458495.55703 14.762 0.003 6.55 329.0
2458496.56859 14.759 0.003 5.74 295.0
2458500.54361 14.758 0.003 6.24 427.0
2458503.56044 14.766 0.003 4.25 763.0
2458504.56906 14.763 0.003 3.93 912.0
2458507.56562 14.761 0.003 4.96 526.0
2458510.57439 14.761 0.003 5.93 280.0
2458511.56880 14.755 0.003 4.85 507.0
2458516.56061 14.761 0.003 6.80 342.0
2458643.92372 14.753 0.003 5.10 369.0
2458648.93494 14.751 0.003 5.72 390.0
2458650.92818 14.746 0.003 6.94 758.0
2458655.93022 14.754 0.003 5.35 520.0
2458663.90877 14.749 0.003 7.32 393.0
2458667.88171 14.753 0.003 5.88 340.0
2458669.88588 14.744 0.003 5.72 287.0
2458676.87277 14.750 0.003 5.22 383.0
2458683.86221 14.752 0.003 5.85 440.0
2458691.88876 14.732 0.003 4.17 332.0
2458695.83519 14.744 0.003 4.64 298.0
2458701.80903 14.743 0.003 4.84 352.0
2458705.79530 14.745 0.003 6.51 288.0
2458711.80266 14.751 0.003 6.70 1153.0
2458715.77961 14.742 0.003 4.58 340.0
2458719.78823 14.746 0.003 5.08 269.0
2458723.75148 14.743 0.003 4.33 250.0
2458727.73483 14.744 0.003 5.18 238.0
2458734.71057 14.745 0.003 7.39 377.0
2458738.72016 14.750 0.003 7.23 616.0
2458741.70055 14.743 0.003 5.45 547.0
2458746.73910 14.735 0.003 6.71 324.0
2458750.69582 14.740 0.003 5.40 226.0
2458755.70044 14.743 0.003 4.74 286.0
2458759.65115 14.745 0.003 6.97 306.0
2458762.63682 14.733 0.003 5.43 335.0
2458764.63928 14.737 0.003 6.84 360.0
2458768.63292 14.735 0.003 7.00 528.0
2458772.69469 14.741 0.003 7.33 481.0
2458774.65032 14.742 0.003 5.84 420.0
2458775.60836 14.737 0.003 6.65 292.0
2458777.62074 14.740 0.003 5.96 337.0
2458780.57717 14.743 0.003 5.07 488.0
2458783.62781 14.742 0.003 4.14 225.0
2458786.58135 14.742 0.003 6.65 308.0
2458791.60340 14.732 0.003 6.07 400.0
2458791.67814 14.743 0.003 6.31 433.0
2458794.55888 14.743 0.003 5.07 404.0
2458797.57364 14.739 0.003 4.16 661.0
2458800.61671 14.737 0.003 5.72 839.0
2458803.60215 14.736 0.003 6.58 433.0
2458806.59497 14.742 0.003 4.75 307.0
2458810.57260 14.739 0.003 4.09 336.0
2458816.55442 14.739 0.003 5.70 373.0
2458821.55387 14.746 0.003 7.56 367.0
2458821.62409 14.750 0.003 6.29 365.0
2458824.55880 14.737 0.003 5.30 437.0
2458827.56142 14.735 0.003 6.47 522.0
2458828.62356 14.740 0.003 4.97 674.0
2458831.55826 14.741 0.003 5.02 372.0
2458836.55841 14.742 0.003 5.43 336.0
2458840.56342 14.743 0.003 5.20 293.0
2458844.56052 14.746 0.003 5.09 226.0
2458848.59324 14.747 0.003 5.00 318.0
2458857.57788 14.744 0.003 6.40 704.0
2458862.59113 14.747 0.003 4.93 415.0
2458869.57316 14.741 0.003 6.34 308.0
